# NaN NaN NaN ;Mean Elev.(m), Avg Gradient(m/km), RMS Gradient(m/km) - SRTM1     
#   17.277  -2.067   3.485 ;Mean Elev.(m), Avg Gradient(m/km), RMS Gradient(m/km) - ASTER GDEM
#   40.082  -2.872   7.414 ;Mean Elev.(m), Avg Gradient(m/km), RMS Gradient(m/km) - GMTED2010 
   1 231.191270  65.685545    84.286    82.036  5 54667.91829528 16.873
   2 231.193726  65.686131    74.449    74.642  5 54677.83393985  6.768
   3 231.189995  65.688217    -5.975    -6.003  5 54687.74958252 14.329
   4 231.192509  65.689326    79.235    81.127  6 54697.66522395  9.606
   5 231.191450  65.688734    -5.471    -0.333  6 54707.58086567 14.545
   6 231.191301  65.686213    81.625    81.847  4 54717.49651766  9.747
   7 231.189795  65.683681    -4.517   -13.247  5 54727.41216697 25.980
   8 231.192278  65.682581    82.945    82.308  5 54737.32781493  5.409
   9 231.191729  65.683681    84.324    81.932  4 54747.24346212 21.488
  10 231.190052  65.685221    68.006    68.467  5 54757.15910879 17.782
  11 231.191459  65.685285    79.305    79.065  4 54767.07475387 27.032
  12 231.191246  65.683767    77.137    78.947  5 54776.99039563 16.380
  13 231.192258  65.682013    83.179    83.957  4 54786.90603513 19.749
  14 231.192263  65.681882    84.530    86.586  4 54796.82167337 18.255
  17 231.193526  65.686762    42.676    40.683  5 54826.56859705 19.904
  18 231.193471  65.686010    57.039    56.845  5 54836.48423634 17.610
  19 231.191973  65.685741    54.899    54.446  5 54846.39988576 16.223
  20 231.191011  65.686175    53.713    56.571  5 54856.31553453 15.208
  21 231.192034  65.687227    66.437    68.725  5 54866.23118343 11.994
  22 231.190809  65.687612    70.121    69.252  5 54876.14683163  9.909
  23 231.192494  65.686605    73.605    74.175  5 54886.06247726  9.085
  24 231.192084  65.684523    75.262    75.436  4 54895.97811931  9.402
  25 231.192162  65.682711    76.745    76.451  5 54905.89375875  8.222
  26 231.191999  65.682470    77.211    77.216  4 54915.80939699  8.101
  27 231.190744  65.683610    76.766    77.908  5 54925.72503483  7.715
  28 231.190323  65.684815    75.481    74.993  4 54935.64067206  7.721
  29 231.192136  65.684991    76.717    77.116  5 54945.55630762  6.015
  30 231.192113  65.684089    80.669    80.543  5 54955.47194052 11.771
  31 231.193070  65.682585    84.841    84.882  4 54965.38758813 10.861
  32 231.191855  65.682511    83.921    83.912  5 54975.30323597 16.835
  33 231.190784  65.683928    78.594    80.113  5 54985.21888351 16.825
  34 231.189816  65.685602    32.821    32.772  5 54995.13453102 34.528
  35 231.189367  65.686474    80.692    80.323  5 55005.05017715  6.736
  36 231.190969  65.686326    83.918    83.864  4 55014.96582136 16.331
  37 231.189206  65.686311    80.650    80.022  5 55024.88146386 29.098
  38 231.192241  65.686709    83.946    81.171  5 55034.79710628 22.558
  39 231.192275  65.687458    79.673    79.739  5 55044.71274769  6.991
  40 231.190017  65.687667    76.328    77.690  5 55054.62838721 14.951
  41 231.188408  65.686451    81.782    81.898  5 55064.54402459  6.892
  42 231.192962  65.684272    78.503    79.554  5 55074.45967202  9.634
  43 231.190664  65.683253    81.467    81.999  5 55084.37531980  7.011
  44 231.191265  65.683312    83.070    83.617  5 55094.29096619  9.273
  45 231.189725  65.683976    84.031    84.267  5 55104.20661221  6.762
  46 231.192160  65.684114    70.269    70.293  5 55114.12225840 13.570
  47 231.191611  65.683737    72.941    74.177  4 55124.03790188 20.494
  48 231.190044  65.683183    78.306    76.872  4 55133.95354247 17.531
  49 231.192137  65.682527    79.982    82.808  5 55143.86918129 23.423
  50 231.192178  65.683110    78.164    78.023  4 55153.78481929 19.392
  51 231.191148  65.684396    76.030    76.166  5 55163.70045754 14.312
  52 231.190732  65.685865    84.661    86.077  4 55173.61609558 13.080
  53 231.188245  65.686839    76.197    75.910  5 55183.53173333 11.216
  54 231.193323  65.686401    82.269    88.663  5 55193.44738506 10.343
  55 231.191617  65.686696    83.829    88.386  5 55203.36303485 13.486
  56 231.191394  65.687244    83.012    86.268  5 55213.27868408 11.883
  57 231.190492  65.687397    82.612    86.144  5 55223.19433279 14.573
  58 231.190335  65.686284    79.445    85.329  5 55233.10998015  9.654
  59 231.191905  65.684279    75.221    74.149  5 55243.02562450 10.494
  60 231.191241  65.682760    74.908    72.492  5 55252.94126540 11.313
  61 231.192543  65.682396    72.451    76.531  4 55262.85690431 10.392
  62 231.192318  65.683600    74.910    75.373  4 55272.77254209 11.214
  63 231.191397  65.684607    74.868    76.305  4 55282.68817956  9.556
  64 231.190058  65.684537    76.934    76.403  5 55292.60381581  8.482
  65 231.192756  65.683335    31.463    31.587  5 55302.51945169 30.118
  66 231.190153  65.682477    84.686    84.942  4 55312.43509923 11.122
  67 231.191161  65.682691    81.357    81.286  4 55322.35074472 24.336
  68 231.191311  65.683934    83.362    82.793  4 55332.26638884  9.511
  69 231.190588  65.685254    79.997    80.039  4 55342.18203284 24.498
  70 231.188521  65.685814    79.977    80.536  5 55352.09767650 23.392
  71 231.192938  65.685481    79.633    80.574  5 55362.01331861  7.184
  72 231.192746  65.685772    70.750    72.867  5 55371.92895826 10.369
  74 231.189879  65.688049    77.257    77.132  5 55391.76023378  7.148
  75 231.188491  65.688400    76.848    76.088  5 55401.67586986 17.816
  76 231.188384  65.686686    79.968    79.525  5 55411.59152004 21.658
  77 231.189860  65.683970    80.645    80.247  4 55421.50717001 11.839
  78 231.189922  65.682275    73.730    74.971  4 55431.42281693  8.338
  79 231.192844  65.682484    87.020    85.362  4 55441.33846180 21.438
  80 231.189362  65.684258    74.332    75.581  5 55451.25410447  6.015
  81 231.191463  65.685127    76.565    76.499  4 55461.16974701  7.593
  82 231.191515  65.684400    71.846    70.345  5 55471.08538811  7.666
  83 231.190309  65.683020    76.682    78.033  5 55481.00102619 12.618
  84 231.193417  65.681857    65.634    64.052  4 55490.91666223 16.397
  85 231.192115  65.682951    80.134    80.508  5 55500.83229579 25.428
  86 231.190099  65.685032    79.216    79.198  5 55510.74793835 24.644
  87 231.193103  65.686156    83.177    85.488  5 55520.66358833 12.708
  88 231.188598  65.686778    77.871    76.071  5 55530.57923659 10.485
  89 231.191647  65.685887    74.839    75.814  5 55540.49488393  9.604
  90 231.188643  65.685781    76.714    76.525  5 55550.41052851 11.024
  91 231.189799  65.686332    74.988    75.861  5 55560.32617181 11.626
  92 231.188466  65.687692    75.437    75.442  5 55570.24181401  9.978
  93 231.188999  65.687888    75.620    76.130  5 55580.15745541  9.327
  94 231.191713  65.685974    76.019    75.849  5 55590.07309429 10.387
  95 231.189960  65.683542    78.593    78.394  4 55599.98872967  7.726
  96 231.190654  65.682036    78.535    77.972  4 55609.90436296  7.232
  97 231.191324  65.682976    75.932    76.420  4 55619.81999477  7.676
  98 231.189724  65.685181    74.652    73.130  5 55629.73564490  7.883
  99 231.190661  65.686171    70.404    70.143  5 55639.65129597  7.789
 100 231.191720  65.684955    70.759    70.730  4 55649.56694476  7.278
 101 231.191205  65.682549    78.060    78.233  5 55659.48259015  6.438
 102 231.192340  65.681200    71.681    71.566  4 55669.39823195  6.983
 103 231.191750  65.682475    75.820    75.774  5 55679.31387131  5.983
 104 231.189828  65.685328    31.362    31.304  5 55689.22950852 18.794
 105 231.190691  65.687304    81.223    82.732  5 55699.14514455 12.764
 106 231.193756  65.687282    80.697    80.720  5 55709.06078245 31.195
 107 231.193292  65.686125    78.558    79.809  5 55718.97643306  9.260
 108 231.192253  65.685613    80.651    81.012  5 55728.89208116 27.218
 109 231.192180  65.686094    75.139    75.638  5 55738.80772790  8.045
 110 231.190212  65.687124    85.781    89.215  5 55748.72337322 29.445
 111 231.188969  65.687214    76.919    76.694  5 55758.63901635  9.448
 112 231.191612  65.685596    67.957    67.941  5 55768.55465711  8.369
 113 231.191813  65.683330    80.255    80.148  4 55778.47029452 19.052
 114 231.192151  65.681941    69.675    70.762  5 55788.38592932  8.454
 115 231.191994  65.682822    83.553    80.816  5 55798.30156263 26.732
 116 231.191173  65.684674    68.784    69.775  4 55808.21720705  8.671
 117 231.191567  65.686038    80.789    74.235  5 55818.13285594  9.389
 118 231.190565  65.685526    77.256    79.519  5 55828.04850084  7.217
 119 231.192635  65.683547    77.249    77.987  5 55837.96414173  8.330
 120 231.191894  65.682160    76.703    75.184  5 55847.87977927  4.454
 121 231.190564  65.683330    70.736    70.838  5 55857.79541446 16.820
 122 231.189470  65.685772    79.418    79.329  5 55867.71106015 21.788
 123 231.191702  65.687551    79.514    80.176  5 55877.62671225 20.872
 133 231.191474  65.682938    75.234    78.171  5 55976.78314244  8.721
 134 231.193223  65.684636    80.426    84.902  5 55986.69877884 10.121
 135 231.189720  65.686044    82.780    86.753  5 55996.61441598 11.875
 136 231.188897  65.685234    75.023    75.368  5 56006.53006756  8.402
 137 231.190031  65.683397    76.417    76.279  4 56016.44571526  8.529
 139 231.192772  65.683439    80.179    79.381  5 56036.27700290  7.844
 141 231.192314  65.687271    84.154    81.811  5 56056.10828152 10.678
 142 231.191566  65.687921    78.228    79.952  5 56066.02391529 12.573
 143 231.193632  65.686958    78.171    81.531  5 56075.93956219 18.850
 144 231.188152  65.686735    80.951    81.446  5 56085.85521091  8.279
 145 231.193566  65.686055    82.850    82.850  5 56095.77085828 24.490
 146 231.190383  65.686285    81.985    83.249  5 56105.68650272  7.170
 147 231.190602  65.685604    72.671    70.602  4 56115.60213304  6.672
 148 231.190504  65.684765    76.223    77.136  4 56125.51777116  7.022
 149 231.190186  65.683789    69.343    70.558  5 56135.43340528  8.849
 150 231.189716  65.683450    76.060    77.308  4 56145.34904718  7.424
 151 231.191795  65.683589    83.351    83.783  5 56155.26469719 13.192
 152 231.191636  65.684464    79.569    79.563  4 56165.18034593  7.158
 153 231.189866  65.685065    81.946    80.730  5 56175.09599234 17.635
 154 231.189261  65.684890    83.283    83.461  5 56185.01163379 11.085
 155 231.192107  65.683841    83.716    83.626  4 56194.92727181 10.215
 156 231.192268  65.683760    78.166    78.910  4 56204.84290666 10.049
 157 231.189104  65.685273    79.213    78.979  5 56214.75853968 28.973
 158 231.191070  65.687112    78.853    78.874  5 56224.67417660 28.652
 159 231.190229  65.687962    80.945    79.462  5 56234.58983226 21.988
 160 231.191256  65.687623    82.662    80.343  5 56244.50548420 17.226
 161 231.192934  65.686708    77.635    75.228  5 56254.42113126 13.556
 162 231.188901  65.686808    76.137    76.100  5 56264.33677355 13.590
 165 231.189645  65.685186    76.765    76.528  5 56294.08371001 12.409
 166 231.192018  65.683244    77.030    76.683  5 56303.99935715 12.387
 167 231.191894  65.682511    74.468    73.946  5 56313.91500007 12.504
 168 231.189596  65.683426    75.430    76.161  4 56323.83064070 12.186
 169 231.190464  65.684715    76.605    76.285  5 56333.74628097 10.218
 170 231.191107  65.685196    76.654    76.890  5 56343.66192065  8.804
 171 231.191475  65.684825    74.799    74.610  5 56353.57755804  8.555
 172 231.191240  65.683942    80.011    80.600  5 56363.49320107  8.210
 173 231.190247  65.683704    78.600    78.561  4 56373.40885004  8.288
 175 231.192519  65.685901    77.188    77.202  5 56393.24014048  7.660
 176 231.189720  65.687118    77.250    77.171  5 56403.15578255  6.591
 177 231.190562  65.687373    73.401    76.431  5 56413.07142211  5.873
 178 231.190949  65.687081    82.381    82.357  5 56422.98705670  3.295
 179 231.191145  65.686843    84.290    84.294  5 56432.90269958 20.781
 180 231.190263  65.686714    81.054    80.460  5 56442.81835197 23.951
 181 231.190872  65.686826    81.309    81.384  5 56452.73400195 28.426
 182 231.189156  65.686222    81.227    81.473  5 56462.64964919 26.143
 184 231.192791  65.682782    71.861    68.493  4 56482.48093433 12.467
 185 231.192219  65.682641    94.385    93.331  5 56492.39657127 27.746
 187 231.190492  65.685992    77.291    81.341  5 56512.22783835 12.113
 188 231.191972  65.686232    78.349    81.464  5 56522.14348553 11.814
 189 231.192892  65.685039    79.583    82.103  5 56532.05913823 12.938
 191 231.190259  65.683690    76.012    74.743  5 56551.89043176 12.904
 192 231.189721  65.685271    79.844    79.824  5 56561.80607437 23.780
 193 231.193772  65.687010    82.267    81.972  5 56571.72171625  8.246
 194 231.190168  65.688601    74.801    74.315  5 56581.63735573 25.642
 195 231.193327  65.688017    73.812    74.615  5 56591.55299167 17.565
 196 231.188602  65.686897    73.899    75.662  5 56601.46864040 18.582
 197 231.191068  65.685742    78.931    81.799  5 56611.38429049 20.995
 198 231.190188  65.686457    80.539    80.716  5 56621.29993561 20.122
 199 231.188993  65.687383    77.660    78.136  5 56631.21557767 18.214
 200 231.189800  65.687054    81.076    80.886  5 56641.13121604 15.531
 201 231.188926  65.684992    82.531    82.897  5 56651.04686377 12.106
 202 231.193101  65.682334    79.388    79.715  4 56660.96251454  9.097
 203 231.193421  65.681791    78.714    77.638  4 56670.87816162  9.058
 205 231.192487  65.685766    83.042    83.396  5 56690.70944963 12.168
 206 231.190321  65.686535    82.205    82.067  5 56700.62508918 13.614
 207 231.192535  65.685095    83.039    84.031  5 56710.54072446  9.259
 208 231.190943  65.683807    79.127    78.013  5 56720.45636709  7.579
 209 231.192268  65.683509    31.923    31.923  4 56730.37201923 22.104
 211 231.193808  65.687608    77.308    77.851  5 56750.20331133  8.331
 212 231.189591  65.688969    86.628    88.088  5 56760.11894997 12.836
 213 231.188339  65.688444    86.002    86.263  4 56770.03458252  7.753
 214 231.191499  65.686283    76.376    75.764  5 56779.95023436 14.056
 215 231.192655  65.685021    81.681    81.783  5 56789.86588982 27.032
 216 231.193078  65.685147    80.589    81.824  5 56799.78154191 12.790
 217 231.189580  65.686409    77.856    76.868  5 56809.69718714 10.784
 219 231.193039  65.684745    79.092    79.691  5 56829.52846444  8.396
 220 231.190689  65.683061    31.950    31.957  4 56839.44409763 28.852
 221 231.192152  65.682644    84.618    81.837  4 56849.35973074 25.078
 222 231.192109  65.683873    75.928    76.985  5 56859.27538518  7.818
 223 231.189330  65.686148    69.077    66.260  5 56869.19103838 21.488
 224 231.190323  65.686748    99.149   100.712  5 56879.10668968  9.507
 225 231.190839  65.685547    67.356    63.913  4 56889.02233757 13.173
 226 231.191473  65.683739    79.834    80.444  5 56898.93798280 21.341
 227 231.192516  65.683588    71.462    70.017  5 56908.85362565 11.742
 228 231.191534  65.685626    80.582    81.434  5 56918.76926638  9.879
 229 231.189574  65.688329    73.399    77.111  5 56928.68490496 15.930
 230 231.191965  65.689294    78.694    78.668  6 56938.60053969 22.484
 231 231.190786  65.688602    81.144    80.220  6 56948.51617380 27.239
 232 231.189854  65.686431    81.239    80.208  5 56958.43182688 24.349
 233 231.190726  65.685093    80.207    82.455  5 56968.34747483 23.866
 234 231.192107  65.685372    81.126    83.642  5 56978.26311879 18.864
 235 231.188412  65.686743    83.912    85.515  5 56988.17875775 16.845
 236 231.191007  65.686812    85.630    86.609  4 56998.09439120 17.446
 237 231.189644  65.685459    81.672    85.872  5 57008.01003990 17.588
 238 231.191789  65.683265    83.399    86.651  5 57017.92569341 13.857
 239 231.191580  65.682590    82.785    85.021  5 57027.84134337 14.683
 240 231.190194  65.683935    83.307    85.285  4 57037.75699143 16.908
 241 231.191091  65.685595    86.369    87.440  4 57047.67263718 14.487
 242 231.189609  65.686695    82.540    85.490  5 57057.58827898 12.601
 243 231.190675  65.686064    85.052    85.967  4 57067.50391554 13.762
 244 231.190953  65.685449    84.870    86.231  5 57077.41954770 10.726
 245 231.193454  65.685563    80.788    80.917  5 57087.33517982 11.400
 246 231.193202  65.686718    82.202    82.670  5 57097.25083846 12.574
 248 231.192245  65.688578    81.744    78.335  5 57117.08214502  5.079
 249 231.188655  65.687812    80.826    80.188  5 57126.99778942 15.125
 250 231.193125  65.685966    72.913    72.732  5 57136.91342921 10.701
