# NaN NaN NaN ;Mean Elev.(m), Avg Gradient(m/km), RMS Gradient(m/km) - SRTM1     
#  131.440  -0.638   3.813 ;Mean Elev.(m), Avg Gradient(m/km), RMS Gradient(m/km) - ASTER GDEM
#  144.083  -0.718   2.315 ;Mean Elev.(m), Avg Gradient(m/km), RMS Gradient(m/km) - GMTED2010 
   1 241.995952  61.445133   141.534   141.536  7 54667.75755991 21.082
   2 241.992973  61.445609   141.926   142.033  7 54677.67320407 52.027
   3 241.987480  61.445662    -9.356    -9.315  6 54687.58884662  0.808
   4 241.990479  61.447019   140.850   140.857  7 54697.50448822 22.402
   5 241.999724  61.448262     2.742     2.752  4 54707.42013065  2.423
   6 241.993930  61.444612   140.907   140.919  7 54717.33578153 22.431
   7 241.994629  61.443129    11.878    11.879  6 54727.25143077  1.546
   8 241.995816  61.443918   141.150   141.162  8 54737.16707876 51.566
   9 241.995045  61.445903   140.994   140.963  7 54747.08272636 28.795
  10 241.991069  61.446631   140.505   140.674  7 54756.99837315 27.838
  11 241.990018  61.446057   140.987   140.999  7 54766.91401816 51.173
  12 241.992732  61.444388   141.143   141.176  7 54776.82966016 51.393
  13 241.997943  61.443637   140.724   140.698  7 54786.74530005 48.241
  14 241.997165  61.442948   141.021   140.970  8 54796.66093816 47.105
  17 241.993921  61.445618   141.484   141.465  7 54826.40786132 29.493
  18 241.993163  61.445841   141.517   141.495  7 54836.32350047 25.669
  19 241.991385  61.446462   141.325   141.287  7 54846.23914990 22.045
  20 241.989128  61.447199   141.157   141.164  7 54856.15479872 17.870
  21 241.989803  61.449078   141.150   141.158  7 54866.07044795 17.737
  22 241.986025  61.448180   141.007   141.036  6 54875.98609599 17.797
  23 241.988790  61.447682   141.078   141.112  7 54885.90174178 17.454
  24 241.991349  61.446169   141.104   141.109  7 54895.81738396 17.665
  25 241.994124  61.445342   141.078   141.100  7 54905.73302353 16.604
  26 241.996159  61.445601   141.105   141.107  7 54915.64866193 16.304
  27 241.992482  61.445004   141.097   141.083  6 54925.56429938 17.957
  28 241.992846  61.445205   141.225   141.260  7 54935.47993658 10.358
  29 241.992932  61.443872   140.844   140.734  7 54945.39557164 21.737
  30 241.997012  61.442282   142.212   142.184  7 54955.31120456 36.944
  31 241.997766  61.441670   143.542   143.573  8 54965.22685169 48.575
  32 241.996121  61.442055   142.874   142.853  7 54975.14249960 34.131
  33 241.993993  61.443541   142.482   142.506  7 54985.05814739 52.172
  34 241.994152  61.445416   129.341   129.353  7 54994.97379541 16.466
  35 241.990634  61.445327   142.184   142.219  7 55004.88944143 45.008
  36 241.991968  61.446171   142.649   142.743  7 55014.80508582 27.280
  37 241.991042  61.446210   142.418   142.723  7 55024.72072846 26.131
  38 241.989012  61.446549   142.031   142.034  7 55034.63637044 38.970
  39 241.989209  61.446840   142.139   142.187  6 55044.55201184 53.477
  40 241.992542  61.446416   141.645   141.718  7 55054.46765173 33.308
  41 241.995055  61.444415   141.277   141.201  7 55064.38328912 23.333
  42 241.995247  61.443320   141.229   141.208  7 55074.29893560 31.950
  43 241.993713  61.443136   141.737   141.762  7 55084.21458341 52.070
  44 241.995049  61.444905   141.367   141.373  7 55094.13023022 32.356
  45 241.995607  61.446087   141.353   140.997  7 55104.04587680 21.366
  46 241.994965  61.446180   140.615   140.638  7 55113.96152294 24.364
  47 241.992610  61.444503   141.251   141.173  7 55123.87716625 52.778
  48 241.994201  61.443757   140.804   140.853  7 55133.79280718 32.026
  49 241.995725  61.443427   141.072   141.039  7 55143.70844596 45.705
  50 241.995635  61.443872   141.092   140.985  8 55153.62408400 43.274
  51 241.992826  61.443749   140.876   140.805  7 55163.53972203 48.528
  52 241.994551  61.444797   142.135   142.171  7 55173.45536034 37.125
  53 241.993459  61.444083   141.778   141.771  7 55183.37099779 28.411
  54 241.994594  61.445758   141.806   141.820  7 55193.28664926 26.185
  55 241.990866  61.446516   141.665   141.625  7 55203.20229897 24.547
  56 241.988316  61.447492   141.489   141.504  7 55213.11794821 20.941
  57 241.986477  61.447361   141.363   141.368  6 55223.03359697 21.105
  58 241.992958  61.448073   141.328   141.340  7 55232.94924516 21.665
  59 241.993793  61.445820   141.409   141.398  7 55242.86488927 21.789
  60 241.993948  61.444353   141.351   141.363  7 55252.78053010 21.857
  61 241.994320  61.444728   141.346   141.374  8 55262.69616892 21.367
  62 241.991672  61.445079   141.281   141.272  7 55272.61180643 18.838
  63 241.991178  61.444891   141.420   141.420  7 55282.52744381 17.962
  64 241.995359  61.444410   141.517   141.515  7 55292.44308036 12.443
  65 241.997457  61.442509   141.682   141.714  7 55302.35871551 31.397
  66 241.998151  61.442312   142.875   142.916  7 55312.27436317 38.302
  67 241.998616  61.443555   144.122   144.104  7 55322.19000874 54.656
  68 241.993061  61.443771   142.100   141.989  7 55332.10565250 52.249
  69 241.995410  61.446154   141.039   141.024  7 55342.02129725 49.851
  70 241.994407  61.446026   141.917   142.022  7 55351.93694118 24.266
  71 241.991987  61.444847   142.965   142.839  7 55361.85258265 24.588
  72 241.994264  61.445694   141.645   141.619  7 55371.76822272 47.346
  74 241.991334  61.446374   141.449   141.487  7 55391.59949831 53.881
  75 241.994659  61.446459   140.301   140.209  7 55401.51513477 29.750
  76 241.995880  61.445131   141.148   141.179  7 55411.43078447 54.674
  77 241.995061  61.442705   140.725   140.790  7 55421.34643378 23.834
  78 241.997084  61.442509   141.008   140.919  8 55431.26208076 54.762
  79 241.995550  61.443786   141.102   141.214  8 55441.17772543 53.245
  80 241.991633  61.444809   141.477   141.928  7 55451.09336840 27.594
  81 241.991783  61.445608   142.300   143.515  7 55461.00901110 24.408
  82 241.995152  61.444928   140.899   140.867  7 55470.92465267 50.800
  83 241.998497  61.443398   141.170   140.776  7 55480.84029115 22.922
  84 241.998021  61.441583   140.526   140.493  8 55490.75592675 33.107
  85 241.999314  61.442397   140.337   140.428  7 55500.67156070 30.260
  86 241.994144  61.443253   140.630   140.673  7 55510.58720281 40.734
  87 241.993681  61.445538   140.993   141.017  7 55520.50285271 42.960
  88 241.992645  61.446027   140.723   140.683  8 55530.41850129 31.434
  89 241.994522  61.446300   140.688   140.652  7 55540.33414845 28.827
  90 241.993365  61.445954   140.544   140.529  7 55550.24979313 27.863
  91 241.990831  61.446479   140.442   140.427  7 55560.16543623 27.825
  92 241.988218  61.447107   140.347   140.346  7 55570.08107855 27.077
  93 241.988516  61.446905   140.308   140.290  7 55579.99672006 27.245
  94 241.994756  61.446003   140.352   140.378  7 55589.91235928 26.975
  95 241.995228  61.442061   140.338   140.329  7 55599.82799448 23.780
  96 241.999308  61.440917   140.353   140.332  7 55609.74362796 23.737
  97 241.999744  61.441500   140.349   140.335  7 55619.65925977 19.824
  98 241.995585  61.443826   140.380   140.396  8 55629.57490953 18.873
  99 241.991886  61.444482   140.335   140.325  7 55639.49056013 19.273
 100 241.994979  61.444327   140.430   140.414  8 55649.40620890 17.916
 101 241.998748  61.443083   140.678   140.666  7 55659.32185437 17.118
 102 241.997112  61.441625   139.780   139.738  7 55669.23749566 16.045
 103 241.997069  61.443095   140.882   140.910  7 55679.15313531 34.122
 104 241.993007  61.444137   141.413   141.390  7 55689.06877266 35.817
 105 241.992246  61.445056   141.782   141.578  7 55698.98440887 41.406
 106 241.993834  61.444806   143.814   143.814  7 55708.90004650 24.296
 107 241.995990  61.445231   143.625   143.536  7 55718.81569749 23.028
 108 241.996019  61.445730   141.376   141.374  7 55728.73134579 55.740
 109 241.992523  61.445867   141.466   141.439  7 55738.64699221 51.286
 110 241.990858  61.446613   141.594   141.632  7 55748.56263760 52.743
 111 241.990268  61.446167   141.755   141.323  6 55758.47828062 26.215
 112 241.994665  61.445345   141.174   141.073  7 55768.39392130 21.895
 113 241.997785  61.443155   141.112   141.159  7 55778.30955857 22.000
 114 241.998019  61.441069   141.164   141.155  7 55788.22519310 26.123
 115 241.999878  61.441867   141.061   141.047  7 55798.14082684 39.994
 116 241.994984  61.442655   140.881   140.897  7 55808.05647094 26.105
 117 241.993726  61.444156   140.883   140.878  7 55817.97212010 20.591
 118 241.995258  61.443695   141.286   141.318  7 55827.88776542 40.186
 119 241.995838  61.441656   140.858   140.786  7 55837.80340608 21.111
 120 241.998244  61.440865   141.178   141.154  7 55847.71904391 30.245
 121 241.996964  61.441295   141.305   141.347  7 55857.63467922 50.191
 122 241.995750  61.444024   141.097   141.011  7 55867.55032488 52.221
 123 241.991648  61.445647   143.273   143.275  7 55877.46597661 37.983
 133 241.996678  61.443218   141.514   141.534  7 55976.62240724 15.877
 134 241.995674  61.443818   141.474   141.479  8 55986.53804337 16.371
 135 241.997444  61.444214   141.440   141.427  7 55996.45368058 16.282
 136 241.997211  61.443931   141.359   141.334  7 56006.36933202 16.431
 137 241.996796  61.442820   141.581   141.577  7 56016.28497929 16.907
 139 241.994266  61.444136   141.697   141.687  7 56036.11626671 10.521
 141 241.991393  61.445680   142.532   142.487  7 56055.94754575 38.446
 142 241.992565  61.445067   141.817   141.810  7 56065.86317981 47.219
 143 241.991944  61.444695   141.898   141.912  7 56075.77882614 49.543
 144 241.991512  61.445352   143.335   143.702  6 56085.69447543 25.954
 145 241.992011  61.445928   141.939   141.865  7 56095.61012235 50.719
 146 241.993029  61.446015   141.966   141.715  7 56105.52576711 23.027
 147 241.992767  61.444582   142.197   142.342  7 56115.44139709 53.699
 148 241.996569  61.444010   141.624   141.618  7 56125.35703537 30.383
 149 241.998270  61.442590   141.443   141.453  7 56135.27266940 24.643
 150 241.997216  61.442175   141.278   141.276  8 56145.18831093 32.790
 151 241.996381  61.443329   141.685   141.694  7 56155.10396100 52.982
 152 241.995039  61.444352   141.301   141.281  8 56165.01961000 29.887
 153 241.994467  61.444611   141.767   141.706  7 56174.93525681 47.636
 154 241.995172  61.444060   140.906   141.011  7 56184.85089851 21.466
 155 241.997445  61.443583   141.512   141.474  7 56194.76653655 39.177
 156 241.996013  61.442877   141.478   141.505  7 56204.68217126 54.195
 157 241.996101  61.443587   141.201   141.047  8 56214.59780470 32.528
 158 241.995113  61.444400   140.966   140.948  7 56224.51344102 34.218
 159 241.992201  61.445218   141.226   141.257  6 56234.42909656 46.762
 160 241.990911  61.445321   140.927   140.913  7 56244.34474823 47.613
 161 241.991280  61.445467   141.162   141.020  7 56254.26039518 45.439
 162 241.991326  61.445774   142.158   142.107  7 56264.17603795 29.759
 165 241.992966  61.444831   142.089   142.044  7 56293.92297466 26.569
 166 241.994244  61.443719   141.888   141.854  7 56303.83862167 26.035
 167 241.995302  61.443687   141.734   141.723  7 56313.75426476 19.831
 168 241.993776  61.444171   141.717   141.669  7 56323.66990551 20.685
 169 241.994228  61.445345   141.616   141.643  7 56333.58554582 20.978
 170 241.993712  61.444704   141.555   141.557  7 56343.50118521 21.516
 171 241.997246  61.444043   141.568   141.570  7 56353.41682266 21.629
 172 241.994978  61.442201   141.573   141.571  7 56363.33246484 25.945
 173 241.996074  61.443555   141.598   141.585  7 56373.24811408 21.439
 175 241.991266  61.446597   142.127   142.132  7 56393.07940450  2.588
 176 241.993253  61.447733   141.854   141.868  7 56402.99504736  5.798
 177 241.990839  61.446163   141.094   141.208  7 56412.91068664 21.484
 178 241.993133  61.444959   142.678   142.687  7 56422.82632140 35.764
 179 241.993606  61.444981   143.546   143.743  7 56432.74196397 27.061
 180 241.992276  61.446338   142.217   142.199  8 56442.65761645 53.197
 181 241.989680  61.446871   142.343   142.335  7 56452.57326613 51.644
 182 241.993305  61.447279   142.400   142.426  7 56462.48891379 53.971
 183 241.991952  61.444698   142.398   142.484  7 56472.40455735 53.263
 184 241.996558  61.443781   142.266   142.122  7 56482.32019821 44.832
 185 241.997099  61.443261   142.076   141.994  7 56492.23583516 38.906
 187 241.995735  61.443864   141.549   141.499  8 56512.06710273 20.185
 188 241.995279  61.444020   141.532   141.519  8 56521.98274961 24.898
 189 241.996894  61.444184   141.328   141.273  7 56531.89840260 20.704
 191 241.995121  61.443636   141.185   141.155  7 56551.72969641 20.781
 192 241.994897  61.445921   141.179   141.188  7 56561.64533937 20.538
 193 241.992469  61.447437   141.548   141.603  7 56571.56098085 52.201
 194 241.988749  61.446818   140.986   140.907  6 56581.47662027 27.352
 195 241.991735  61.445492   140.810   140.835  7 56591.39225598 22.599
 196 241.995154  61.445307   141.195   141.061  7 56601.30790501 34.987
 197 241.995903  61.445805   143.219   143.228  7 56611.22355501 33.218
 198 241.991977  61.446085   142.346   142.340  7 56621.13920003 25.499
 199 241.990748  61.446770   142.470   142.454  7 56631.05484237 22.368
 200 241.991160  61.445573   142.155   142.166  7 56640.97048081 20.155
 201 241.994531  61.444147   141.965   141.921  7 56650.88612858 21.272
 202 241.996174  61.442910   141.793   141.810  7 56660.80177907 21.632
 203 241.996578  61.443328   141.791   141.815  7 56670.71742624 20.260
 205 241.990818  61.445891   141.793   141.827  7 56690.54871404 20.575
 206 241.992906  61.445984   141.869   141.878  7 56700.46435393 20.178
 207 241.997295  61.444472   141.774   141.752  7 56710.37998910 20.155
 208 241.998095  61.443427   141.942   141.944  7 56720.29563130 19.806
 209 241.996671  61.444647   129.342   129.346  7 56730.21128333 13.625
 211 241.990536  61.448570   141.703   141.684  7 56750.04257561 19.397
 212 241.988692  61.447856   141.758   141.753  7 56759.95821466 16.473
 213 241.991275  61.445930   141.228   141.180  7 56769.87384753 22.822
 214 241.992174  61.445118   141.897   141.951  7 56779.78949861 25.954
 215 241.994085  61.446307   142.692   142.675  7 56789.70515427 35.499
 216 241.989477  61.446679   142.035   142.477  7 56799.62080589 25.209
 217 241.988251  61.447694   142.201   142.344  7 56809.53645146 26.007
 219 241.991899  61.445000   141.862   141.953  7 56829.36772818 44.175
 220 241.997339  61.442976   129.151   129.526  7 56839.28336173 17.984
 221 241.998440  61.441662   141.273   141.316  7 56849.19899427 21.209
 222 241.994647  61.443456   141.138   141.205  7 56859.11464874 19.026
 223 241.994008  61.446460   140.874   140.910  7 56869.03030271 19.481
 224 241.990964  61.446705   141.369   141.350  7 56878.94595390 53.375
 225 241.994278  61.446921   140.783   140.763  7 56888.86160225 22.752
 226 241.993954  61.445561   140.926   140.874  7 56898.77724732 42.062
 227 241.991371  61.445388   140.473   140.439  6 56908.69288989 23.595
 228 241.991014  61.447371   141.073   140.945  6 56918.60853095 51.858
 229 241.986159  61.447518   140.633   140.569  6 56928.52416931 24.273
 230 241.989949  61.448084   140.674   140.777  6 56938.43980423 31.364
 231 241.994514  61.446787   140.930   140.930  7 56948.35543819 48.470
 232 241.994917  61.445834   140.815   140.841  7 56958.27109125 49.243
 233 241.992000  61.444713   139.964   139.900  7 56968.18673876 30.949
 234 241.992021  61.445474   141.281   141.266  7 56978.10238288 36.801
 235 241.992558  61.446154   141.256   141.255  8 56988.01802259 36.405
 236 241.992420  61.444558   140.959   140.934  7 56997.93365587 34.412
 237 241.997075  61.444636   141.136   141.098  7 57007.84930480 32.496
 238 241.997744  61.443896   141.016   141.036  7 57017.76495820 31.423
 239 241.995533  61.443512   140.903   140.918  7 57027.68060794 30.554
 240 241.994184  61.445020   140.836   140.830  8 57037.59625616 27.900
 241 241.990822  61.445622   140.820   140.865  6 57047.51190153 27.227
 242 241.990780  61.445744   140.699   140.662  6 57057.42754340 27.479
 243 241.994983  61.445400   140.643   140.644  7 57067.34318011 20.374
 244 241.997286  61.444644   140.682   140.692  7 57077.25881232 21.174
 245 241.994955  61.443312   140.626   140.636  7 57087.17444341 18.458
 246 241.992809  61.446008   140.554   140.555  8 57097.09010237 23.626
 247 241.988692  61.447399   140.606   140.611  6 57107.00575814 22.909
 248 241.987710  61.447613   140.663   140.679  6 57116.92140919 21.755
 249 241.988681  61.446629   140.836   140.842  6 57126.83705402 20.575
 250 241.992026  61.445930   141.570   141.610  7 57136.75269366 33.080
