# NaN NaN NaN ;Mean Elev.(m), Avg Gradient(m/km), RMS Gradient(m/km) - SRTM1     
#   10.035  -0.182  11.432 ;Mean Elev.(m), Avg Gradient(m/km), RMS Gradient(m/km) - ASTER GDEM
#   29.000  -0.241   8.925 ;Mean Elev.(m), Avg Gradient(m/km), RMS Gradient(m/km) - GMTED2010 
   1 230.921493  65.891394    80.568    79.373  3 54668.85335802 12.874
   2 230.920824  65.892255    78.335    78.294  3 54678.76900221 16.179
   3 230.921604  65.893749    -7.634    -7.629  3 54688.68464534  7.920
   4 230.923016  65.894524    78.568    78.312  3 54698.60028647 11.156
   5 230.921107  65.893400    -1.382    -1.355  3 54708.51592937  9.565
   6 230.926436  65.891862    78.881    78.953  3 54718.43158142 14.597
   7 230.925412  65.889922     8.144     7.862  4 54728.34723031 10.697
   8 230.925884  65.889592    79.359    79.455  3 54738.26287782 14.949
   9 230.926775  65.890684    78.381    78.195  3 54748.17852527 20.911
  10 230.922463  65.891618    75.067    75.184  3 54758.09417192 24.835
  11 230.925718  65.891890    76.086    75.972  3 54768.00981709 20.382
  12 230.924605  65.890423    76.202    76.352  3 54777.92545845 19.413
  13 230.926134  65.888951    76.834    76.441  3 54787.84109763 19.323
  14 230.929046  65.888817    75.774    75.778  3 54797.75673592 18.816
  17 230.920394  65.892158    75.997    76.176  3 54827.50366040 15.318
  18 230.926364  65.892559    74.955    75.147  3 54837.41929997 14.630
  19 230.924089  65.892753    75.391    75.671  3 54847.33494913 13.102
  20 230.922661  65.893344    75.289    75.338  3 54857.25059782 13.631
  21 230.918715  65.894079    75.607    75.975  3 54867.16624635 12.582
  22 230.923256  65.894326    75.110    75.153  3 54877.08189502 12.811
  23 230.922625  65.893107    75.371    75.371  2 54886.99754016 12.723
  24 230.925991  65.891416    75.235    75.284  3 54896.91318225 12.860
  25 230.923932  65.890045    75.993    75.927  3 54906.82882120 11.675
  26 230.927068  65.890200    75.511    75.443  3 54916.74445946 11.663
  27 230.924703  65.890687    75.575    75.733  3 54926.66009706 11.333
  28 230.926709  65.891058    75.565    75.386  3 54936.57573443 11.475
  29 230.923320  65.890324    81.924    82.011  3 54946.49136940  5.426
  30 230.927009  65.889239    86.454    86.617  3 54956.40700264 19.771
  31 230.928256  65.888733    85.983    86.018  3 54966.32265138 18.183
  32 230.926895  65.889123    77.712    73.779  3 54976.23829899 27.193
  33 230.925494  65.890350    85.689    85.644  3 54986.15394660 14.654
  34 230.922278  65.891307    28.786    28.825  3 54996.06959411 45.853
  35 230.925130  65.892131    78.974    78.891  3 55005.98524056 12.321
  36 230.923289  65.892351    85.725    85.827  3 55015.90088436 12.437
  37 230.921123  65.892632    72.563    71.764  3 55025.81652671 27.689
  38 230.920213  65.893487    97.353    99.839  3 55035.73216871 26.677
  39 230.924616  65.894056    82.075    85.420  3 55045.64781037 17.674
  40 230.921419  65.892919    86.623    86.583  3 55055.56344949 15.391
  41 230.924084  65.891022    90.315    86.282  3 55065.47908682 25.001
  42 230.925907  65.889821    84.198    85.793  4 55075.39473524 18.525
  43 230.928694  65.889845    82.973    83.010  3 55085.31038335 15.732
  44 230.925725  65.890520   100.212   100.186  3 55095.22602935 24.623
  45 230.924735  65.891063    86.037    86.156  3 55105.14167535 18.783
  46 230.925172  65.890930    78.629    78.567  3 55115.05732121 22.251
  47 230.925643  65.890023    76.021    75.193  3 55124.97296464 24.181
  48 230.924539  65.889172    75.441    75.328  3 55134.88860524 25.204
  49 230.926149  65.889113    74.853    75.068  3 55144.80424396 25.679
  50 230.924005  65.889879    76.677    76.809  3 55154.71988167 21.263
  51 230.926360  65.890981    76.048    75.973  3 55164.63552009 18.467
  52 230.922300  65.891506    76.272    76.057  3 55174.55115769 18.048
  53 230.923448  65.891588    75.926    76.015  3 55184.46679729 17.214
  54 230.922388  65.891958    75.908    75.881  3 55194.38244835 16.761
  55 230.921120  65.892845    75.656    75.582  3 55204.29809813 16.475
  56 230.920868  65.894048    75.308    75.367  3 55214.21374737 16.026
  57 230.920250  65.894249    75.439    75.557  3 55224.12939607 14.297
  58 230.921822  65.892935    75.548    75.514  3 55234.04504321 14.620
  59 230.925940  65.890781    75.598    75.514  3 55243.96068732 14.559
  60 230.924458  65.889055    75.884    75.647  3 55253.87632787 14.310
  61 230.928797  65.889604    75.582    75.267  3 55263.79196704 13.923
  62 230.922508  65.890826    75.988    76.165  3 55273.70760432 13.781
  63 230.923315  65.891601    75.765    75.749  3 55283.62324177 13.609
  64 230.922994  65.890499    76.155    76.006  3 55293.53887767 13.217
  66 230.927221  65.887929    86.239    86.242  3 55313.37016229 20.616
  67 230.926727  65.888820    84.245    85.947  4 55323.28580768 19.676
  68 230.923562  65.890489    74.195    71.536  3 55333.20145159 28.127
  69 230.923797  65.891920    93.836    97.337  4 55343.11709571 27.155
  70 230.921639  65.891847    81.295    79.145  3 55353.03273919 14.458
  71 230.922826  65.891520    79.132    79.231  3 55362.94838082 13.684
  72 230.922224  65.891567    72.895    71.330  3 55372.86402039 25.741
  74 230.919334  65.893356    79.825    79.862  3 55392.69529597 14.441
  75 230.919918  65.893312    80.058    80.186  3 55402.61093199 12.875
  76 230.923617  65.891930    69.555    69.527  3 55412.52658378 24.277
  77 230.926291  65.889682    79.221    79.214  4 55422.44223323 14.097
  78 230.929475  65.888357    79.745    79.272  3 55432.35788006 15.631
  79 230.924205  65.888903    80.289    80.172  3 55442.27352423 14.741
  80 230.923578  65.890681    69.021    68.200  3 55452.18916737 27.148
  81 230.921689  65.891779    76.257    75.368  3 55462.10480961 21.244
  82 230.925492  65.890998    75.774    75.400  3 55472.02045064 22.455
  83 230.927426  65.889100    76.422    76.535  3 55481.93608861 23.966
  84 230.927393  65.887642    75.785    77.532  4 55491.85172415 24.084
  85 230.927664  65.888411    77.756    78.408  3 55501.76735797 21.561
  86 230.925164  65.890571    76.078    76.624  4 55511.68300229 20.413
  87 230.921614  65.892321    76.400    76.526  3 55521.59865161 17.772
  88 230.921327  65.892769    76.292    76.481  3 55531.51429997 14.769
  89 230.925883  65.892322    75.180    75.295  3 55541.42994711 14.526
  90 230.925620  65.891872    75.179    75.343  3 55551.34559172 14.951
  91 230.925439  65.892647    75.049    75.265  3 55561.26123490 15.575
  92 230.920784  65.893635    75.319    75.393  3 55571.17687693 15.139
  93 230.923343  65.893905    74.908    75.007  3 55581.09251849 15.037
  94 230.921725  65.891843    75.654    75.632  3 55591.00815655 14.703
  95 230.928426  65.889325    75.655    75.860  3 55600.92379215 13.759
  96 230.927502  65.887499    76.689    76.812  4 55610.83942487 12.169
  97 230.929892  65.888333    79.922    79.821  3 55620.75505687  8.954
  98 230.922561  65.890382    79.206    79.589  3 55630.67070872  9.862
  99 230.926546  65.891954    77.879    78.036  3 55640.58635996  9.996
 100 230.924992  65.890938    78.955    79.253  3 55650.50200802  9.677
 101 230.926810  65.888775    79.210    79.487  3 55660.41765280  9.377
 102 230.928550  65.887785    78.310    78.540  3 55670.33329417  9.135
 103 230.925350  65.888693    79.054    78.926  3 55680.24893333  8.325
 104 230.922429  65.890878    76.812    76.791  3 55690.16457069  6.129
 105 230.924976  65.892694    85.114    85.538  3 55700.08020698 21.139
 106 230.921466  65.892579    97.355    99.722  3 55709.99584582 25.974
 107 230.923232  65.891992    81.395    79.125  3 55719.91149623 18.510
 108 230.923448  65.891764    69.638    69.491  3 55729.82714423 25.780
 109 230.922985  65.892187    74.542    74.535  3 55739.74279084 29.799
 110 230.925529  65.893046    72.973    72.689  3 55749.65843650 28.818
 111 230.925753  65.892919    71.589    71.217  3 55759.57407954 24.669
 112 230.925601  65.891570    76.537    78.984  3 55769.48971967 15.619
 113 230.926510  65.889431    78.930    79.151  3 55779.40535660 16.090
 114 230.927361  65.888009    79.191    79.355  3 55789.32099100 17.513
 115 230.929165  65.888441    72.689    70.451  3 55799.23662436 22.755
 117 230.927202  65.891452    70.104    70.763  3 55819.06791960 25.781
 118 230.927665  65.891048    80.490    80.740  3 55828.98356428 13.985
 119 230.924749  65.889152    71.683    67.888  3 55838.89920418 23.818
 120 230.928518  65.888060    78.800    78.668  3 55848.81484165 17.844
 121 230.927985  65.888816    75.071    75.100  3 55858.73047670 26.383
 122 230.927560  65.891192    75.526    75.959  3 55868.64612459 20.875
 123 230.924672  65.893073    75.381    75.758  3 55878.56177593 18.792
 133 230.927809  65.889614    75.183    75.301  3 55977.71820483 11.998
 134 230.922650  65.890214    75.874    75.864  3 55987.63384048 12.388
 135 230.925268  65.890633    75.460    75.509  4 55997.54948003 12.057
 136 230.924413  65.890106    75.726    75.663  3 56007.46513122 12.361
 137 230.928213  65.889439    75.409    75.470  3 56017.38077865 11.957
 141 230.924434  65.892815    77.452    78.962  3 56057.04334370  8.205
 142 230.923851  65.892774    87.591    87.612  3 56066.95897718 25.529
 143 230.926034  65.892726    92.825    96.215  3 56076.87462589 26.961
 144 230.924811  65.892713    79.205    79.152  3 56086.79027473 15.948
 145 230.923879  65.892702    79.052    79.082  3 56096.70592115 14.421
 146 230.923367  65.892259    73.306    73.242  3 56106.62156544 26.757
 147 230.922557  65.891041    79.242    79.227  3 56116.53719526 11.816
 149 230.924508  65.888889    73.206    75.114  3 56136.36846708 20.986
 150 230.925024  65.889170    70.684    70.849  3 56146.28411073 28.591
 152 230.923969  65.890738    79.014    79.064  3 56166.11540888 15.159
 153 230.925320  65.890730    81.962    79.957  3 56176.03105533 16.538
 154 230.923893  65.890008    92.851    94.522  3 56185.94669651 30.369
 155 230.924005  65.889367    86.086    85.992  3 56195.86233406 17.556
 156 230.926320  65.889900    90.084    85.880  3 56205.77796885 26.414
 157 230.924533  65.891055    78.515    78.556  4 56215.69360180 22.914
 158 230.925337  65.892510    75.027    74.843  3 56225.60924102 24.103
 159 230.921537  65.892850    76.021    75.742  3 56235.52489605 23.060
 160 230.921278  65.892580    75.815    75.888  3 56245.44054749 20.160
 161 230.921856  65.892318    75.658    75.709  3 56255.35619393 20.949
 162 230.920135  65.892574    75.966    76.166  3 56265.27183624 20.157
 165 230.922116  65.890858    76.333    76.196  3 56295.01877331 17.764
 166 230.924799  65.889175    76.235    76.158  3 56304.93442000 17.812
 167 230.926602  65.888908    76.110    75.907  4 56314.85006300 17.653
 168 230.928219  65.890276    75.767    75.736  3 56324.76570405 17.299
 169 230.922364  65.891347    76.418    76.820  3 56334.68134363 16.867
 170 230.924051  65.891450    76.059    76.159  3 56344.59698300 16.200
 171 230.928001  65.890442    75.502    76.143  3 56354.51262023 16.327
 172 230.924563  65.889114    76.146    76.179  3 56364.42826434 13.141
 173 230.925146  65.889436    76.616    76.334  3 56374.34391330 13.035
 175 230.924915  65.893023    75.978    75.816  3 56394.17520334 11.843
 176 230.921861  65.893563    75.419    75.419  2 56404.09084516 12.009
 177 230.919876  65.893107    75.578    75.708  3 56414.00648406  9.617
 178 230.922188  65.892078    81.874    81.940  3 56423.92211842  2.531
 179 230.924005  65.891964    77.275    77.294  3 56433.83776358 29.354
 180 230.921875  65.892457    86.434    86.424  3 56443.75341564 21.230
 181 230.922597  65.893393    86.079    86.040  3 56453.66906542 17.372
 182 230.925103  65.892994    91.861    86.473  3 56463.58471259 21.913
 184 230.929201  65.889234    85.790    85.958  3 56483.41599656 18.964
 185 230.926686  65.888559   100.863   100.822  3 56493.33163310 28.690
 187 230.924101  65.891356    83.785    85.639  3 56513.16290033 17.421
 188 230.926015  65.892000    83.879    86.006  3 56523.07854960 15.141
 189 230.922484  65.890710    84.532    86.204  3 56532.99420138 18.748
 191 230.928754  65.889718    85.798    85.671  3 56552.82549513 17.440
 192 230.921870  65.891262    98.350   102.172  3 56562.74113727 28.799
 194 230.923513  65.894679    89.929    86.185  3 56582.57241846 16.723
 195 230.922669  65.893480    75.496    75.345  3 56592.48805337 25.393
 196 230.923333  65.892052    76.390    76.074  3 56602.40370421 26.786
 197 230.926809  65.891653    76.127    76.016  3 56612.31935388 19.798
 198 230.924571  65.892389    76.127    76.011  3 56622.23499871 15.396
 199 230.921367  65.893083    76.206    76.372  3 56632.15064053 15.219
 200 230.920320  65.892576    76.476    76.581  3 56642.06627824 14.217
 201 230.923325  65.890764    76.509    76.333  3 56651.98192771 14.390
 202 230.924982  65.888853    76.676    76.732  3 56661.89757763 15.252
 203 230.927681  65.888577    76.215    76.221  4 56671.81322468 14.660
 205 230.925169  65.892199    75.985    75.978  3 56691.64451264 13.881
 206 230.923746  65.892543    76.316    76.393  3 56701.56015174 13.090
 207 230.924322  65.890942    76.619    76.835  3 56711.47578607 12.833
 208 230.926080  65.889765    76.579    76.783  3 56721.39143081 12.513
 209 230.927291  65.890070    41.707    41.731  3 56731.30708256 14.419
 211 230.921727  65.894199    75.555    75.555  2 56751.13837377 13.890
 212 230.923190  65.895007    75.242    75.270  3 56761.05401255 12.960
 213 230.920541  65.893594    84.792    86.028  3 56770.96964423  3.453
 214 230.924090  65.892331    87.437    87.322  3 56780.88529856 22.950
 215 230.921065  65.891464    86.499    86.474  3 56790.80095315 20.571
 216 230.926568  65.892369    85.873    85.864  3 56800.71660545 19.523
 217 230.924939  65.893244    83.637    85.781  3 56810.63225021 16.319
 219 230.924938  65.891388    71.093    70.195  3 56830.46352633 30.030
 220 230.925189  65.889137    27.401    27.352  3 56840.37915912 51.967
 221 230.929706  65.888640    79.093    79.221  3 56850.29479455 18.090
 222 230.926149  65.890020    72.474    70.119  4 56860.21044876 26.156
 223 230.922271  65.891965    68.764    68.358  3 56870.12610217 28.877
 224 230.925678  65.893037    70.666    67.022  3 56880.04175361 25.029
 225 230.924788  65.892190    81.833    79.788  3 56889.95740099 16.004
 226 230.925580  65.890934    79.680    79.748  3 56899.87304572 14.525
 227 230.922094  65.890973    79.759    79.677  3 56909.78868791 15.365
 228 230.926023  65.892849    79.435    79.800  3 56919.70432912 13.366
 229 230.920970  65.894401    97.288    99.793  3 56929.61996739 27.269
 230 230.920766  65.894748    76.234    76.124  3 56939.53560140 22.397
 231 230.920524  65.893593    75.233    75.162  3 56949.45123778 26.757
 232 230.924264  65.892371    75.331    75.330  3 56959.36689051 23.522
 233 230.925853  65.891715    75.648    75.732  3 56969.28253796 19.325
 234 230.924320  65.891808    75.813    75.800  3 56979.19818126 15.719
 235 230.925392  65.892301    75.589    75.951  3 56989.11382037 16.625
 236 230.924687  65.891785    75.601    75.605  3 56999.02945304 16.671
 237 230.926596  65.890960    75.981    75.827  3 57008.94510461 16.658
 238 230.924735  65.889668    76.033    76.215  3 57018.86075713 16.502
 239 230.925483  65.889511    76.275    76.184  3 57028.77640678 15.997
 240 230.927922  65.890714    76.185    76.138  3 57038.69205494 16.012
 241 230.926737  65.891974    75.528    75.584  3 57048.60770036 15.693
 242 230.920898  65.892153    75.879    75.718  3 57058.52334144 14.231
 243 230.921870  65.891615    75.869    75.855  3 57068.43897746 14.845
 244 230.926302  65.891257    75.799    75.727  3 57078.35460951 13.064
 245 230.922295  65.891229    76.242    76.522  3 57088.27024367 13.495
 246 230.922741  65.892894    75.922    75.759  3 57098.18590225 12.897
 247 230.920945  65.894246    75.780    75.851  3 57108.10155768 11.843
 248 230.919147  65.894266    75.807    75.683  3 57118.01720797 12.173
 249 230.921788  65.893398    76.089    76.067  3 57127.93285249 11.372
 250 230.921822  65.892207    76.207    76.207  2 57137.84849128  2.180
