# NaN NaN NaN ;Mean Elev.(m), Avg Gradient(m/km), RMS Gradient(m/km) - SRTM1     
#  124.710  -0.023   3.412 ;Mean Elev.(m), Avg Gradient(m/km), RMS Gradient(m/km) - ASTER GDEM
#  140.652  -0.518   1.779 ;Mean Elev.(m), Avg Gradient(m/km), RMS Gradient(m/km) - GMTED2010 
   1 240.580614  61.228215   140.291   139.962  5 54663.00206347 47.644
   2 240.581767  61.228008   141.092   141.373  5 54672.91770853 33.424
   4 240.584854  61.229226   141.885   141.892  4 54692.74899459 30.689
   6 240.582995  61.228235   139.165   139.168  5 54712.58028330 53.671
   8 240.572018  61.226766   141.799   141.817  4 54732.41158190 29.529
   9 240.570506  61.226923   220.730   222.356  4 54742.32722852 19.925
  10 240.574209  61.226202   139.296   139.189  4 54752.24287550 50.983
  11 240.572159  61.226955   139.231   139.092  4 54762.15852146 47.079
  12 240.571648  61.226135   201.235   201.016  4 54772.07416530 18.591
  13 240.570008  61.225876   200.891   200.554  5 54781.98980602 17.568
  14 240.570435  61.226035   200.385   199.430  5 54791.90544444 15.822
  17 240.580482  61.228103   138.955   139.020  5 54821.65236140 32.983
  18 240.578550  61.227674   139.077   139.022  5 54831.56801351 30.592
  19 240.576993  61.227302   138.995   139.063  5 54841.48365217 27.069
  20 240.575535  61.227889   139.030   139.034  4 54851.39930094 18.180
  21 240.578149  61.228071   139.347   138.861  4 54861.31494970 19.003
  22 240.581493  61.227537   139.991   140.014  4 54871.23059860 14.701
  23 240.579384  61.227069   139.009   138.994  4 54881.14624542 14.373
  24 240.571622  61.227109   138.824   138.815  4 54891.06188843 17.777
  25 240.567375  61.226000   139.867   140.137  5 54900.97752897 12.692
  26 240.567327  61.225824   139.417   139.473  5 54910.89316802 13.300
  27 240.570892  61.226446   138.933   138.984  5 54920.80880620 15.533
  28 240.575733  61.226884   138.678   138.785  5 54930.72444403 17.623
  29 240.576336  61.227158   139.865   139.078  5 54940.64008021 11.218
  30 240.574625  61.226986   139.230   139.184  5 54950.55571458 33.168
  31 240.573209  61.226257   141.577   141.628  4 54960.47135458 42.522
  32 240.571897  61.226682   141.268   141.073  5 54970.38700305 51.681
  33 240.575478  61.227025   141.512   141.469  4 54980.30265071 41.609
  34 240.579381  61.227163   137.456   137.459  4 54990.21829815 21.811
  35 240.577445  61.227653   141.773   141.927  5 55000.13394486 37.766
  36 240.576347  61.227463   140.753   140.474  4 55010.04958997 43.426
  37 240.574736  61.227706   141.142   140.939  4 55019.96523339 48.838
  38 240.578610  61.227520   141.553   141.685  4 55029.88087620 32.092
  39 240.581642  61.228115   140.776   140.614  5 55039.79651827 47.998
  40 240.585635  61.228304   140.162   140.119  4 55049.71215917 53.239
  41 240.582797  61.228742   141.690   141.808  4 55059.62779730 30.840
  42 240.578255  61.227657   141.838   141.917  4 55069.54343724 30.637
  43 240.571082  61.226518   141.771   141.714  5 55079.45908632 36.837
  44 240.569807  61.225681   141.955   141.910  4 55089.37473382 30.792
  45 240.570529  61.226564   139.454   139.385  4 55099.29037996 52.250
  46 240.575013  61.226888   140.103   139.865  5 55109.20602598 52.099
  47 240.575714  61.226702   139.479   139.467  4 55119.12167041 48.606
  48 240.569497  61.226742   139.547   139.514  4 55129.03731173 49.973
  49 240.565741  61.225941   186.483   186.358  4 55138.95295137 26.176
  50 240.568764  61.225499   185.861   186.178  4 55148.86859033 14.764
  51 240.573713  61.227095   185.572   185.691  4 55158.78422887 18.361
  52 240.581672  61.227738   137.815   137.839  4 55168.69986756 38.178
  53 240.583652  61.228536   139.001   138.976  5 55178.61550482 32.537
  54 240.581395  61.227840   139.155   139.143  4 55188.53115025 30.486
  55 240.577514  61.227412   139.179   139.146  5 55198.44680070 28.996
  56 240.577275  61.227471   139.154   139.164  4 55208.36245042 23.156
  57 240.579619  61.227973   139.087   139.105  5 55218.27809975 25.184
  58 240.580459  61.227816   139.042   139.015  5 55228.19374823 25.030
  59 240.576153  61.227588   139.159   139.147  4 55238.10939326 24.689
  60 240.571484  61.226157   139.093   139.081  4 55248.02503488 24.182
  61 240.567420  61.225162   139.049   139.054  4 55257.94067414 22.792
  62 240.567282  61.225380   139.000   139.016  5 55267.85631289 16.521
  63 240.569981  61.226865   138.911   138.926  4 55277.77195137 18.812
  64 240.576030  61.227266   139.121   139.092  4 55287.68758910 17.475
  65 240.577531  61.227774   140.794   141.099  5 55297.60322404 14.622
  66 240.572938  61.227308   140.247   139.825  4 55307.51886568 40.817
  67 240.569703  61.225894   141.555   141.733  5 55317.43451208 41.314
  68 240.568416  61.226095   142.157   142.250  5 55327.35015725 52.177
  69 240.572667  61.226914   141.510   141.826  5 55337.26580192 42.207
  70 240.578036  61.227694   139.711   139.632  4 55347.18144620 50.901
  71 240.579438  61.228255   140.582   140.252  4 55357.09708861 50.485
  72 240.580978  61.227365   139.912   139.814  4 55367.01272921 46.002
  73 240.580241  61.227137   141.975   141.999  4 55376.92836809 31.304
  74 240.581684  61.227460   141.852   141.867  4 55386.84400629 31.655
  75 240.584517  61.228117   139.412   139.349  4 55396.75964372 52.992
  76 240.585124  61.228745   139.138   139.013  4 55406.67528607 52.255
  77 240.581152  61.227980   141.773   141.787  5 55416.59093708 34.573
  78 240.573930  61.226916   141.166   141.920  4 55426.50658445 32.994
  79 240.570268  61.225565   142.071   142.108  4 55436.42222942 30.689
  80 240.569456  61.225468   138.561   138.552  4 55446.33787309 52.740
  81 240.571172  61.226405   141.970   141.988  4 55456.25351625 31.993
  82 240.573465  61.227544   139.628   138.977  4 55466.16915872 50.878
  83 240.574665  61.227705   141.945   141.956  4 55476.08479812 37.001
  84 240.574604  61.226790   141.975   141.968  4 55486.00043440 33.534
  85 240.572912  61.226238   141.803   141.874  4 55495.91606840 22.228
  86 240.573331  61.227090   141.981   141.927  4 55505.83170314 23.508
  87 240.576475  61.227334   195.070   195.082  4 55515.74735402 17.716
  88 240.580262  61.227953   137.400   137.410  4 55525.66300403 36.651
  89 240.580665  61.228274   137.783   137.739  5 55535.57865177 28.417
  90 240.579556  61.227743   137.728   137.740  4 55545.49429736 28.050
  91 240.577964  61.227380   137.918   137.907  5 55555.40994099 25.473
  92 240.577754  61.227579   137.860   137.831  5 55565.32558368 26.424
  93 240.580839  61.227320   137.807   137.819  4 55575.24122608 24.330
  94 240.578154  61.228072   137.893   137.884  4 55585.15686616 22.427
  95 240.577361  61.227415   137.871   137.868  4 55595.07250326 24.431
  96 240.574782  61.227219   137.802   137.786  4 55604.98813692 22.817
  97 240.575041  61.227119   137.755   137.737  5 55614.90376883 24.141
  98 240.576506  61.227340   137.774   137.729  5 55624.81940873 17.384
  99 240.578033  61.226803   137.756   137.747  4 55634.73506149 16.675
 100 240.575696  61.227382   137.676   137.635  5 55644.65071158 18.235
 101 240.573380  61.227362   138.558   138.480  4 55654.56635893 14.831
 102 240.573845  61.226095   141.455   141.521  4 55664.48200213 11.753
 103 240.571942  61.226197   138.084   138.025  4 55674.39764191 14.747
 104 240.574293  61.226298   142.043   142.057  4 55684.31328038 33.786
 105 240.577502  61.227507   142.022   141.960  5 55694.22891754 37.867
 106 240.582012  61.228626   141.908   141.923  4 55704.14455342 33.447
 107 240.583648  61.228617   141.908   141.847  5 55714.06019945 33.818
 108 240.582537  61.228023   140.698   140.682  4 55723.97584847 39.222
 109 240.580859  61.227783   141.827   141.810  4 55733.89149549 30.823
 110 240.580267  61.227750   141.708   141.863  5 55743.80714138 32.084
 111 240.580849  61.227289   139.917   139.769  4 55753.72278601 50.602
 112 240.577475  61.227554   140.065   139.520  4 55763.63842792 42.540
 113 240.574781  61.227124   139.970   139.563  5 55773.55406717 42.993
 114 240.574056  61.226236   141.819   141.830  4 55783.46970321 26.851
 115 240.574466  61.226967   139.464   139.356  4 55793.38533660 51.208
 116 240.578086  61.227732   140.160   140.617  5 55803.30097226 38.084
 117 240.578927  61.227790   139.992   139.586  4 55813.21662197 49.222
 118 240.577294  61.227659   141.625   141.515  4 55823.13226963 31.016
 119 240.575065  61.227296   139.942   139.414  4 55833.04791250 49.439
 120 240.575134  61.226753   140.423   140.480  4 55842.96355138 35.426
 121 240.575373  61.227577   141.756   141.760  4 55852.87918713 31.981
 122 240.580478  61.228136   141.636   141.619  4 55862.79482299 23.931
 123 240.580347  61.228410   139.357   139.318  4 55872.71047725 44.790
 133 240.573246  61.225983   141.105   141.058  4 55971.86691470 12.794
 134 240.578037  61.227183   141.236   141.290  4 55981.78255121 12.141
 135 240.581415  61.227995   139.362   138.887  4 55991.69818624 14.676
 136 240.578729  61.227690   141.225   141.492  5 56001.61383290 11.456
 137 240.572682  61.226875   141.255   141.255  4 56011.52948265 11.623
 138 240.570264  61.226365   142.059   142.073  5 56021.44512892 10.914
 139 240.572606  61.226425   140.605   140.991  5 56031.36077255 10.800
 141 240.580861  61.228273   141.212   141.763  4 56051.19205340 37.731
 142 240.583878  61.228445   140.318   140.291  5 56061.10768991 46.779
 143 240.581573  61.228974   141.995   141.966  4 56071.02332747 37.373
 144 240.581611  61.227450   141.444   141.694  4 56080.93897829 34.883
 145 240.580166  61.227665   141.505   141.875  4 56090.85462619 33.899
 146 240.580236  61.228431   140.614   140.424  4 56100.77027179 51.308
 147 240.580710  61.228043   141.863   141.875  5 56110.68590343 36.980
 148 240.577758  61.227419   141.928   141.897  5 56120.60154311 34.642
 149 240.573579  61.226906   140.054   139.986  4 56130.51717895 52.366
 150 240.574412  61.226199   140.739   140.751  4 56140.43281274 32.846
 151 240.573950  61.226652   141.698   141.722  4 56150.34846357 27.471
 152 240.578400  61.227086   139.526   139.435  4 56160.26411289 51.396
 153 240.579339  61.227746   141.069   141.394  4 56170.17976030 33.575
 154 240.577821  61.227057   141.738   141.745  4 56180.09540385 28.326
 155 240.572838  61.226741   141.746   141.779  4 56190.01104301 28.078
 156 240.571475  61.226615   141.779   141.690  5 56199.92667956 27.992
 157 240.575333  61.227861   141.635   141.637  4 56209.84231400 30.656
 158 240.583804  61.229033   141.740   141.770  4 56219.75794711 21.580
 159 240.588440  61.228975   139.540   139.464  4 56229.67359645 47.550
 160 240.585193  61.228740   138.344   138.333  5 56239.58924973 42.461
 161 240.580635  61.228150   138.227   138.273  5 56249.50489900 43.057
 162 240.578503  61.227506   138.870   138.859  4 56259.42054361 30.586
 163 240.580191  61.227521   139.723   139.697  4 56269.33618567 26.125
 164 240.581980  61.227950   139.820   139.855  5 56279.25182591 24.171
 165 240.579933  61.228105   139.807   139.792  5 56289.16747601 23.767
 166 240.575520  61.227151   139.689   139.726  5 56299.08312410 22.778
 167 240.570868  61.225842   139.466   139.430  4 56308.99876828 21.751
 168 240.567329  61.225645   139.404   139.431  4 56318.91441006 17.301
 169 240.569659  61.226424   139.307   139.313  4 56328.83005130 17.827
 170 240.576273  61.227255   139.259   139.244  4 56338.74569207 17.386
 171 240.579319  61.228576   139.133   139.129  4 56348.66133047 18.165
 172 240.581147  61.227849   139.066   139.055  4 56358.57696607 18.134
 173 240.574119  61.226726   139.142   139.149  4 56368.49261616 19.597
 175 240.573827  61.226247   139.173   139.169  4 56388.32390956 19.259
 176 240.578418  61.227946   161.859   161.912  4 56398.23955308  4.231
 178 240.584431  61.228904   140.303   140.306  4 56418.07083114 37.846
 179 240.583948  61.228593   141.553   141.608  5 56427.98646325 40.132
 180 240.579629  61.227410   141.626   141.840  4 56437.90211680 36.867
 181 240.576140  61.227631   141.614   141.812  4 56447.81776787 37.255
 182 240.578722  61.227249   141.663   141.842  4 56457.73341739 33.286
 183 240.577666  61.227224   140.721   140.557  4 56467.64906330 52.073
 184 240.574647  61.226932   141.031   140.884  5 56477.56470499 40.026
 185 240.572192  61.226148   141.475   141.801  4 56487.48034301 27.816
 187 240.575936  61.226934   140.251   140.210  5 56507.31161283 50.601
 188 240.580760  61.228467   139.916   139.877  4 56517.22724951 45.404
 189 240.581696  61.228307   140.192   139.942  4 56527.14290383 51.714
 190 240.578971  61.228032   141.539   141.514  4 56537.05855360 26.301
 192 240.574169  61.226299   141.586   141.601  4 56556.88984310 25.741
 193 240.575461  61.227127   140.330   140.282  4 56566.80548577 35.618
 194 240.581877  61.227939   141.536   141.567  4 56576.72112761 25.684
 195 240.586289  61.229094   140.994   141.503  4 56586.63676585 27.039
 196 240.588239  61.228906   139.380   139.218  4 56596.55240554 49.265
 197 240.582334  61.228151   138.548   138.557  4 56606.46805718 47.205
 198 240.578460  61.227475   137.672   137.732  5 56616.38370406 43.832
 199 240.578179  61.227289   137.491   137.464  4 56626.29934763 39.305
 200 240.578934  61.227674   138.103   138.076  4 56636.21498844 32.271
 201 240.579630  61.227946   138.618   138.010  4 56646.13062838 27.419
 202 240.575540  61.227262   138.988   139.007  4 56656.04628034 29.266
 203 240.573052  61.225929   138.780   138.775  4 56665.96192823 22.439
 205 240.571830  61.226612   138.305   138.293  4 56685.79321785 24.393
 206 240.575739  61.227213   138.082   138.084  4 56695.70886059 25.915
 207 240.579609  61.227622   138.207   138.199  4 56705.62449882 22.159
 208 240.580551  61.228004   138.027   138.028  5 56715.54013129 22.979
 209 240.575895  61.227152   137.345   137.343  4 56725.45578428 19.926
 211 240.576505  61.227138   138.023   138.045  5 56745.28708022 22.153
 212 240.580545  61.228083   138.187   138.169  5 56755.20272240 21.096
 213 240.584715  61.228662   157.008   158.815  4 56765.11835903  5.290
 214 240.585236  61.228481   140.071   140.639  5 56775.03399704 33.469
 215 240.579768  61.227688   140.564   140.574  4 56784.94965344 40.415
 216 240.575027  61.227350   140.247   140.170  4 56794.86530629 49.122
 217 240.573933  61.226850   140.299   139.895  5 56804.78095578 51.419
 219 240.573945  61.226625   141.903   141.867  5 56824.61223734 33.660
 220 240.574014  61.226527   135.968   137.022  5 56834.52787250 21.833
 221 240.576115  61.226788   141.704   141.724  4 56844.44350435 29.272
 222 240.575500  61.227526   141.748   141.714  4 56854.35914848 29.841
 223 240.576289  61.227237   139.439   139.409  5 56864.27480221 51.178
 224 240.576157  61.227020   139.330   139.388  5 56874.19045516 49.042
 225 240.575896  61.226543   141.656   141.674  4 56884.10610496 27.122
 226 240.574254  61.226477   140.035   139.931  4 56894.02175140 28.210
 227 240.573167  61.226622   138.758   138.814  4 56903.93739471 47.803
 228 240.574938  61.226881   138.479   138.381  5 56913.85303632 49.052
 229 240.579130  61.227306   141.501   141.457  4 56923.76867647 24.020
 230 240.581544  61.228579   141.381   141.393  4 56933.68431382 24.607
 231 240.584093  61.229251   141.438   141.475  4 56943.59994599 26.560
 232 240.582587  61.228578   141.437   141.414  5 56953.51559269 21.341
 233 240.579342  61.227668   138.580   138.565  5 56963.43124285 47.553
 234 240.576443  61.228014   137.358   137.314  4 56973.34688801 46.122
 235 240.579015  61.227786   137.535   137.518  5 56983.26252938 43.553
 236 240.581137  61.227748   137.446   137.441  4 56993.17816592 42.953
 237 240.580955  61.227389   137.747   137.740  4 57003.09380205 40.084
 238 240.574061  61.226687   138.115   138.134  5 57013.00945809 39.270
 239 240.570927  61.226464   138.645   138.612  5 57022.92510905 32.613
 240 240.573982  61.226591   138.708   138.668  4 57032.84075799 32.551
 241 240.576443  61.227400   138.682   138.691  4 57042.75640462 29.848
 242 240.578076  61.227537   138.503   138.480  5 57052.67204902 29.503
 243 240.576915  61.227404   138.437   138.473  5 57062.58768878 26.609
 244 240.576814  61.227356   138.335   138.377  5 57072.50332334 24.926
 245 240.581015  61.227654   138.099   138.117  4 57082.41895421 21.877
 246 240.583746  61.228330   138.157   138.139  4 57092.33460070 21.666
 247 240.583191  61.229106   138.025   138.028  4 57102.25025768 21.290
 248 240.583897  61.228526   141.899   142.055  4 57112.16591138  7.198
 249 240.581173  61.227935   138.219   138.229  4 57122.08155887 13.950
 250 240.576087  61.227839   141.731   141.723  4 57131.99720055 25.507
