# NaN NaN NaN ;Mean Elev.(m), Avg Gradient(m/km), RMS Gradient(m/km) - SRTM1     
#    9.366  -2.690  12.197 ;Mean Elev.(m), Avg Gradient(m/km), RMS Gradient(m/km) - ASTER GDEM
#   30.040  -2.276  10.531 ;Mean Elev.(m), Avg Gradient(m/km), RMS Gradient(m/km) - GMTED2010 
   1 230.927274  66.122668    24.116    24.033  5 54666.90249721 28.819
   2 230.929914  66.123582    23.559    23.493  5 54676.81814194 31.979
   3 230.931492  66.125340     1.798     1.625  5 54686.73378522 10.591
   4 230.931846  66.126521    25.781    26.636  6 54696.64942668 28.774
   5 230.931080  66.125755     5.158     5.170  6 54706.56506694 14.329
   6 230.931228  66.123251    22.776    22.810  5 54716.48071916 26.665
   7 230.929630  66.120758    11.441    11.445  5 54726.39636874 13.680
   8 230.927364  66.120147    22.963    22.944  5 54736.31201646 29.565
   9 230.927972  66.121561    84.727    85.857  6 54746.22766375 26.012
  10 230.928883  66.123147    85.457    86.003  5 54756.14331063 25.356
  11 230.929665  66.123092    73.804    75.172  6 54766.05895590 22.610
  12 230.928009  66.121172    76.213    75.969  6 54775.97459793 14.576
  13 230.925337  66.119332    75.670    75.702  5 54785.89023742 16.810
  14 230.925999  66.119328    75.795    75.864  6 54795.80587586 16.339
  17 230.930321  66.124050    75.300    75.123  5 54825.55279819 14.477
  18 230.929984  66.123222    75.529    75.269  5 54835.46843768 13.084
  19 230.929576  66.122997    75.679    75.472  6 54845.38408735 12.553
  20 230.930296  66.123662    75.422    75.264  5 54855.29973636 12.555
  21 230.930475  66.125119    75.696    75.644  6 54865.21538521 12.029
  22 230.929441  66.125615    75.619    75.846  5 54875.13103357 11.674
  23 230.928269  66.124715    75.187    74.615  5 54885.04667918 11.522
  24 230.930950  66.122358    75.563    75.174  5 54894.96232173 11.630
  25 230.927592  66.120401    75.932    75.658  6 54904.87796107 11.568
  26 230.928453  66.120065    75.449    75.334  5 54914.79359965 11.667
  27 230.927231  66.121244    75.913    75.594  6 54924.70923759 11.341
  28 230.928903  66.122506    75.903    75.806  6 54934.62487504 10.431
  29 230.927333  66.122642    75.704    75.816  5 54944.54051026  9.631
  30 230.927062  66.121243    77.325    77.236  6 54954.45614331 19.473
  31 230.925243  66.119620    26.700    26.625  5 54964.37178906 32.550
  32 230.926461  66.119515    29.167    29.195  5 54974.28743740 35.908
  33 230.928523  66.121106    25.027    25.033  6 54984.20308528 43.571
  34 230.930987  66.122959    25.882    25.599  5 54994.11873305 52.647
  35 230.932140  66.123822    41.421    41.747  5 55004.03437948 17.231
  36 230.931961  66.123658    25.025    25.057  5 55013.95002373 53.986
  37 230.931560  66.123268    25.237    25.280  5 55023.86566658 45.393
  38 230.929310  66.123876    24.801    24.811  5 55033.78130863 53.845
  39 230.930779  66.124767    27.574    29.044  5 55043.69695030 24.663
  40 230.931320  66.124990    26.133    23.128  5 55053.61259027 24.965
  41 230.929474  66.123756    22.886    22.888  5 55063.52822781 32.072
  42 230.930269  66.121847    23.612    23.693  5 55073.44387331 24.535
  43 230.927829  66.120460    23.592    23.638  6 55083.35952124 47.391
  44 230.928664  66.120463    77.422    77.485  5 55093.27516788 16.797
  45 230.929691  66.121250    23.525    23.579  5 55103.19081435 37.429
  46 230.929190  66.122068    76.063    75.984  5 55113.10646043 16.879
  47 230.927942  66.121851    75.870    75.697  5 55123.02210403 19.549
  48 230.927728  66.120863    90.945    91.378  6 55132.93774484 27.502
  49 230.928623  66.119858    70.398    69.406  5 55142.85338368 22.547
  50 230.928343  66.120155    75.718    75.400  5 55152.76902184 18.439
  51 230.927652  66.121479    76.135    76.038  6 55162.68466028 17.095
  52 230.927697  66.123029    75.790    75.699  5 55172.60029845 16.870
  53 230.930191  66.123808    76.012    75.698  6 55182.51593526 17.063
  54 230.930164  66.123825    75.636    75.416  5 55192.43158630 16.964
  55 230.929619  66.124034    75.764    75.552  5 55202.34723631 16.467
  56 230.929285  66.124522    75.329    75.156  5 55212.26288568 17.327
  57 230.930212  66.124744    75.939    75.709  6 55222.17853472 14.948
  58 230.929276  66.123919    75.841    75.575  5 55232.09418231 14.831
  59 230.929752  66.122359    75.597    75.829  5 55242.00982685 15.056
  60 230.927545  66.120913    75.871    75.858  6 55251.92546772 15.457
  61 230.927281  66.120357    75.865    75.789  6 55261.84110652 15.986
  62 230.926116  66.121053    75.723    75.527  5 55271.75674432 15.083
  63 230.927403  66.121712    75.870    75.672  6 55281.67238222 14.530
  64 230.928062  66.121707    76.109    76.065  6 55291.58801890 12.824
  65 230.927104  66.121054    72.669    75.561  6 55301.50365316  4.558
  66 230.926227  66.120173    77.550    77.633  6 55311.41930067 19.981
  67 230.928239  66.120055    26.935    26.860  5 55321.33494632 33.969
  68 230.927031  66.120918    28.774    28.907  5 55331.25059052 53.262
  69 230.930197  66.122119    23.906    23.888  5 55341.16623507 40.505
  70 230.930686  66.122850    28.108    27.859  5 55351.08187918 24.239
  71 230.929392  66.123175    23.909    23.911  5 55360.99752097 23.619
  72 230.928181  66.123448    26.424    23.347  5 55370.91316065 24.814
  73 230.930578  66.124049    24.358    24.397  6 55380.82879919 46.368
  74 230.929209  66.124877    24.372    24.413  5 55390.74443669 42.762
  75 230.930787  66.124881    23.885    23.930  6 55400.66007329 47.245
  76 230.930091  66.123477    23.931    23.935  6 55410.57572179 51.865
  77 230.927493  66.121306    24.290    23.248  6 55420.49137170 26.901
  78 230.924728  66.119957    23.634    23.657  5 55430.40701849 41.480
  79 230.928321  66.120313    23.752    23.784  5 55440.32266341 31.818
  80 230.929427  66.121610    23.917    23.921  5 55450.23830661 53.357
  81 230.928311  66.122338    22.841    22.936  5 55460.15394909 29.670
  82 230.927368  66.121663    23.355    23.375  5 55470.06959060 51.571
  83 230.925346  66.120382    87.402    82.151  5 55479.98522892 20.293
  84 230.925487  66.119656    73.527    74.974  5 55489.90086479 20.615
  85 230.927721  66.120288    71.477    70.128  5 55499.81649865 23.881
  86 230.928594  66.121893    75.291    73.269  5 55509.73213977 20.664
  87 230.928930  66.123098    75.583    75.386  5 55519.64778971 13.366
  88 230.929503  66.123518    75.691    75.384  5 55529.56343873 13.537
  89 230.930305  66.123254    75.674    75.314  5 55539.47908602 13.390
  90 230.930032  66.123217    75.546    75.326  5 55549.39473098 14.221
  91 230.929325  66.123919    75.805    75.777  6 55559.31037419 13.915
  92 230.931198  66.124936    75.638    75.458  6 55569.22601676 13.249
  93 230.932215  66.124899    75.182    74.970  5 55579.14165835 13.392
  94 230.928577  66.123198    75.796    75.873  6 55589.05729701 13.713
  95 230.927584  66.120663    75.674    75.519  5 55598.97293286 12.949
  96 230.926934  66.119311    76.126    75.970  6 55608.88856627 11.906
  97 230.925698  66.120122    76.364    76.086  5 55618.80419789 10.711
  98 230.929362  66.122144    76.242    76.130  5 55628.71984621  9.694
  99 230.928123  66.123100    76.296    76.144  5 55638.63549726 10.013
 100 230.927661  66.122047    76.398    76.160  5 55648.55114623 10.042
 101 230.926646  66.119894    76.737    76.510  6 55658.46679209  9.713
 102 230.926826  66.118878    76.192    75.834  5 55668.38243409 10.241
 103 230.924882  66.120108    76.144    76.108  5 55678.29807339  9.527
 104 230.927539  66.122426    76.709    75.836  5 55688.21371113  1.920
 105 230.931387  66.124051    67.901    62.846  5 55698.12934766  9.925
 106 230.931053  66.124099    26.488    26.442  5 55708.04498369 52.892
 107 230.929549  66.123188    24.942    24.979  6 55717.96063459 52.899
 108 230.931420  66.122850    24.259    24.259  5 55727.87628316 52.873
 109 230.931374  66.123604    37.371    40.904  5 55737.79192998 19.643
 110 230.930971  66.124628    25.141    25.086  5 55747.70757552 52.984
 111 230.930912  66.124520    26.142    27.253  5 55757.62321894 22.936
 112 230.929705  66.122831    27.783    28.314  6 55767.53885958 23.061
 113 230.927013  66.120434    24.339    24.395  5 55777.45449705 46.323
 114 230.927606  66.119038    23.711    23.740  5 55787.37013219 31.782
 115 230.926270  66.120053    24.118    24.111  5 55797.28576556 47.829
 116 230.927452  66.121974    23.784    23.786  6 55807.20140836 35.144
 117 230.928918  66.123228    23.683    23.728  5 55817.11705747 46.432
 118 230.926432  66.122343    22.993    23.019  5 55827.03270279 29.278
 119 230.926284  66.120481    23.546    23.530  6 55836.94834396 52.758
 120 230.925519  66.119207    85.393    85.424  6 55846.86398189 25.902
 121 230.926338  66.120383    76.083    75.849  5 55856.77961751 18.616
 122 230.931298  66.122698    71.709    71.948  5 55866.69526162 23.280
 123 230.930953  66.124644    75.520    75.451  6 55876.61091392 18.979
 133 230.926842  66.120067    75.930    75.905  6 55975.76734522 11.808
 134 230.928552  66.122086    75.980    75.986  6 55985.68298167 11.988
 135 230.930870  66.123219    75.743    75.490  5 55995.59861728 11.595
 136 230.929624  66.122306    75.976    75.649  5 56005.51426912 12.217
 137 230.927205  66.120362    75.989    75.720  5 56015.42991688 11.158
 139 230.927136  66.120809    76.237    76.245  5 56035.26120489 10.118
 141 230.928496  66.124797    76.136    75.911  5 56055.09248419 12.621
 142 230.932265  66.124911    29.038    29.057  5 56065.00811887 39.096
 143 230.929842  66.123984    25.247    25.196  5 56074.92376345 50.485
 144 230.930405  66.123394    26.123    25.133  5 56084.83941302 21.052
 145 230.931150  66.123369    37.387    37.366  5 56094.75506024 19.048
 146 230.930082  66.123712    25.389    25.374  5 56104.67070517 55.067
 147 230.928824  66.123223    25.225    25.212  5 56114.58633559 53.976
 148 230.929906  66.122184    24.029    24.040  5 56124.50197402 52.154
 149 230.926957  66.120763    23.876    23.883  6 56134.41760810 52.891
 150 230.925669  66.120131    23.775    23.816  5 56144.33324818 46.119
 151 230.926602  66.120560    23.890    23.857  6 56154.24889847 53.724
 152 230.929574  66.121749    23.518    23.558  5 56164.16454774 48.290
 153 230.929036  66.122575    23.675    23.743  5 56174.08019459 40.468
 154 230.928555  66.122304    23.725    23.682  6 56183.99583634 51.262
 155 230.926834  66.121194    23.823    23.848  6 56193.91147422 51.799
 156 230.925472  66.120689    22.973    22.967  5 56203.82710933 25.577
 157 230.929126  66.121639    86.396    85.757  5 56213.74274332 25.881
 158 230.927856  66.123738    91.887    91.440  5 56223.65837738 26.836
 159 230.930054  66.125022    91.139    91.223  5 56233.57403367 22.908
 160 230.932476  66.125006    75.733    75.286  5 56243.48968599 16.479
 161 230.930340  66.124207    75.982    75.809  6 56253.40533319 17.330
 162 230.928892  66.123690    75.600    75.479  5 56263.32097604 18.274
 164 230.928949  66.123564    75.639    75.336  6 56283.15226024 17.413
 165 230.928983  66.122784    75.640    75.312  6 56293.06791188 16.623
 166 230.928058  66.121365    75.492    75.084  6 56302.98355903 16.573
 167 230.928893  66.120331    75.504    75.340  5 56312.89920219 16.171
 168 230.927007  66.120532    75.621    75.522  5 56322.81484297 15.662
 169 230.928586  66.121554    75.955    75.834  6 56332.73048349 14.436
 170 230.929996  66.122228    75.512    75.341  5 56342.64612353 14.169
 171 230.926329  66.122277    75.933    76.075  5 56352.56176081 12.870
 172 230.928414  66.121518    75.977    75.630  6 56362.47740232 13.006
 173 230.926917  66.121117    76.176    76.117  5 56372.39305140 12.280
 175 230.928434  66.123080    75.727    75.558  5 56392.22434239 12.288
 176 230.928775  66.124179    75.971    75.689  5 56402.13998515 10.589
 177 230.928397  66.124636    75.035    74.693  5 56412.05562507  9.454
 178 230.929774  66.124350    61.029    61.001  5 56421.97126016 11.582
 179 230.930519  66.124083    34.600    40.402  5 56431.88690078 32.322
 180 230.929795  66.124014    65.955    66.019  6 56441.80255341 25.555
 181 230.928979  66.124065    26.297    26.284  5 56451.71820352 26.709
 182 230.929443  66.123366    25.150    25.178  5 56461.63385135 53.251
 183 230.927710  66.122014    24.978    24.951  6 56471.54949569 52.366
 184 230.925813  66.120778    69.852    73.570  5 56481.46513647 24.529
 185 230.928236  66.120490    24.271    24.321  5 56491.38077382 34.832
 187 230.927430  66.122486    24.086    24.077  5 56511.21204141 52.542
 188 230.928730  66.122772    23.153    23.247  6 56521.12768652 26.405
 189 230.928467  66.122191    26.194    23.247  5 56531.04333959 26.023
 191 230.929813  66.121296    25.217    23.242  5 56550.87463403 24.725
 192 230.926405  66.122570    23.795    23.778  5 56560.79027648 40.545
 193 230.930547  66.124144    27.102    26.206  5 56570.70591855 26.609
 194 230.929466  66.125330    23.376    23.362  5 56580.62155869 43.516
 195 230.932404  66.125002    76.076    75.797  5 56590.53719514 17.066
 196 230.930770  66.123956    74.850    74.459  5 56600.45284217 22.787
 197 230.929298  66.123278    75.706    72.209  6 56610.36849230 22.967
 198 230.932189  66.123786    75.668    75.547  5 56620.28413808 19.745
 199 230.931151  66.124449    75.435    75.016  5 56630.19978039 19.283
 200 230.932302  66.123913    75.648    75.315  5 56640.11541941 15.450
 201 230.927702  66.122018    75.588    75.493  5 56650.03106522 14.610
 202 230.928514  66.119995    75.447    75.049  5 56659.94671615 15.782
 203 230.926865  66.119757    75.767    75.572  6 56669.86236320 16.314
 205 230.929571  66.123273    75.976    75.556  5 56689.69365169 15.865
 206 230.929272  66.123480    75.810    75.668  6 56699.60929201 13.959
 207 230.929077  66.122111    75.839    75.449  5 56709.52492769 14.149
 208 230.929482  66.120911    75.470    75.264  5 56719.44056828 15.241
 209 230.927777  66.121223    74.487    74.419  6 56729.35622043 14.926
 211 230.931406  66.125255    75.547    75.406  5 56749.18751352 15.695
 212 230.930113  66.125905    75.661    75.907  5 56759.10315311 14.169
 213 230.929516  66.125004    75.713    75.192  5 56769.01878654  7.898
 214 230.931447  66.123442    76.430    76.372  5 56778.93443543 14.086
 215 230.929241  66.122865    25.079    25.102  5 56788.85009093 34.260
 216 230.929936  66.123332    65.303    72.039  5 56798.76574326 21.414
 217 230.929733  66.124214    75.842    75.938  5 56808.68138952 18.504
 219 230.927765  66.122219    36.175    38.271  5 56828.51266701 17.337
 220 230.926529  66.120220    48.089    51.589  5 56838.42830071 44.672
 221 230.927259  66.119954    24.470    24.525  6 56848.34393184 49.913
 222 230.929749  66.121389    23.955    23.938  5 56858.25958620 43.808
 223 230.928875  66.123471    24.445    23.256  6 56868.17523956 26.119
 224 230.928632  66.124001    23.617    23.640  5 56878.09089106 41.489
 225 230.931148  66.122838    23.007    23.067  5 56888.00653958 24.846
 226 230.928508  66.121306    23.415    23.434  6 56897.92218494 51.601
 227 230.928929  66.121415    24.522    23.163  5 56907.83782798 26.980
 228 230.931113  66.123379    27.154    28.858  5 56917.75346912 23.101
 229 230.931100  66.125732    30.530    31.199  6 56927.66910808 21.955
 230 230.931825  66.126569    28.378    29.088  5 56937.58474319 23.097
 231 230.930524  66.125441    81.971    82.130  6 56947.50037481 28.041
 232 230.930262  66.123345    85.412    82.640  5 56957.41602859 23.334
 233 230.930559  66.122289    70.529    69.577  5 56967.33167697 24.101
 234 230.929223  66.122987    75.913    75.875  6 56977.24732112 16.097
 235 230.927905  66.124185    75.902    76.074  5 56987.16296075 16.333
 236 230.930384  66.124075    75.608    75.258  5 56997.07859482 16.163
 237 230.928273  66.122384    75.805    75.477  5 57006.99424073 15.407
 238 230.928358  66.120311    75.469    75.401  5 57016.90989466 16.095
 239 230.927108  66.119863    75.680    75.527  5 57026.82554485 15.170
 240 230.927944  66.121511    75.390    75.338  5 57036.74119334 13.760
 241 230.930652  66.123345    75.697    75.240  5 57046.65683941 11.219
 242 230.929876  66.124080    75.888    75.393  5 57056.57248164 11.643
 243 230.927640  66.123066    76.141    75.939  5 57066.48811843 11.502
 244 230.927169  66.122183    76.091    75.795  5 57076.40375095 10.024
 245 230.929501  66.122375    76.035    75.868  5 57086.31938070  9.803
 246 230.929633  66.124089    75.791    75.443  5 57096.23503913 10.749
 247 230.932419  66.125742    75.914    75.463  5 57106.15069550  9.737
 248 230.930328  66.126260    75.784    75.143  5 57116.06634677  9.330
 249 230.932582  66.124980    75.939    75.520  5 57125.98199221  8.811
 250 230.931463  66.123317    62.608    61.305  5 57135.89763201  7.941
