# NaN NaN NaN ;Mean Elev.(m), Avg Gradient(m/km), RMS Gradient(m/km) - SRTM1     
#   47.265 -12.164  16.349 ;Mean Elev.(m), Avg Gradient(m/km), RMS Gradient(m/km) - ASTER GDEM
#   67.965 -21.980  29.355 ;Mean Elev.(m), Avg Gradient(m/km), RMS Gradient(m/km) - GMTED2010 
   3 235.124190  64.485039    -6.578    -6.468  5 54686.65342391  7.864
   5 235.126200  64.484874    -3.431    -3.421  4 54706.48470562  6.705
   7 235.140223  64.482839    11.382    11.387  7 54726.31600861  8.462
  10 235.128422  64.484822   288.459   288.404  5 54756.06294986  5.233
  11 235.127871  64.484480   289.243   289.391  5 54765.97859510  2.062
  12 235.131439  64.482658   288.072   288.067  5 54775.89423757  1.053
  14 235.124505  64.479186   293.341   293.341  2 54795.72551487  0.360
  17 235.129999  64.484222   117.380   115.493  5 54825.47243743 13.974
  18 235.130697  64.484042   115.349   115.311  5 54835.38807695 14.172
  19 235.129133  64.484245   120.633   119.633  5 54845.30372651 12.569
  20 235.126275  64.484963   117.319   115.148  5 54855.21937528 12.184
  21 235.122086  64.486015   119.499   119.298  4 54865.13502387 12.023
  22 235.119714  64.486160   118.899   118.957  4 54875.05067220 11.541
  23 235.122640  64.485523   120.154   120.434  4 54884.96631821 10.641
  24 235.128609  64.484059   118.129   116.190  4 54894.88196100  9.891
  25 235.134087  64.482944   120.834   121.265  6 54904.79760107 10.526
  26 235.137146  64.483087   117.438   116.159  7 54914.71323983 10.541
  27 235.132260  64.483301   117.630   115.975  6 54924.62887739  9.752
  28 235.129517  64.483694   123.075   124.424  5 54934.54451439  9.014
  29 235.131345  64.483300   117.787   116.609  6 54944.46014980  9.205
  30 235.138823  64.482197   128.542   128.469  7 54954.37578339 18.322
  31 235.140925  64.481050   135.520   136.227  7 54964.29142923 19.631
  32 235.143476  64.481905    58.174    58.195  6 54974.20707778 48.674
  33 235.138726  64.483127    58.813    58.838  6 54984.12272520 48.678
  34 235.132492  64.484107   110.077   106.882  5 54994.03837233 22.753
  36 235.133447  64.485292    58.140    58.140  2 55013.86966325 38.884
  37 235.125843  64.483844   128.693   128.683  5 55023.78530536 10.849
  38 235.127072  64.484740   124.667   130.787  5 55033.70094778 19.234
  39 235.124423  64.485031   130.775   131.095  5 55043.61658907 16.865
  41 235.129938  64.483649   116.854   117.377  6 55063.44786699 16.550
  42 235.136412  64.483010    57.126    57.142  6 55073.36351278 47.335
  43 235.139060  64.482637   121.509   121.207  7 55083.27916114 16.928
  44 235.149397  64.484910    56.999    56.999  2 55093.19480889 35.434
  45 235.145594  64.485382    55.870    55.870  2 55103.11045506 45.359
  46 235.129053  64.483532   191.440   191.534  5 55113.02609963  1.092
  48 235.152533  64.485615   127.178   127.178  2 55132.85738666 26.280
  50 235.138536  64.482427   112.391   112.552  7 55152.68866213 23.792
  51 235.135269  64.483003   123.798   125.104  7 55162.60430033 15.948
  52 235.132388  64.483644   125.605   125.638  5 55172.51993824 13.657
  54 235.130519  64.484203   125.561   125.612  5 55192.35122552 12.335
  55 235.125620  64.484412   125.606   125.458  5 55202.26687514 11.909
  56 235.122807  64.485003   125.188   125.015  4 55212.18252438 11.615
  57 235.122153  64.485296   125.629   125.698  4 55222.09817336 11.592
  58 235.125769  64.484990   125.676   125.736  4 55232.01382143 11.397
  59 235.131567  64.484159   125.966   125.973  5 55241.92946645 10.964
  60 235.135502  64.483360   125.926   125.727  6 55251.84510786 10.238
  61 235.136523  64.483172   125.916   125.934  7 55261.76074675 10.927
  62 235.133620  64.483332   126.234   126.037  5 55271.67638435  9.899
  63 235.131271  64.483222   125.706   125.432  6 55281.59202185 10.805
  64 235.135032  64.483172   126.068   126.086  7 55291.50765873  8.797
  66 235.151483  64.483777   129.336   129.338  3 55311.33894192 21.493
  67 235.140500  64.482249   128.508   128.558  6 55321.25458626 18.673
  68 235.138740  64.483148    57.619    57.566  7 55331.17023053 48.399
  69 235.132199  64.483519   119.919   123.777  6 55341.08587430 17.762
  70 235.126912  64.483286   118.664   123.268  5 55351.00151795 20.091
  71 235.128194  64.483584    57.371    57.402  5 55360.91716007 39.524
  72 235.127034  64.483598    56.829    56.873  5 55370.83279980 42.797
  73 235.125198  64.483917   131.598   131.789  5 55380.74843799 12.670
  74 235.125635  64.484642   119.485   119.307  4 55390.66407569 17.338
  75 235.126139  64.484219   113.362   112.708  5 55400.57971211 19.365
  76 235.132586  64.483756   113.604   113.437  5 55410.49536103 23.063
  77 235.139528  64.482896    60.435    62.438  7 55420.41101170 21.220
  78 235.142350  64.482403   130.118   131.642  7 55430.32665892 18.698
  79 235.138319  64.482763   112.117   112.340  6 55440.24230320 21.703
  80 235.133123  64.483567   114.650   115.137  6 55450.15794597 23.895
  81 235.132376  64.484023    56.088    56.079  5 55460.07358864 46.561
  82 235.143722  64.484782    55.182    55.195  3 55469.98923145 44.792
  83 235.145608  64.483285    58.829    58.803  4 55479.90487011 17.682
  87 235.119428  64.481804   294.320   294.320  2 55519.56742799  1.396
  88 235.128901  64.484035   125.481   125.587  5 55529.48307795 17.931
  89 235.126591  64.483548   123.689   125.324  5 55539.39872487 15.710
  90 235.127897  64.483904   122.437   121.956  5 55549.31436999 15.875
  91 235.119138  64.483494   186.941   186.941  2 55559.23001245  0.265
  93 235.124360  64.485262   117.689   115.752  4 55579.06129710 13.424
  94 235.126764  64.483341   120.788   124.187  5 55588.97693625 12.806
  95 235.139654  64.482215   124.873   124.731  7 55598.89257335 10.879
  96 235.157073  64.483300    56.184    56.164  3 55608.80820852 30.742
  97 235.140377  64.481117   124.116   124.915  7 55618.72383853  9.577
  98 235.135575  64.482997   124.709   124.652  7 55628.63948599  9.995
  99 235.132450  64.483758   124.817   124.967  5 55638.55513686 10.309
 100 235.137594  64.483579   122.485   125.286  6 55648.47078625  8.646
 101 235.139509  64.481768   120.771   120.937  7 55658.38643218  8.765
 102 235.143715  64.481590   124.266   124.624  7 55668.30207450  8.598
 103 235.138944  64.482109   127.846   127.732  7 55678.21771359  4.603
 104 235.132651  64.483300   124.870   123.814  6 55688.13335069 15.308
 105 235.131993  64.484506   252.320   252.320  2 55698.04898698  0.580
 106 235.131405  64.483886    58.482    58.458  5 55707.96462288 50.255
 107 235.133329  64.483661   113.016   104.272  5 55717.88027414 19.469
 108 235.131190  64.483505    57.667    57.704  5 55727.79592237 49.692
 109 235.128108  64.484156   127.485   127.954  5 55737.71156896 13.482
 110 235.124636  64.484842   104.958   104.444  4 55747.62721424 21.472
 111 235.125704  64.484831    57.437    57.423  5 55757.54285770 33.589
 112 235.129771  64.483384   111.658   109.859  5 55767.45849866 18.295
 113 235.141829  64.482460   125.440   129.472  7 55777.37413736 19.339
 114 235.141375  64.480668   113.823   112.678  7 55787.28977225 19.412
 115 235.142413  64.481591   113.089   114.818  7 55797.20540597 21.916
 116 235.138578  64.483068   118.411   120.159  7 55807.12104838 21.672
 118 235.135949  64.483047   128.664   128.664  6 55826.95234290 12.986
 119 235.148764  64.483115    55.772    55.797  5 55836.86798536 37.946
 120 235.148502  64.481742    55.420    55.417  6 55846.78362330 45.366
 123 235.126979  64.484398   187.987   187.497  5 55876.53055289  2.499
 133 235.140970  64.482375   116.573   116.615  7 55975.68698586 11.823
 134 235.136756  64.483362   115.357   115.249  7 55985.60262178 12.743
 135 235.133799  64.483338   116.273   116.176  6 55995.51825666 12.965
 136 235.135955  64.483061   116.542   117.061  7 56005.43390871 12.127
 137 235.139672  64.482041   115.974   115.805  7 56015.34955690 12.265
 139 235.138547  64.483166   116.078   116.108  7 56035.18084494 12.126
 143 235.130701  64.483993   123.219   121.895  5 56074.84340276 24.635
 144 235.135072  64.484788    58.508    58.508  2 56084.75905275 48.437
 145 235.130977  64.484433    61.096    61.101  5 56094.67469948 34.237
 146 235.125650  64.483850   132.331   131.607  5 56104.59034394 19.203
 147 235.131752  64.484091   108.966   108.360  5 56114.50597499 22.522
 148 235.133603  64.482971   117.448   113.858  6 56124.42161335 13.805
 149 235.142273  64.482432   114.890   115.119  7 56134.33724840 20.433
 150 235.143185  64.481925   116.412   116.471  7 56144.25288851 15.472
 151 235.139070  64.482258   129.270   129.613  6 56154.16853846 14.821
 152 235.134006  64.482994   106.653   105.257  6 56164.08418717 17.473
 153 235.133443  64.483730   124.309   125.377  5 56173.99983419 17.444
 155 235.138507  64.482693   130.172   130.644  7 56193.83111459 12.790
 156 235.140532  64.482424   126.120   126.721  7 56203.74675004 16.606
 157 235.138062  64.482773   117.562   115.503  7 56213.66238349 25.026
 161 235.125622  64.484050   125.451   125.427  5 56253.32497193 18.327
 162 235.129942  64.484437   125.611   125.623  5 56263.24061537 18.339
 164 235.129721  64.484156   124.474   124.484  5 56283.07189957 14.750
 165 235.130330  64.483668   118.154   116.270  5 56292.98755133 13.295
 166 235.133700  64.482938   117.468   116.696  6 56302.90319889 13.391
 167 235.137698  64.482720   120.504   120.103  6 56312.81884237 12.390
 168 235.137318  64.482885   118.170   116.692  7 56322.73448329 12.902
 169 235.135973  64.483583   116.182   115.982  6 56332.65012355 12.738
 170 235.131125  64.483084   119.720   118.012  6 56342.56576292 11.894
 171 235.135670  64.483179   118.830   116.886  7 56352.48140089 11.171
 172 235.139487  64.482855   118.975   116.938  7 56362.39704230 10.904
 173 235.138599  64.482888   118.187   117.069  6 56372.31269140 11.361
 175 235.129869  64.484488   117.527   116.178  5 56392.14398169  9.177
 176 235.124213  64.484452   116.848   116.616  5 56402.05962400 10.144
 177 235.125157  64.484549   115.431   114.651  5 56411.97526413  8.779
 178 235.130043  64.484372    56.928    56.899  5 56421.89089961 29.478
 179 235.138173  64.485369   129.022   129.022  2 56431.80654082 18.403
 180 235.128763  64.484668   128.432   128.460  5 56441.72219260 16.396
 181 235.128859  64.485268    60.480    60.539  3 56451.63784280 37.678
 182 235.132374  64.485165   128.868   128.997  3 56461.55349086 13.056
 183 235.131137  64.483357   109.908   110.526  6 56471.46913506 22.177
 184 235.137998  64.482916   111.396   110.824  6 56481.38477655 23.866
 185 235.139781  64.482741   112.528   114.439  7 56491.30041380 18.983
 187 235.137870  64.483382   113.464   113.740  6 56511.13168149 23.718
 188 235.135357  64.483138   130.135   130.652  6 56521.04732617 18.407
 189 235.145561  64.484612    57.830    57.616  4 56530.96298042 21.400
 191 235.146557  64.484619    56.014    55.999  4 56550.79427498 28.775
 192 235.135038  64.484344    55.690    55.685  4 56560.70991669 41.697
 193 235.125154  64.484492    55.760    55.833  5 56570.62555748 41.417
 198 235.125486  64.484053   290.491   291.305  4 56620.20377670  1.530
 199 235.124961  64.484731   114.368   114.049  4 56630.11941919 20.384
 200 235.128641  64.484355   117.036   115.228  5 56640.03505853 17.122
 201 235.136709  64.483432   115.952   115.801  6 56649.95070537 15.546
 202 235.140978  64.482427   121.481   121.590  7 56659.86635662 13.666
 203 235.138954  64.482226   117.626   117.067  7 56669.78200365 13.891
 205 235.127333  64.484102   117.852   116.742  5 56689.61329090 13.639
 208 235.139958  64.482484   119.134   117.197  7 56719.36020818 12.007
 209 235.137399  64.483212   122.590   122.270  6 56729.27586030 12.335
 211 235.122447  64.485717   115.864   115.328  5 56749.10715206 12.042
 212 235.120125  64.485459   115.317   115.338  4 56759.02279164 12.163
 215 235.131473  64.484324   124.080   130.612  5 56788.76973042 24.537
 216 235.131681  64.485663   128.530   128.626  3 56798.68538279 18.958
 217 235.123567  64.485484   128.705   128.761  4 56808.60102831 19.486
 219 235.128600  64.483139   112.256   111.547  5 56828.43230614 25.145
 220 235.140103  64.482182   109.603   102.112  6 56838.34794088 22.581
 221 235.141907  64.481524    59.340    59.367  6 56848.26357207 33.484
 222 235.136995  64.482982   112.512   112.287  6 56858.17922572 19.883
 223 235.135895  64.485390    56.172    56.172  2 56868.09487933 33.036
 224 235.126888  64.484684   128.552   128.551  5 56878.01053009 19.047
 225 235.128717  64.484037   106.891   107.418  4 56887.92617860 22.695
 226 235.141107  64.484706    55.413    55.413  2 56897.84182546 43.073
 227 235.139721  64.484901    55.106    55.093  3 56907.75746838 43.234
 228 235.126004  64.484769   127.046   126.737  4 56917.67310807 21.162
 229 235.123180  64.486323   129.109   129.189  4 56927.58874687 19.910
 230 235.120476  64.485949   127.825   127.849  5 56937.50438163 13.608
 234 235.126283  64.483472   122.449   124.578  5 56977.16696000 17.220
 235 235.127073  64.484599   125.366   125.383  4 56987.08260003 15.132
 236 235.130737  64.484332   125.232   125.359  5 56996.99823432 14.169
 237 235.136252  64.483324   125.760   125.668  6 57006.91388070 12.810
 238 235.141178  64.482560   125.761   125.717  7 57016.82953511 12.758
 239 235.140808  64.482533   125.623   125.742  7 57026.74518539 12.189
 240 235.131758  64.483075   124.100   124.639  6 57036.66083299 12.084
 241 235.128568  64.484420   123.668   124.361  5 57046.57647858 10.982
 242 235.126446  64.484424   120.853   121.261  5 57056.49212064 11.282
 243 235.132171  64.483802   124.658   124.515  5 57066.40775806 10.724
 244 235.137809  64.483418   122.673   124.470  7 57076.32339108  9.882
 245 235.136431  64.482860   124.215   124.922  7 57086.23902048  9.021
 246 235.125866  64.483855   122.022   121.178  5 57096.15467783  9.084
 247 235.121828  64.485565   119.901   119.074  5 57106.07033381  8.888
 248 235.119112  64.485722   120.952   120.796  4 57115.98598515  8.239
 249 235.124932  64.485331   119.871   118.014  4 57125.90163095  5.894
 250 235.128107  64.484034   117.547   114.705  5 57135.81727110 19.436
