# NaN NaN NaN ;Mean Elev.(m), Avg Gradient(m/km), RMS Gradient(m/km) - SRTM1     
#    8.418  -2.074   9.679 ;Mean Elev.(m), Avg Gradient(m/km), RMS Gradient(m/km) - ASTER GDEM
#   30.000  -1.719   9.626 ;Mean Elev.(m), Avg Gradient(m/km), RMS Gradient(m/km) - GMTED2010 
   1    38.346 54665.88672764 20.55 230.851672  66.030417  8.235 -100.00 -100.00 -100.00
   1    37.560 54665.88672823 23.94 230.858097  66.030678 15.770 -100.00 -100.00 -100.00
   1    26.251 54665.88672882 24.77 230.864522  66.030939 15.752 -100.00 -100.00 -100.00
   1    26.426 54665.88672941 28.61 230.870947  66.031199 29.256 -100.00 -100.00 -100.00
   1    26.356 54665.88673000 30.56 230.877372  66.031458   -100 -100.00 -100.00 -100.00
   2    26.633 54675.80237264 40.90 230.855575  66.031722 15.804 -100.00 -100.00 -100.00
   2    26.146 54675.80237323 45.19 230.862000  66.031983 24.294 -100.00 -100.00 -100.00
   2    25.331 54675.80237382 55.55 230.868425  66.032243 22.871 -100.00 -100.00 -100.00
   2    25.582 54675.80237441 50.59 230.874851  66.032503  7.797 -100.00 -100.00 -100.00
   2    25.814 54675.80237501 50.01 230.881276  66.032762   -100 -100.00 -100.00 -100.00
   3    -7.710 54685.71801602  8.89 230.856935  66.033521  2.463 -100.00 -100.00 -100.00
   3    -6.385 54685.71801661  8.60 230.863361  66.033781  2.485 -100.00 -100.00 -100.00
   3    -5.507 54685.71801720  8.86 230.869787  66.034041  2.979 -100.00 -100.00 -100.00
   3    -4.805 54685.71801779  9.24 230.876212  66.034301  4.838 -100.00 -100.00 -100.00
   3    -3.914 54685.71801838  7.94 230.882638  66.034561  2.479 -100.00 -100.00 -100.00
   4    61.343 54695.63365729 27.75 230.852855  66.034343   -100 -100.00 -100.00 -100.00
   4    62.106 54695.63365788 19.97 230.859281  66.034604 18.180 -100.00 -100.00 -100.00
   4    61.731 54695.63365847 18.78 230.865707  66.034864 14.738 -100.00 -100.00 -100.00
   4    67.320 54695.63365907 16.20 230.872133  66.035124 10.425 -100.00 -100.00 -100.00
   4    70.325 54695.63365966 14.51 230.878559  66.035384  8.902 -100.00 -100.00 -100.00
   5    -5.305 54705.54929626  9.93 230.851331  66.033307  2.637 -100.00 -100.00 -100.00
   5    -4.532 54705.54929685  9.54 230.857756  66.033568  2.550 -100.00 -100.00 -100.00
   5    -3.767 54705.54929744  9.92 230.864182  66.033829  2.851 -100.00 -100.00 -100.00
   5    -2.549 54705.54929803  9.59 230.870607  66.034089  2.671 -100.00 -100.00 -100.00
   5    -1.550 54705.54929862  9.22 230.877033  66.034349  2.428 -100.00 -100.00 -100.00
   5   -30.484 54705.54929921 18.08 230.883458  66.034609 16.807 -100.00 -100.00 -100.00
   6    25.691 54715.46494885 40.03 230.855343  66.031069 19.724 -100.00 -100.00 -100.00
   6    25.579 54715.46494944 44.16 230.861768  66.031329 23.676 -100.00 -100.00 -100.00
   6    25.127 54715.46495003 51.16 230.868192  66.031589   -100 -100.00 -100.00 -100.00
   6    25.115 54715.46495062 40.96 230.874617  66.031849   -100 -100.00 -100.00 -100.00
   6    25.302 54715.46495121 46.62 230.881042  66.032109   -100 -100.00 -100.00 -100.00
   7     5.617 54725.38059881 11.91 230.854720  66.028745  2.053 -100.00 -100.00 -100.00
   7     5.870 54725.38059940 12.08 230.861143  66.029006  1.887 -100.00 -100.00 -100.00
   7     6.110 54725.38059999 11.67 230.867567  66.029266  2.022 -100.00 -100.00 -100.00
   7     6.341 54725.38060058 11.61 230.873991  66.029526  2.347 -100.00 -100.00 -100.00
   7    -6.694 54725.38060117 17.21 230.880415  66.029786  9.155 -100.00 -100.00 -100.00
   8    24.981 54735.29624718 42.08 230.857545  66.028468   -100 -100.00 -100.00 -100.00
   8    24.883 54735.29624777 33.76 230.863969  66.028728 22.922 -100.00 -100.00 -100.00
   8    25.037 54735.29624836 33.73 230.870393  66.028988 20.480 -100.00 -100.00 -100.00
   8    25.124 54735.29624895 42.67 230.876817  66.029248   -100 -100.00 -100.00 -100.00
   9    24.825 54745.21189417 24.61 230.855512  66.030077 13.325 -100.00 -100.00 -100.00
   9    24.943 54745.21189477 25.45 230.861937  66.030337 14.693 -100.00 -100.00 -100.00
   9    25.477 54745.21189536 27.78 230.868361  66.030597 19.460 -100.00 -100.00 -100.00
   9    25.231 54745.21189595 30.60 230.874786  66.030857 28.102 -100.00 -100.00 -100.00
   9    25.155 54745.21189654 30.84 230.881211  66.031116 24.966 -100.00 -100.00 -100.00
  10    61.831 54755.12754056 24.83 230.851514  66.031564 13.226 -100.00 -100.00 -100.00
  10    62.003 54755.12754115 24.30 230.857939  66.031824 13.349 -100.00 -100.00 -100.00
  10    62.030 54755.12754174 21.80 230.864364  66.032084  8.744 -100.00 -100.00 -100.00
  10    74.174 54755.12754233 20.18 230.870789  66.032344  6.827 -100.00 -100.00 -100.00
  10    75.469 54755.12754292 19.02 230.877215  66.032603  6.933 -100.00 -100.00 -100.00
  11    61.927 54765.04318616 25.94 230.852486  66.031345 10.924 -100.00 -100.00 -100.00
  11    61.737 54765.04318675 25.45 230.858911  66.031606 10.905 -100.00 -100.00 -100.00
  11    78.786 54765.04318734 20.97 230.865337  66.031866  5.563 -100.00 -100.00 -100.00
  11    68.961 54765.04318793 23.57 230.871762  66.032125  8.292 -100.00 -100.00 -100.00
  11    74.793 54765.04318852 23.80 230.878188  66.032385  8.663 -100.00 -100.00 -100.00
  12    66.171 54774.95882896 19.43 230.854552  66.029225 10.776 -100.00 -100.00 -100.00
  12    78.103 54774.95882955 16.68 230.860977  66.029485  5.778 -100.00 -100.00 -100.00
  12    70.318 54774.95883014 18.70 230.867402  66.029745  4.754 -100.00 -100.00 -100.00
  12    71.349 54774.95883073 18.43 230.873827  66.030005  4.518 -100.00 -100.00 -100.00
  12    72.197 54774.95883132 17.92 230.880253  66.030264  4.186 -100.00 -100.00 -100.00
  13    65.294 54784.87446905 19.96 230.854620  66.027270  5.700 -100.00 -100.00 -100.00
  13    66.507 54784.87446964 19.62 230.861045  66.027531  5.186 -100.00 -100.00 -100.00
  13    67.528 54784.87447023 18.76 230.867470  66.027791  4.356 -100.00 -100.00 -100.00
  13    72.790 54784.87447082 18.09 230.873895  66.028050  3.996 -100.00 -100.00 -100.00
  13    73.658 54784.87447141 17.94 230.880320  66.028310  4.514 -100.00 -100.00 -100.00
  14    64.915 54794.79010781 21.28 230.858002  66.027541  7.556 -100.00 -100.00 -100.00
  14    68.223 54794.79010840 19.38 230.864427  66.027801  4.839 -100.00 -100.00 -100.00
  14    69.931 54794.79010899 19.29 230.870852  66.028061  5.057 -100.00 -100.00 -100.00
  14    71.365 54794.79010958 18.75 230.877277  66.028321  4.659 -100.00 -100.00 -100.00
  17    67.115 54824.53702762 17.33 230.852395  66.031707  4.560 -100.00 -100.00 -100.00
  17    67.058 54824.53702821 18.20 230.858821  66.031968  5.951 -100.00 -100.00 -100.00
  17    69.139 54824.53702880 17.41 230.865246  66.032229  3.966 -100.00 -100.00 -100.00
  17    71.195 54824.53702939 17.66 230.871671  66.032489  4.514 -100.00 -100.00 -100.00
  17    71.691 54824.53702998 17.16 230.878097  66.032749  4.011 -100.00 -100.00 -100.00
  18    66.716 54834.45266731 17.59 230.851456  66.030856  5.499 -100.00 -100.00 -100.00
  18    67.667 54834.45266790 17.15 230.857881  66.031117  4.249 -100.00 -100.00 -100.00
  18    69.882 54834.45266849 17.21 230.864306  66.031377  4.818 -100.00 -100.00 -100.00
  18    70.473 54834.45266908 16.64 230.870731  66.031637  3.698 -100.00 -100.00 -100.00
  18    71.585 54834.45266967 16.26 230.877156  66.031897  3.898 -100.00 -100.00 -100.00
  19    67.613 54844.36831772 16.76 230.857390  66.031042  4.823 -100.00 -100.00 -100.00
  19    67.590 54844.36831831 16.96 230.863815  66.031302  4.720 -100.00 -100.00 -100.00
  19    73.574 54844.36831890 16.04 230.870240  66.031562  3.645 -100.00 -100.00 -100.00
  19    71.720 54844.36831949 15.67 230.876665  66.031822  3.610 -100.00 -100.00 -100.00
  20    67.258 54854.28396657 16.64 230.855653  66.032033  4.938 -100.00 -100.00 -100.00
  20    68.088 54854.28396716 17.19 230.862078  66.032293  5.275 -100.00 -100.00 -100.00
  20    72.977 54854.28396775 16.26 230.868503  66.032553  3.771 -100.00 -100.00 -100.00
  20    71.537 54854.28396834 16.41 230.874929  66.032813  3.912 -100.00 -100.00 -100.00
  20    74.790 54854.28396893 15.93 230.881354  66.033072  3.525 -100.00 -100.00 -100.00
  21    67.595 54864.19961507 16.33 230.852065  66.033652  4.251 -100.00 -100.00 -100.00
  21    71.462 54864.19961566 16.41 230.858491  66.033913  4.581 -100.00 -100.00 -100.00
  21    68.881 54864.19961625 17.17 230.864917  66.034173  4.804 -100.00 -100.00 -100.00
  21    70.291 54864.19961684 16.93 230.871343  66.034432  4.880 -100.00 -100.00 -100.00
  21    74.311 54864.19961743 16.27 230.877769  66.034692  4.109 -100.00 -100.00 -100.00
  22    66.359 54874.11526361 16.68 230.851800  66.034291  5.379 -100.00 -100.00 -100.00
  22    68.408 54874.11526420 16.09 230.858226  66.034551  4.710 -100.00 -100.00 -100.00
  22    68.561 54874.11526479 16.80 230.864652  66.034811  5.571 -100.00 -100.00 -100.00
  22    70.549 54874.11526538 16.72 230.871078  66.035071  4.882 -100.00 -100.00 -100.00
  22    72.228 54874.11526597 15.88 230.877505  66.035330  4.845 -100.00 -100.00 -100.00
  22    75.712 54874.11526656 15.86 230.883932  66.035589  4.759 -100.00 -100.00 -100.00
  23    66.942 54884.03091003 17.02 230.856362  66.033391  5.555 -100.00 -100.00 -100.00
  23    72.403 54884.03091063 15.97 230.862788  66.033651  3.833 -100.00 -100.00 -100.00
  23    73.617 54884.03091122 15.27 230.869215  66.033911  3.614 -100.00 -100.00 -100.00
  23    73.940 54884.03091181 15.91 230.875641  66.034170  4.923 -100.00 -100.00 -100.00
  23    75.574 54884.03091240 14.77 230.882067  66.034429  2.970 -100.00 -100.00 -100.00
  24    67.258 54893.94655259 16.57 230.856210  66.030817  4.908 -100.00 -100.00 -100.00
  24    68.857 54893.94655318 15.92 230.862635  66.031077  3.787 -100.00 -100.00 -100.00
  24    70.573 54893.94655377 16.09 230.869061  66.031337  4.106 -100.00 -100.00 -100.00
  24    71.682 54893.94655436 15.69 230.875487  66.031597  3.623 -100.00 -100.00 -100.00
  25    67.264 54903.86219256 16.01 230.857090  66.028684  4.233 -100.00 -100.00 -100.00
  25    68.377 54903.86219315 15.99 230.863515  66.028944  4.957 -100.00 -100.00 -100.00
  25    70.143 54903.86219374 15.60 230.869941  66.029204  3.924 -100.00 -100.00 -100.00
  25    71.352 54903.86219433 15.13 230.876366  66.029464  3.930 -100.00 -100.00 -100.00
  26    67.126 54913.77783127 16.59 230.856963  66.028465  6.253 -100.00 -100.00 -100.00
  26    68.906 54913.77783186 15.78 230.863388  66.028725  4.678 -100.00 -100.00 -100.00
  26    71.897 54913.77783245 15.01 230.869813  66.028985  3.550 -100.00 -100.00 -100.00
  26    72.578 54913.77783304 14.43 230.876238  66.029244  3.469 -100.00 -100.00 -100.00
  27    67.934 54923.69346942 15.95 230.857644  66.029855  4.934 -100.00 -100.00 -100.00
  27    69.499 54923.69347001 15.48 230.864069  66.030115  4.552 -100.00 -100.00 -100.00
  27    72.432 54923.69347060 15.13 230.870494  66.030375  4.357 -100.00 -100.00 -100.00
  27    73.330 54923.69347119 13.79 230.876919  66.030634  2.901 -100.00 -100.00 -100.00
  28    66.622 54933.60910628 15.04 230.852931  66.030957  5.285 -100.00 -100.00 -100.00
  28    67.192 54933.60910687 15.66 230.859356  66.031218  5.156 -100.00 -100.00 -100.00
  28    71.709 54933.60910746 14.54 230.865781  66.031478  3.860 -100.00 -100.00 -100.00
  28    71.026 54933.60910805 14.10 230.872206  66.031738  3.635 -100.00 -100.00 -100.00
  28    74.158 54933.60910864 13.94 230.878632  66.031997  3.169 -100.00 -100.00 -100.00
  29    66.906 54943.52474160 14.05 230.852638  66.030624  4.155 -100.00 -100.00 -100.00
  29    67.435 54943.52474219 14.75 230.859063  66.030885  5.812 -100.00 -100.00 -100.00
  29    69.652 54943.52474278 14.49 230.865488  66.031145  5.018 -100.00 -100.00 -100.00
  29    70.912 54943.52474337 13.30 230.871913  66.031405  3.394 -100.00 -100.00 -100.00
  29    74.542 54943.52474396 12.62 230.878337  66.031665  2.888 -100.00 -100.00 -100.00
  30    62.310 54953.44037494 21.74 230.853301  66.028744  7.470 -100.00 -100.00 -100.00
  30    61.770 54953.44037553 21.07 230.859725  66.029005  8.038 -100.00 -100.00 -100.00
  30    72.959 54953.44037612 17.63 230.866149  66.029265  4.295 -100.00 -100.00 -100.00
  30    74.341 54953.44037671 16.60 230.872573  66.029525  3.574 -100.00 -100.00 -100.00
  30    75.296 54953.44037730 16.14 230.878997  66.029785  3.437 -100.00 -100.00 -100.00
  31    62.174 54963.35601960 22.79 230.856850  66.027113  9.956 -100.00 -100.00 -100.00
  31    67.148 54963.35602019 18.72 230.863273  66.027373  5.652 -100.00 -100.00 -100.00
  31    72.750 54963.35602078 16.66 230.869696  66.027634  8.328 -100.00 -100.00 -100.00
  31    74.288 54963.35602137 17.19 230.876120  66.027894  7.781 -100.00 -100.00 -100.00
  32    32.262 54973.27166811 32.80 230.857266  66.027345 25.670 -100.00 -100.00 -100.00
  32    32.331 54973.27166870 32.34 230.863689  66.027605 22.142 -100.00 -100.00 -100.00
  32    31.930 54973.27166929 37.85 230.870112  66.027865   -100 -100.00 -100.00 -100.00
  32    31.984 54973.27166988 34.73 230.876536  66.028125 29.599 -100.00 -100.00 -100.00
  33    27.355 54983.18731568 42.94 230.855660  66.029163 16.872 -100.00 -100.00 -100.00
  33    26.900 54983.18731627 49.33 230.862084  66.029423 29.862 -100.00 -100.00 -100.00
  33    26.881 54983.18731745 47.97 230.874932  66.029943   -100 -100.00 -100.00 -100.00
  33    26.990 54983.18731804 51.58 230.881357  66.030203   -100 -100.00 -100.00 -100.00
  34    62.582 54993.10296306 17.77 230.854638  66.031172  7.136 -100.00 -100.00 -100.00
  34    83.443 54993.10296365 21.12 230.861062  66.031433 12.702 -100.00 -100.00 -100.00
  34    83.622 54993.10296424 29.94 230.867487  66.031693 19.102 -100.00 -100.00 -100.00
  34    81.808 54993.10296483 28.90 230.873912  66.031953 18.908 -100.00 -100.00 -100.00
  34    81.548 54993.10296542 24.88 230.880337  66.032212 18.821 -100.00 -100.00 -100.00
  35    28.091 55003.01860972 43.02 230.856529  66.032044 21.677 -100.00 -100.00 -100.00
  35    27.888 55003.01861031 47.37 230.862954  66.032304 29.895 -100.00 -100.00 -100.00
  35    27.486 55003.01861090 49.54 230.869380  66.032565   -100 -100.00 -100.00 -100.00
  35    27.487 55003.01861149 46.73 230.875805  66.032824   -100 -100.00 -100.00 -100.00
  35    27.530 55003.01861208 49.18 230.882231  66.033084   -100 -100.00 -100.00 -100.00
  36    60.990 55012.93425381 25.23 230.851724  66.031606 11.541 -100.00 -100.00 -100.00
  36    26.355 55012.93425440 28.11 230.858150  66.031866 19.238 -100.00 -100.00 -100.00
  36    26.443 55012.93425499 34.50 230.864575  66.032126   -100 -100.00 -100.00 -100.00
  36    26.579 55012.93425558 35.34 230.871000  66.032386 32.402 -100.00 -100.00 -100.00
  36    26.687 55012.93425617 37.04 230.877426  66.032646 31.746 -100.00 -100.00 -100.00
  37    61.920 55022.84989712 22.41 230.853971  66.031185  8.348 -100.00 -100.00 -100.00
  37    26.600 55022.84989771 29.70 230.860397  66.031445 30.561 -100.00 -100.00 -100.00
  37    26.482 55022.84989830 32.21 230.866822  66.031705   -100 -100.00 -100.00 -100.00
  37    26.531 55022.84989889 32.83 230.873247  66.031965   -100 -100.00 -100.00 -100.00
  37    26.738 55022.84989949 34.45 230.879673  66.032224   -100 -100.00 -100.00 -100.00
  38    27.388 55032.76553939 41.04 230.853060  66.031746 18.313 -100.00 -100.00 -100.00
  38    27.001 55032.76553998 43.25 230.859486  66.032006 21.142 -100.00 -100.00 -100.00
  38    26.718 55032.76554057 50.18 230.865911  66.032266   -100 -100.00 -100.00 -100.00
  38    26.458 55032.76554117 49.87 230.872336  66.032526   -100 -100.00 -100.00 -100.00
  38    26.583 55032.76554176 48.55 230.878762  66.032785   -100 -100.00 -100.00 -100.00
  39    25.759 55042.68118134 39.12 230.856230  66.032975 22.247 -100.00 -100.00 -100.00
  39    25.786 55042.68118193 41.99 230.862656  66.033235 29.779 -100.00 -100.00 -100.00
  39    25.627 55042.68118252 45.46 230.869081  66.033495   -100 -100.00 -100.00 -100.00
  39    25.600 55042.68118311 46.17 230.875507  66.033755   -100 -100.00 -100.00 -100.00
  39    25.779 55042.68118370 49.42 230.881933  66.034014   -100 -100.00 -100.00 -100.00
  40    25.380 55052.59682098 32.84 230.851436  66.033174 17.893 -100.00 -100.00 -100.00
  40    25.679 55052.59682157 36.69 230.857862  66.033434 20.801 -100.00 -100.00 -100.00
  40    26.192 55052.59682216 38.07 230.864287  66.033695 15.595 -100.00 -100.00 -100.00
  40    25.506 55052.59682275 42.22 230.870712  66.033955 28.060 -100.00 -100.00 -100.00
  40    25.688 55052.59682334 44.37 230.877138  66.034215   -100 -100.00 -100.00 -100.00
  41    25.605 55062.51245901 37.03 230.853514  66.031982 20.839 -100.00 -100.00 -100.00
  41    24.949 55062.51245960 39.49 230.859939  66.032243   -100 -100.00 -100.00 -100.00
  41    25.253 55062.51246019 32.84 230.866364  66.032503 19.705 -100.00 -100.00 -100.00
  41    25.384 55062.51246078 34.27 230.872789  66.032763 17.160 -100.00 -100.00 -100.00
  41    25.592 55062.51246137 41.60 230.879214  66.033023   -100 -100.00 -100.00 -100.00
  42    26.063 55072.42810286 41.13 230.852952  66.029822 23.888 -100.00 -100.00 -100.00
  42    26.220 55072.42810345 43.24 230.859376  66.030082 22.238 -100.00 -100.00 -100.00
  42    26.070 55072.42810404 54.92 230.865800  66.030343   -100 -100.00 -100.00 -100.00
  42    25.937 55072.42810463 49.56 230.872224  66.030603   -100 -100.00 -100.00 -100.00
  42    26.216 55072.42810522 52.32 230.878649  66.030863   -100 -100.00 -100.00 -100.00
  43    25.101 55082.34375147 42.17 230.855368  66.028248   -100 -100.00 -100.00 -100.00
  43    25.133 55082.34375206 35.73 230.861791  66.028509 28.369 -100.00 -100.00 -100.00
  43    25.155 55082.34375265 42.13 230.868215  66.028769   -100 -100.00 -100.00 -100.00
  43    25.397 55082.34375324 40.15 230.874639  66.029028   -100 -100.00 -100.00 -100.00
  43    25.381 55082.34375383 44.10 230.881063  66.029288   -100 -100.00 -100.00 -100.00
  44    26.722 55092.25939822 41.98 230.854508  66.028225 18.463 -100.00 -100.00 -100.00
  44    26.297 55092.25939881 44.09 230.860931  66.028486 22.497 -100.00 -100.00 -100.00
  44    25.959 55092.25939940 50.27 230.867355  66.028746   -100 -100.00 -100.00 -100.00
  44    26.038 55092.25939999 45.57 230.873779  66.029005   -100 -100.00 -100.00 -100.00
  44    25.802 55092.25940058 51.87 230.880204  66.029265   -100 -100.00 -100.00 -100.00
  45    25.795 55102.17504457 42.22 230.852600  66.029382 22.763 -100.00 -100.00 -100.00
  45    25.684 55102.17504516 43.32 230.859024  66.029642 23.554 -100.00 -100.00 -100.00
  45    25.615 55102.17504575 48.40 230.865448  66.029902 30.430 -100.00 -100.00 -100.00
  45    24.443 55102.17504634 49.38 230.871873  66.030162  9.749 -100.00 -100.00 -100.00
  45    25.429 55102.17504693 53.45 230.878298  66.030422  5.841 -100.00 -100.00 -100.00
  46    38.180 55112.09069092 22.97 230.854347  66.030746  6.990 -100.00 -100.00 -100.00
  46    27.816 55112.09069151 24.27 230.860772  66.031006  8.618 -100.00 -100.00 -100.00
  46    37.562 55112.09069210 24.21 230.867197  66.031266  8.686 -100.00 -100.00 -100.00
  46    24.972 55112.09069269 31.90 230.873622  66.031526 31.153 -100.00 -100.00 -100.00
  46    25.214 55112.09069328 32.03 230.880047  66.031785 22.090 -100.00 -100.00 -100.00
  47    61.628 55122.00633515 27.84 230.857872  66.030699 14.024 -100.00 -100.00 -100.00
  47    61.641 55122.00633574 27.31 230.864298  66.030959 12.598 -100.00 -100.00 -100.00
  47    61.394 55122.00633633 24.93 230.870723  66.031219  8.414 -100.00 -100.00 -100.00
  47    61.093 55122.00633692 24.91 230.877149  66.031478  9.751 -100.00 -100.00 -100.00
  48    61.279 55131.92197590 28.08 230.855256  66.029135 16.418 -100.00 -100.00 -100.00
  48    61.511 55131.92197649 22.22 230.861681  66.029396  8.362 -100.00 -100.00 -100.00
  48    68.981 55131.92197708 19.46 230.868107  66.029656  5.415 -100.00 -100.00 -100.00
  48    68.525 55131.92197767 20.94 230.874532  66.029915  6.173 -100.00 -100.00 -100.00
  48    74.939 55131.92197826 19.00 230.880957  66.030175  4.494 -100.00 -100.00 -100.00
  49    61.242 55141.83761497 24.24 230.856385  66.027705 10.315 -100.00 -100.00 -100.00
  49    61.550 55141.83761556 22.48 230.862810  66.027965  6.288 -100.00 -100.00 -100.00
  49    61.591 55141.83761615 22.69 230.869235  66.028225  7.191 -100.00 -100.00 -100.00
  49    70.465 55141.83761674 21.54 230.875660  66.028485  5.600 -100.00 -100.00 -100.00
  50    65.413 55151.75325343 24.04 230.857383  66.027928  6.994 -100.00 -100.00 -100.00
  50    67.336 55151.75325402 23.35 230.863808  66.028188  7.228 -100.00 -100.00 -100.00
  50    68.193 55151.75325461 23.77 230.870233  66.028448  7.063 -100.00 -100.00 -100.00
  50    69.313 55151.75325520 23.37 230.876658  66.028707  8.067 -100.00 -100.00 -100.00
  51    65.110 55161.66889150 21.99 230.851891  66.029271  5.060 -100.00 -100.00 -100.00
  51    66.424 55161.66889209 21.32 230.858316  66.029531  4.849 -100.00 -100.00 -100.00
  51    69.051 55161.66889268 21.19 230.864741  66.029791  5.967 -100.00 -100.00 -100.00
  51    70.233 55161.66889327 21.18 230.871166  66.030051  4.910 -100.00 -100.00 -100.00
  51    71.841 55161.66889386 20.65 230.877591  66.030311  5.186 -100.00 -100.00 -100.00
  52    61.852 55171.58452967 21.87 230.851699  66.030945  6.045 -100.00 -100.00 -100.00
  52    66.479 55171.58453026 21.35 230.858124  66.031205  5.538 -100.00 -100.00 -100.00
  52    68.563 55171.58453085 21.20 230.864549  66.031466  5.872 -100.00 -100.00 -100.00
  52    70.544 55171.58453144 19.99 230.870974  66.031726  4.189 -100.00 -100.00 -100.00
  52    72.565 55171.58453203 19.55 230.877400  66.031986  4.090 -100.00 -100.00 -100.00
  53    67.816 55181.50016675 20.70 230.856680  66.031860  4.937 -100.00 -100.00 -100.00
  53    67.881 55181.50016734 20.80 230.863106  66.032121  5.946 -100.00 -100.00 -100.00
  53    70.184 55181.50016793 20.81 230.869531  66.032381  5.714 -100.00 -100.00 -100.00
  53    74.890 55181.50016853 20.07 230.875956  66.032641  4.175 -100.00 -100.00 -100.00
  54    60.983 55191.41581605 24.29 230.854612  66.031683 11.343 -100.00 -100.00 -100.00
  54    67.637 55191.41581664 20.82 230.861037  66.031943  6.277 -100.00 -100.00 -100.00
  54    69.742 55191.41581723 20.47 230.867462  66.032203  5.676 -100.00 -100.00 -100.00
  54    71.445 55191.41581782 19.99 230.873888  66.032463  4.857 -100.00 -100.00 -100.00
  54    73.000 55191.41581841 18.82 230.880313  66.032723  3.915 -100.00 -100.00 -100.00
  55    61.355 55201.33146633 22.81 230.855624  66.031958  8.921 -100.00 -100.00 -100.00
  55    66.994 55201.33146692 21.86 230.862049  66.032218  7.420 -100.00 -100.00 -100.00
  55    69.643 55201.33146751 20.48 230.868474  66.032478  4.935 -100.00 -100.00 -100.00
  55    71.720 55201.33146810 19.29 230.874899  66.032738  4.346 -100.00 -100.00 -100.00
  55    75.908 55201.33146869 18.96 230.881325  66.032997  3.476 -100.00 -100.00 -100.00
  56    66.817 55211.24711582 20.83 230.854744  66.032500  5.309 -100.00 -100.00 -100.00
  56    68.305 55211.24711641 20.06 230.861169  66.032760  4.471 -100.00 -100.00 -100.00
  56    68.475 55211.24711700 20.35 230.867595  66.033020  4.768 -100.00 -100.00 -100.00
  56    74.301 55211.24711759 19.67 230.874020  66.033280  4.465 -100.00 -100.00 -100.00
  56    74.603 55211.24711818 19.08 230.880446  66.033539  4.136 -100.00 -100.00 -100.00
  57    66.626 55221.16276471 19.84 230.852495  66.032947  4.811 -100.00 -100.00 -100.00
  57    66.714 55221.16276530 21.08 230.858921  66.033207  7.381 -100.00 -100.00 -100.00
  57    67.108 55221.16276589 21.03 230.865346  66.033467  5.548 -100.00 -100.00 -100.00
  57    69.808 55221.16276648 20.27 230.871772  66.033727  4.899 -100.00 -100.00 -100.00
  57    75.483 55221.16276707 19.03 230.878198  66.033986  4.460 -100.00 -100.00 -100.00
  58    66.980 55231.07841293 19.19 230.855228  66.032501  4.897 -100.00 -100.00 -100.00
  58    68.165 55231.07841352 19.57 230.861654  66.032762  5.219 -100.00 -100.00 -100.00
  58    72.820 55231.07841411 19.04 230.868080  66.033021  5.063 -100.00 -100.00 -100.00
  58    71.349 55231.07841470 19.70 230.874506  66.033281  5.184 -100.00 -100.00 -100.00
  58    72.281 55231.07841529 18.02 230.880932  66.033540  4.086 -100.00 -100.00 -100.00
  59    66.447 55240.99405747 20.10 230.853128  66.031073  6.738 -100.00 -100.00 -100.00
  59    66.878 55240.99405806 19.50 230.859554  66.031334  5.406 -100.00 -100.00 -100.00
  59    69.163 55240.99405865 19.45 230.865979  66.031594  5.469 -100.00 -100.00 -100.00
  59    70.153 55240.99405924 19.20 230.872405  66.031854  4.822 -100.00 -100.00 -100.00
  59    74.659 55240.99405983 18.82 230.878831  66.032113  5.351 -100.00 -100.00 -100.00
  60    67.119 55250.90969888 19.30 230.855570  66.029571  4.862 -100.00 -100.00 -100.00
  60    66.815 55250.90969947 19.61 230.861996  66.029831  5.107 -100.00 -100.00 -100.00
  60    69.100 55250.90970006 19.02 230.868421  66.030091  5.252 -100.00 -100.00 -100.00
  60    70.095 55250.90970065 19.06 230.874846  66.030351  5.284 -100.00 -100.00 -100.00
  60    73.736 55250.90970124 17.63 230.881272  66.030610  4.080 -100.00 -100.00 -100.00
  61    66.870 55260.82533799 19.30 230.857815  66.028789  4.964 -100.00 -100.00 -100.00
  61    66.492 55260.82533858 19.80 230.864240  66.029049  7.068 -100.00 -100.00 -100.00
  61    68.872 55260.82533917 18.88 230.870665  66.029309  6.112 -100.00 -100.00 -100.00
  61    71.131 55260.82533976 18.22 230.877090  66.029569  3.872 -100.00 -100.00 -100.00
  62    66.222 55270.74097594 18.55 230.856477  66.029011  4.956 -100.00 -100.00 -100.00
  62    69.709 55270.74097653 18.97 230.862901  66.029271  4.954 -100.00 -100.00 -100.00
  62    69.063 55270.74097712 19.34 230.869326  66.029531  5.888 -100.00 -100.00 -100.00
  62    71.228 55270.74097771 18.24 230.875752  66.029790  4.935 -100.00 -100.00 -100.00
  63    65.977 55280.65661377 19.21 230.854570  66.029594  6.345 -100.00 -100.00 -100.00
  63    67.659 55280.65661436 18.65 230.860995  66.029854  4.499 -100.00 -100.00 -100.00
  63    68.912 55280.65661495 19.09 230.867420  66.030114  6.069 -100.00 -100.00 -100.00
  63    70.375 55280.65661554 18.35 230.873845  66.030374  5.421 -100.00 -100.00 -100.00
  63    72.522 55280.65661613 17.29 230.880270  66.030633  3.789 -100.00 -100.00 -100.00
  64    65.842 55290.57225078 17.67 230.857031  66.029924  4.914 -100.00 -100.00 -100.00
  64    67.641 55290.57225137 17.53 230.863456  66.030184  5.221 -100.00 -100.00 -100.00
  64    69.286 55290.57225196 17.45 230.869880  66.030444  5.280 -100.00 -100.00 -100.00
  64    71.302 55290.57225255 16.71 230.876305  66.030704  4.837 -100.00 -100.00 -100.00
  65    67.223 55300.48788493 10.45 230.853911  66.029277  4.468 -100.00 -100.00 -100.00
  65    68.839 55300.48788552 11.08 230.860335  66.029538  4.312 -100.00 -100.00 -100.00
  65    70.659 55300.48788611 11.15 230.866759  66.029798  5.044 -100.00 -100.00 -100.00
  65    73.982 55300.48788670 11.25 230.873184  66.030058  4.781 -100.00 -100.00 -100.00
  65    72.970 55300.48788730 11.22 230.879608  66.030318  4.707 -100.00 -100.00 -100.00
  66    61.876 55310.40353116 22.42 230.856774  66.028451  6.904 -100.00 -100.00 -100.00
  66    61.433 55310.40353175 22.71 230.863197  66.028711  8.304 -100.00 -100.00 -100.00
  66    59.320 55310.40353234 25.22 230.869621  66.028971 12.552 -100.00 -100.00 -100.00
  66    59.499 55310.40353293 23.46 230.876045  66.029231 11.769 -100.00 -100.00 -100.00
  67    27.598 55320.31917688 37.93 230.857927  66.028030   -100 -100.00 -100.00 -100.00
  67    27.329 55320.31917747 34.84 230.864350  66.028290   -100 -100.00 -100.00 -100.00
  67    27.803 55320.31917806 35.92 230.870774  66.028550   -100 -100.00 -100.00 -100.00
  67    27.717 55320.31917865 36.38 230.877198  66.028810   -100 -100.00 -100.00 -100.00
  68    29.597 55330.23482099 41.20 230.852955  66.028391 25.324 -100.00 -100.00 -100.00
  68    30.002 55330.23482159 43.17 230.859379  66.028652 19.125 -100.00 -100.00 -100.00
  68    29.191 55330.23482218 49.43 230.865802  66.028912   -100 -100.00 -100.00 -100.00
  68    28.893 55330.23482277 52.29 230.872226  66.029172  4.660 -100.00 -100.00 -100.00
  68    28.968 55330.23482336 55.04 230.878650  66.029431 11.672 -100.00 -100.00 -100.00
  69    38.389 55340.15046566 25.13 230.855380  66.029886  8.499 -100.00 -100.00 -100.00
  69    27.094 55340.15046625 26.35 230.861804  66.030146  9.743 -100.00 -100.00 -100.00
  69    26.783 55340.15046684 30.14 230.868228  66.030406 16.371 -100.00 -100.00 -100.00
  69    26.661 55340.15046743 33.68 230.874653  66.030666 27.620 -100.00 -100.00 -100.00
  69    27.016 55340.15046802 36.26 230.881077  66.030925 19.333 -100.00 -100.00 -100.00
  70    25.287 55350.06610986 40.19 230.855498  66.031025 28.075 -100.00 -100.00 -100.00
  70    25.839 55350.06611045 44.24 230.861923  66.031285 26.600 -100.00 -100.00 -100.00
  70    25.283 55350.06611104 54.29 230.868347  66.031545 10.763 -100.00 -100.00 -100.00
  70    25.459 55350.06611163 40.37 230.874772  66.031805   -100 -100.00 -100.00 -100.00
  70    25.521 55350.06611222 44.34 230.881197  66.032064   -100 -100.00 -100.00 -100.00
  71    37.694 55359.98175217 22.92 230.857730  66.031649 10.538 -100.00 -100.00 -100.00
  71    26.072 55359.98175276 25.57 230.864155  66.031909 14.406 -100.00 -100.00 -100.00
  71    26.180 55359.98175335 29.79 230.870580  66.032169 23.613 -100.00 -100.00 -100.00
  71    25.933 55359.98175394 30.88 230.877005  66.032429 28.551 -100.00 -100.00 -100.00
  72    24.995 55369.89739194 27.51 230.856102  66.031733 14.388 -100.00 -100.00 -100.00
  72    25.364 55369.89739253 24.92 230.862527  66.031993  9.359 -100.00 -100.00 -100.00
  72    25.330 55369.89739312 31.50 230.868953  66.032253 26.886 -100.00 -100.00 -100.00
  72    25.660 55369.89739371 33.72 230.875378  66.032513 23.135 -100.00 -100.00 -100.00
  72    25.627 55369.89739430 34.58 230.881804  66.032772 24.469 -100.00 -100.00 -100.00
  73    62.045 55379.81303015 24.64 230.853683  66.031926 10.483 -100.00 -100.00 -100.00
  73    25.404 55379.81303074 28.11 230.860108  66.032187 20.480 -100.00 -100.00 -100.00
  73    25.731 55379.81303133 32.32 230.866533  66.032447   -100 -100.00 -100.00 -100.00
  73    25.679 55379.81303192 35.21 230.872959  66.032707   -100 -100.00 -100.00 -100.00
  73    25.948 55379.81303251 36.43 230.879384  66.032966   -100 -100.00 -100.00 -100.00
  74    37.933 55389.72866782 22.75 230.853013  66.032404 10.200 -100.00 -100.00 -100.00
  74    25.573 55389.72866841 26.24 230.859438  66.032664 18.914 -100.00 -100.00 -100.00
  74    25.945 55389.72866900 26.46 230.865863  66.032925 18.247 -100.00 -100.00 -100.00
  74    25.957 55389.72866959 30.91 230.872289  66.033185 32.343 -100.00 -100.00 -100.00
  74    25.732 55389.72867018 32.18 230.878714  66.033444   -100 -100.00 -100.00 -100.00
  75    25.121 55399.64430471 32.63 230.855548  66.032470 19.855 -100.00 -100.00 -100.00
  75    25.576 55399.64430530 33.71 230.861973  66.032730 20.141 -100.00 -100.00 -100.00
  75    25.906 55399.64430589 35.43 230.868398  66.032991 18.744 -100.00 -100.00 -100.00
  75    25.721 55399.64430648 37.45 230.874823  66.033251 23.627 -100.00 -100.00 -100.00
  75    26.011 55399.64430707 42.37 230.881248  66.033511 26.649 -100.00 -100.00 -100.00
  76    26.448 55409.55995128 39.19 230.851453  66.031217 16.724 -100.00 -100.00 -100.00
  76    26.237 55409.55995187 42.45 230.857877  66.031478 17.802 -100.00 -100.00 -100.00
  76    26.126 55409.55995246 47.53 230.864302  66.031738 26.627 -100.00 -100.00 -100.00
  76    25.126 55409.55995305 52.48 230.870727  66.031998  5.575 -100.00 -100.00 -100.00
  76    25.391 55409.55995364 42.55 230.877151  66.032258   -100 -100.00 -100.00 -100.00
  77    25.472 55419.47560183 41.16 230.852563  66.029458 27.667 -100.00 -100.00 -100.00
  77    24.756 55419.47560242 34.09 230.858987  66.029718 30.675 -100.00 -100.00 -100.00
  77    24.657 55419.47560301 32.81 230.865411  66.029979 30.720 -100.00 -100.00 -100.00
  77    25.061 55419.47560360 35.13 230.871835  66.030239 27.630 -100.00 -100.00 -100.00
  77    24.986 55419.47560419 38.65 230.878259  66.030499   -100 -100.00 -100.00 -100.00
  78    38.343 55429.39124905 25.56 230.853379  66.028212 12.949 -100.00 -100.00 -100.00
  78    25.089 55429.39124964 25.54 230.859802  66.028472 13.128 -100.00 -100.00 -100.00
  78    25.066 55429.39125024 26.43 230.866226  66.028733 14.273 -100.00 -100.00 -100.00
  78    24.980 55429.39125083 30.19 230.872650  66.028993 25.516 -100.00 -100.00 -100.00
  78    25.235 55429.39125142 33.54 230.879073  66.029252 29.256 -100.00 -100.00 -100.00
  79    38.044 55439.30689388 26.46 230.855503  66.028508 15.817 -100.00 -100.00 -100.00
  79    24.810 55439.30689447 26.35 230.861927  66.028768 15.632 -100.00 -100.00 -100.00
  79    25.128 55439.30689506 26.02 230.868351  66.029028 15.707 -100.00 -100.00 -100.00
  79    25.255 55439.30689565 29.98 230.874774  66.029288 26.982 -100.00 -100.00 -100.00
  79    25.350 55439.30689624 32.41 230.881198  66.029547 27.754 -100.00 -100.00 -100.00
  80    38.114 55449.22253726 21.47 230.857270  66.029675 11.504 -100.00 -100.00 -100.00
  80    25.176 55449.22253785 23.01 230.863695  66.029935 14.377 -100.00 -100.00 -100.00
  80    25.272 55449.22253844 24.20 230.870119  66.030194 17.165 -100.00 -100.00 -100.00
  80    25.447 55449.22253903 26.01 230.876543  66.030454 18.646 -100.00 -100.00 -100.00
  81    25.574 55459.13817992 41.53 230.855064  66.030180 20.831 -100.00 -100.00 -100.00
  81    25.669 55459.13818051 43.36 230.861488  66.030440 24.294 -100.00 -100.00 -100.00
  81    25.375 55459.13818110 48.69 230.867913  66.030700   -100 -100.00 -100.00 -100.00
  81    25.214 55459.13818169 42.90 230.874338  66.030959 29.139 -100.00 -100.00 -100.00
  81    25.316 55459.13818228 53.59 230.880763  66.031219   -100 -100.00 -100.00 -100.00
  82    24.297 55469.05382187 25.53 230.854124  66.029717 14.719 -100.00 -100.00 -100.00
  82    24.589 55469.05382246 26.54 230.860548  66.029978 16.496 -100.00 -100.00 -100.00
  82    24.652 55469.05382305 28.09 230.866973  66.030238 20.189 -100.00 -100.00 -100.00
  82    25.036 55469.05382364 31.25 230.873398  66.030498 25.980 -100.00 -100.00 -100.00
  82    24.966 55469.05382423 33.85 230.879823  66.030757 27.744 -100.00 -100.00 -100.00
  83    24.315 55478.96946066 26.80 230.854097  66.028572  9.317 -100.00 -100.00 -100.00
  83    37.781 55478.96946125 26.89 230.860522  66.028832  8.690 -100.00 -100.00 -100.00
  83    24.582 55478.96946185 31.93 230.866946  66.029093 17.641 -100.00 -100.00 -100.00
  83    24.782 55478.96946244 35.00 230.873371  66.029353 26.084 -100.00 -100.00 -100.00
  83    25.139 55478.96946303 36.50 230.879796  66.029612 18.687 -100.00 -100.00 -100.00
  84    61.212 55488.88509658 23.66 230.854074  66.027816  9.706 -100.00 -100.00 -100.00
  84    61.466 55488.88509717 23.39 230.860499  66.028077  9.015 -100.00 -100.00 -100.00
  84    67.071 55488.88509776 21.55 230.866924  66.028337  6.189 -100.00 -100.00 -100.00
  84    64.841 55488.88509835 21.51 230.873348  66.028597  6.894 -100.00 -100.00 -100.00
  84    74.100 55488.88509894 20.37 230.879773  66.028857  5.630 -100.00 -100.00 -100.00
  85    66.695 55498.80073018 21.44 230.853491  66.027983  4.790 -100.00 -100.00 -100.00
  85    68.627 55498.80073077 20.99 230.859916  66.028244  4.561 -100.00 -100.00 -100.00
  85    68.974 55498.80073136 20.67 230.866341  66.028504  4.438 -100.00 -100.00 -100.00
  85    71.265 55498.80073195 19.51 230.872766  66.028764  3.792 -100.00 -100.00 -100.00
  85    74.363 55498.80073255 20.19 230.879191  66.029024  3.959 -100.00 -100.00 -100.00
  86    77.532 55508.71636975 18.20 230.855519  66.029380  8.376 -100.00 -100.00 -100.00
  86    78.045 55508.71637034 16.72 230.861944  66.029641  4.207 -100.00 -100.00 -100.00
  86    79.861 55508.71637093 19.14 230.868369  66.029901  5.178 -100.00 -100.00 -100.00
  86    70.211 55508.71637152 18.87 230.874795  66.030161  4.922 -100.00 -100.00 -100.00
  86    72.901 55508.71637211 18.07 230.881220  66.030421  4.143 -100.00 -100.00 -100.00
  87    67.227 55518.63201973 19.14 230.853599  66.030551  5.145 -100.00 -100.00 -100.00
  87    66.529 55518.63202032 19.16 230.860024  66.030812  4.903 -100.00 -100.00 -100.00
  87    68.728 55518.63202091 18.71 230.866450  66.031072  4.538 -100.00 -100.00 -100.00
  87    70.791 55518.63202150 17.84 230.872875  66.031332  3.554 -100.00 -100.00 -100.00
  87    72.086 55518.63202209 17.54 230.879301  66.031592  3.656 -100.00 -100.00 -100.00
  88    67.220 55528.54766912 19.38 230.855421  66.031355  6.081 -100.00 -100.00 -100.00
  88    68.533 55528.54766972 19.02 230.861846  66.031615  5.323 -100.00 -100.00 -100.00
  88    69.648 55528.54767031 18.06 230.868272  66.031876  4.988 -100.00 -100.00 -100.00
  88    74.274 55528.54767090 18.01 230.874697  66.032135  5.102 -100.00 -100.00 -100.00
  88    75.007 55528.54767149 17.76 230.881122  66.032395  4.459 -100.00 -100.00 -100.00
  89    67.214 55538.46331649 18.49 230.855560  66.031482  5.874 -100.00 -100.00 -100.00
  89    67.426 55538.46331708 18.66 230.861985  66.031742  6.390 -100.00 -100.00 -100.00
  89    69.526 55538.46331767 17.87 230.868410  66.032002  5.321 -100.00 -100.00 -100.00
  89    74.561 55538.46331826 17.89 230.874836  66.032262  5.115 -100.00 -100.00 -100.00
  89    75.593 55538.46331885 16.95 230.881261  66.032522  4.468 -100.00 -100.00 -100.00
  90    67.401 55548.37896139 18.19 230.853482  66.031568  3.944 -100.00 -100.00 -100.00
  90    71.765 55548.37896198 18.40 230.859907  66.031829  4.749 -100.00 -100.00 -100.00
  90    72.675 55548.37896257 18.58 230.866332  66.032089  4.632 -100.00 -100.00 -100.00
  90    73.975 55548.37896316 17.63 230.872757  66.032349  4.206 -100.00 -100.00 -100.00
  90    74.519 55548.37896375 18.14 230.879183  66.032609  4.289 -100.00 -100.00 -100.00
  91    67.646 55558.29460469 18.23 230.852784  66.032217  4.175 -100.00 -100.00 -100.00
  91    67.705 55558.29460528 18.37 230.859209  66.032478  4.415 -100.00 -100.00 -100.00
  91    69.610 55558.29460587 18.24 230.865635  66.032738  4.225 -100.00 -100.00 -100.00
  91    73.832 55558.29460646 18.09 230.872060  66.032998  4.443 -100.00 -100.00 -100.00
  91    72.197 55558.29460705 17.87 230.878486  66.033257  4.677 -100.00 -100.00 -100.00
  92    66.389 55568.21024712 18.10 230.852018  66.033034  4.793 -100.00 -100.00 -100.00
  92    67.945 55568.21024771 18.54 230.858443  66.033294  4.930 -100.00 -100.00 -100.00
  92    72.803 55568.21024830 18.53 230.864869  66.033554  5.133 -100.00 -100.00 -100.00
  92    69.631 55568.21024889 18.92 230.871295  66.033814  5.980 -100.00 -100.00 -100.00
  92    74.933 55568.21024948 18.17 230.877721  66.034074  4.729 -100.00 -100.00 -100.00
  93    64.135 55578.12588878 20.23 230.852078  66.032790  7.387 -100.00 -100.00 -100.00
  93    67.703 55578.12588937 19.84 230.858504  66.033051  5.319 -100.00 -100.00 -100.00
  93    68.189 55578.12588996 19.21 230.864929  66.033311  5.437 -100.00 -100.00 -100.00
  93    74.099 55578.12589055 18.21 230.871355  66.033571  4.763 -100.00 -100.00 -100.00
  93    72.165 55578.12589114 18.55 230.877781  66.033830  5.365 -100.00 -100.00 -100.00
  94    67.142 55588.04152864 18.66 230.857298  66.031208  4.734 -100.00 -100.00 -100.00
  94    68.964 55588.04152923 19.08 230.863724  66.031468  5.105 -100.00 -100.00 -100.00
  94    72.458 55588.04152982 18.42 230.870149  66.031728  4.986 -100.00 -100.00 -100.00
  94    74.322 55588.04153041 17.19 230.876575  66.031988  3.508 -100.00 -100.00 -100.00
  95    65.017 55597.95716490 18.04 230.856828  66.028740  5.187 -100.00 -100.00 -100.00
  95    68.133 55597.95716549 16.96 230.863253  66.029001  4.140 -100.00 -100.00 -100.00
  95    69.649 55597.95716608 17.97 230.869678  66.029261  5.409 -100.00 -100.00 -100.00
  95    71.064 55597.95716667 16.80 230.876103  66.029521  3.916 -100.00 -100.00 -100.00
  96    61.527 55607.87279849 17.28 230.856309  66.027465  5.141 -100.00 -100.00 -100.00
  96    65.935 55607.87279908 16.74 230.862733  66.027726  4.182 -100.00 -100.00 -100.00
  96    69.115 55607.87279967 16.44 230.869158  66.027986  4.819 -100.00 -100.00 -100.00
  96    69.870 55607.87280026 16.73 230.875583  66.028246  5.308 -100.00 -100.00 -100.00
  97    67.416 55617.78843025 13.71 230.856631  66.027987  5.049 -100.00 -100.00 -100.00
  97    71.620 55617.78843084 12.62 230.863056  66.028248  3.689 -100.00 -100.00 -100.00
  97    73.489 55617.78843143 12.21 230.869480  66.028508  3.417 -100.00 -100.00 -100.00
  97    72.299 55617.78843202 12.64 230.875905  66.028769  3.378 -100.00 -100.00 -100.00
  98    67.124 55627.70407552 12.94 230.851608  66.029650  3.847 -100.00 -100.00 -100.00
  98    68.547 55627.70407611 12.97 230.858033  66.029911  3.723 -100.00 -100.00 -100.00
  98    69.584 55627.70407670 13.69 230.864458  66.030171  4.525 -100.00 -100.00 -100.00
  98    70.421 55627.70407729 13.60 230.870883  66.030431  5.249 -100.00 -100.00 -100.00
  98    72.601 55627.70407788 13.14 230.877308  66.030691  4.646 -100.00 -100.00 -100.00
  99    67.522 55637.61972729 13.35 230.855460  66.030571  3.967 -100.00 -100.00 -100.00
  99    68.876 55637.61972788 14.04 230.861885  66.030831  4.617 -100.00 -100.00 -100.00
  99    70.178 55637.61972847 13.31 230.868310  66.031091  4.069 -100.00 -100.00 -100.00
  99    71.621 55637.61972906 13.56 230.874736  66.031351  4.743 -100.00 -100.00 -100.00
  99    75.415 55637.61972965 12.33 230.881161  66.031611  3.121 -100.00 -100.00 -100.00
 100    67.080 55647.53537649 14.11 230.854175  66.029690  4.831 -100.00 -100.00 -100.00
 100    68.071 55647.53537709 14.14 230.860600  66.029950  4.369 -100.00 -100.00 -100.00
 100    69.866 55647.53537768 13.64 230.867024  66.030211  4.252 -100.00 -100.00 -100.00
 100    71.499 55647.53537827 13.86 230.873449  66.030471  4.254 -100.00 -100.00 -100.00
 100    73.351 55647.53537886 12.78 230.879874  66.030730  3.320 -100.00 -100.00 -100.00
 101    67.424 55657.45102305 13.99 230.855628  66.028005  4.312 -100.00 -100.00 -100.00
 101    67.721 55657.45102364 13.98 230.862052  66.028266  4.389 -100.00 -100.00 -100.00
 101    69.366 55657.45102423 13.74 230.868476  66.028526  4.482 -100.00 -100.00 -100.00
 101    74.000 55657.45102482 12.52 230.874900  66.028786  3.249 -100.00 -100.00 -100.00
 101    74.877 55657.45102541 12.17 230.881324  66.029046  2.971 -100.00 -100.00 -100.00
 102    70.137 55667.36666527 14.03 230.855529  66.027257  4.239 -100.00 -100.00 -100.00
 102    69.304 55667.36666586 13.80 230.861952  66.027517  3.785 -100.00 -100.00 -100.00
 102    70.497 55667.36666645 13.86 230.868375  66.027777  4.331 -100.00 -100.00 -100.00
 102    73.720 55667.36666705 12.96 230.874799  66.028037  3.060 -100.00 -100.00 -100.00
 102    74.885 55667.36666764 12.56 230.881223  66.028297  2.835 -100.00 -100.00 -100.00
 103    65.848 55677.28230464 14.04 230.853804  66.028177  5.293 -100.00 -100.00 -100.00
 103    68.303 55677.28230523 13.34 230.860227  66.028437  4.600 -100.00 -100.00 -100.00
 103    70.232 55677.28230582 12.76 230.866651  66.028697  3.974 -100.00 -100.00 -100.00
 103    73.578 55677.28230641 12.34 230.873075  66.028957  3.493 -100.00 -100.00 -100.00
 103    74.110 55677.28230701 11.91 230.879499  66.029217  3.950 -100.00 -100.00 -100.00
 104    68.905 55687.19794238  3.36 230.854619  66.030163  4.053 -100.00 -100.00 -100.00
 104    70.116 55687.19794297  2.93 230.861043  66.030424  3.099 -100.00 -100.00 -100.00
 104    73.863 55687.19794356  2.95 230.867467  66.030684  3.491 -100.00 -100.00 -100.00
 104    72.208 55687.19794415  3.15 230.873892  66.030944  3.791 -100.00 -100.00 -100.00
 104    75.332 55687.19794474  3.29 230.880317  66.031203  4.038 -100.00 -100.00 -100.00
 105    63.397 55697.11357856  8.98 230.851904  66.031429 11.628 -100.00 -100.00 -100.00
 105    61.952 55697.11357915 11.37 230.858329  66.031690  7.660 -100.00 -100.00 -100.00
 105    67.120 55697.11357974  8.88 230.864754  66.031950  5.301 -100.00 -100.00 -100.00
 105    81.659 55697.11358033  7.89 230.871179  66.032210  5.890 -100.00 -100.00 -100.00
 105    81.323 55697.11358092  9.82 230.877604  66.032470  8.051 -100.00 -100.00 -100.00
 106    28.285 55707.02921396 46.68 230.855376  66.031545 25.551 -100.00 -100.00 -100.00
 106    28.262 55707.02921455 48.87 230.861801  66.031805 25.110 -100.00 -100.00 -100.00
 106    27.926 55707.02921514 52.49 230.868226  66.032066   -100 -100.00 -100.00 -100.00
 106    28.125 55707.02921573 49.71 230.874651  66.032326   -100 -100.00 -100.00 -100.00
 106    27.846 55707.02921632 50.81 230.881077  66.032586   -100 -100.00 -100.00 -100.00
 107    27.299 55716.94486460 40.42 230.853637  66.030891 16.167 -100.00 -100.00 -100.00
 107    26.857 55716.94486519 41.45 230.860062  66.031151 19.692 -100.00 -100.00 -100.00
 107    26.437 55716.94486578 48.25 230.866487  66.031412   -100 -100.00 -100.00 -100.00
 107    26.494 55716.94486637 43.90 230.872912  66.031672   -100 -100.00 -100.00 -100.00
 107    26.518 55716.94486696 43.77 230.879338  66.031932   -100 -100.00 -100.00 -100.00
 108    26.001 55726.86051322 39.47 230.853791  66.030887 20.984 -100.00 -100.00 -100.00
 108    26.349 55726.86051381 43.61 230.860216  66.031148 18.933 -100.00 -100.00 -100.00
 108    25.967 55726.86051440 51.70 230.866641  66.031408   -100 -100.00 -100.00 -100.00
 108    25.377 55726.86051499 54.71 230.873066  66.031668 10.222 -100.00 -100.00 -100.00
 108    25.929 55726.86051558 54.67 230.879492  66.031928  5.797 -100.00 -100.00 -100.00
 109    25.618 55736.77616047 32.57 230.857618  66.031973 11.436 -100.00 -100.00 -100.00
 109    25.967 55736.77616106 33.76 230.864043  66.032234 12.588 -100.00 -100.00 -100.00
 109    25.982 55736.77616165 39.30 230.870468  66.032494 21.846 -100.00 -100.00 -100.00
 109    26.060 55736.77616224 40.18 230.876894  66.032753 23.402 -100.00 -100.00 -100.00
 110    38.037 55746.69180587 20.08 230.854936  66.032927  6.400 -100.00 -100.00 -100.00
 110    26.766 55746.69180646 26.93 230.861362  66.033187 16.574 -100.00 -100.00 -100.00
 110    26.905 55746.69180705 28.49 230.867787  66.033447 16.053 -100.00 -100.00 -100.00
 110    26.843 55746.69180764 30.73 230.874213  66.033707 24.042 -100.00 -100.00 -100.00
 110    26.676 55746.69180823 34.88 230.880638  66.033966   -100 -100.00 -100.00 -100.00
 111    25.232 55756.60744937 23.81 230.853716  66.032661 14.524 -100.00 -100.00 -100.00
 111    25.840 55756.60744996 24.18 230.860141  66.032922 13.717 -100.00 -100.00 -100.00
 111    25.843 55756.60745055 28.51 230.866567  66.033182 26.301 -100.00 -100.00 -100.00
 111    25.959 55756.60745115 30.17 230.872992  66.033442 26.991 -100.00 -100.00 -100.00
 111    25.709 55756.60745174 32.69 230.879417  66.033701 31.708 -100.00 -100.00 -100.00
 112    27.115 55766.52309074 42.49 230.857349  66.030849 16.486 -100.00 -100.00 -100.00
 112    26.580 55766.52309133 46.80 230.863773  66.031110 26.649 -100.00 -100.00 -100.00
 112    26.173 55766.52309193 52.80 230.870198  66.031370   -100 -100.00 -100.00 -100.00
 112    26.212 55766.52309252 51.41 230.876622  66.031629  7.049 -100.00 -100.00 -100.00
 113    26.402 55776.43872846 42.50 230.853452  66.028121 22.400 -100.00 -100.00 -100.00
 113    26.468 55776.43872905 43.66 230.859875  66.028381 20.053 -100.00 -100.00 -100.00
 113    26.208 55776.43872965 49.74 230.866299  66.028642   -100 -100.00 -100.00 -100.00
 113    25.353 55776.43873024 54.91 230.872723  66.028902 29.419 -100.00 -100.00 -100.00
 113    25.918 55776.43873083 50.89 230.879147  66.029162   -100 -100.00 -100.00 -100.00
 114    37.950 55786.35436415 24.17 230.857363  66.026939 16.585 -100.00 -100.00 -100.00
 114    25.528 55786.35436474 28.46 230.863786  66.027200 25.420 -100.00 -100.00 -100.00
 114    25.401 55786.35436533 33.45 230.870210  66.027460   -100 -100.00 -100.00 -100.00
 114    25.552 55786.35436592 33.43 230.876633  66.027720   -100 -100.00 -100.00 -100.00
 115    25.658 55796.26999777 38.14 230.857877  66.028032 30.924 -100.00 -100.00 -100.00
 115    25.610 55796.26999836 30.63 230.864301  66.028293 15.217 -100.00 -100.00 -100.00
 115    25.806 55796.26999895 39.29 230.870725  66.028553   -100 -100.00 -100.00 -100.00
 115    25.896 55796.26999954 40.48 230.877149  66.028813   -100 -100.00 -100.00 -100.00
 116    25.302 55806.18563855 35.00 230.856873  66.029958 10.852 -100.00 -100.00 -100.00
 116    25.077 55806.18563914 35.56 230.863297  66.030218 11.629 -100.00 -100.00 -100.00
 116    25.590 55806.18563973 39.31 230.869721  66.030479 19.926 -100.00 -100.00 -100.00
 116    25.957 55806.18564032 43.19 230.876146  66.030739 23.443 -100.00 -100.00 -100.00
 117    24.791 55816.10128770 25.72 230.856837  66.031035  6.508 -100.00 -100.00 -100.00
 117    25.071 55816.10128829 27.77 230.863262  66.031296  9.541 -100.00 -100.00 -100.00
 117    25.070 55816.10128888 32.61 230.869687  66.031556 16.561 -100.00 -100.00 -100.00
 117    25.726 55816.10128947 34.81 230.876112  66.031816 14.572 -100.00 -100.00 -100.00
 118    37.900 55826.01693368 24.30 230.854845  66.029783 10.694 -100.00 -100.00 -100.00
 118    24.549 55826.01693427 25.84 230.861270  66.030044 12.345 -100.00 -100.00 -100.00
 118    25.499 55826.01693486 25.77 230.867695  66.030304 10.031 -100.00 -100.00 -100.00
 118    25.551 55826.01693545 31.53 230.874120  66.030564 22.454 -100.00 -100.00 -100.00
 118    25.590 55826.01693604 33.89 230.880545  66.030824 20.970 -100.00 -100.00 -100.00
 119    38.038 55835.93257546 26.12 230.855800  66.027967 16.133 -100.00 -100.00 -100.00
 119    24.489 55835.93257605 26.10 230.862224  66.028228 18.209 -100.00 -100.00 -100.00
 119    24.991 55835.93257664 28.82 230.868649  66.028488 21.461 -100.00 -100.00 -100.00
 119    24.717 55835.93257723 32.10 230.875074  66.028748 30.320 -100.00 -100.00 -100.00
 119    24.586 55835.93257782 33.73 230.881498  66.029008   -100 -100.00 -100.00 -100.00
 120    25.244 55845.84821394 43.53 230.857520  66.027008 23.347 -100.00 -100.00 -100.00
 120    24.846 55845.84821453 48.76 230.863945  66.027269   -100 -100.00 -100.00 -100.00
 120    24.355 55845.84821512 52.60 230.870369  66.027529 20.745 -100.00 -100.00 -100.00
 120    24.546 55845.84821571 42.56 230.876794  66.027789   -100 -100.00 -100.00 -100.00
 121    61.596 55855.76384958 24.39 230.856944  66.028262  9.600 -100.00 -100.00 -100.00
 121    61.340 55855.76385017 22.91 230.863369  66.028523  7.557 -100.00 -100.00 -100.00
 121    79.111 55855.76385076 19.65 230.869794  66.028783  5.449 -100.00 -100.00 -100.00
 121    60.824 55855.76385135 24.99 230.876219  66.029043 13.383 -100.00 -100.00 -100.00
 122    66.929 55865.67949102 22.85 230.855974  66.030574  6.132 -100.00 -100.00 -100.00
 122    72.114 55865.67949161 23.87 230.862399  66.030835  6.596 -100.00 -100.00 -100.00
 122    70.608 55865.67949220 22.23 230.868825  66.031095  5.057 -100.00 -100.00 -100.00
 122    71.516 55865.67949279 24.43 230.875250  66.031355  6.577 -100.00 -100.00 -100.00
 123    67.848 55875.59514395 24.24 230.857277  66.032497  6.967 -100.00 -100.00 -100.00
 123    69.172 55875.59514454 23.50 230.863703  66.032758  6.449 -100.00 -100.00 -100.00
 123    70.364 55875.59514513 24.66 230.870129  66.033018  8.312 -100.00 -100.00 -100.00
 123    74.936 55875.59514572 23.47 230.876555  66.033278  6.486 -100.00 -100.00 -100.00
 133    66.657 55974.75157694 15.83 230.854648  66.027982  4.258 -100.00 -100.00 -100.00
 133    67.805 55974.75157753 14.96 230.861072  66.028243  4.330 -100.00 -100.00 -100.00
 133    71.695 55974.75157812 15.82 230.867497  66.028503  5.316 -100.00 -100.00 -100.00
 133    73.202 55974.75157871 14.55 230.873922  66.028763  3.381 -100.00 -100.00 -100.00
 133    74.826 55974.75157930 13.72 230.880347  66.029022  2.823 -100.00 -100.00 -100.00
 134    66.552 55984.66721302 16.62 230.852524  66.030053  5.299 -100.00 -100.00 -100.00
 134    67.966 55984.66721361 16.30 230.858949  66.030313  4.206 -100.00 -100.00 -100.00
 134    72.588 55984.66721420 15.84 230.865374  66.030574  3.838 -100.00 -100.00 -100.00
 134    70.763 55984.66721479 16.02 230.871799  66.030834  4.778 -100.00 -100.00 -100.00
 134    75.008 55984.66721538 15.48 230.878224  66.031094  3.923 -100.00 -100.00 -100.00
 135    66.976 55994.58284725 16.48 230.856848  66.031194  4.947 -100.00 -100.00 -100.00
 135    68.147 55994.58284784 17.67 230.863273  66.031454  7.627 -100.00 -100.00 -100.00
 135    72.812 55994.58284843 15.57 230.869698  66.031715  4.313 -100.00 -100.00 -100.00
 135    74.514 55994.58284902 15.16 230.876123  66.031975  3.654 -100.00 -100.00 -100.00
 136    67.183 56004.49849905 16.75 230.857101  66.030197  5.694 -100.00 -100.00 -100.00
 136    70.932 56004.49849964 16.17 230.863526  66.030457  4.320 -100.00 -100.00 -100.00
 136    72.711 56004.49850023 15.90 230.869950  66.030717  4.599 -100.00 -100.00 -100.00
 136    74.934 56004.49850082 15.68 230.876375  66.030977  3.924 -100.00 -100.00 -100.00
 137    64.489 56014.41414730 17.95 230.854983  66.028014  7.632 -100.00 -100.00 -100.00
 137    66.923 56014.41414789 17.38 230.861406  66.028274  6.137 -100.00 -100.00 -100.00
 137    68.921 56014.41414848 15.66 230.867830  66.028535  4.517 -100.00 -100.00 -100.00
 137    72.092 56014.41414907 15.18 230.874254  66.028794  4.104 -100.00 -100.00 -100.00
 137    74.807 56014.41414966 14.50 230.880678  66.029054  3.099 -100.00 -100.00 -100.00
 139    66.626 56034.24543600 14.69 230.856089  66.028839  4.033 -100.00 -100.00 -100.00
 139    67.964 56034.24543659 14.88 230.862513  66.029099  4.972 -100.00 -100.00 -100.00
 139    73.037 56034.24543718 13.87 230.868937  66.029359  3.455 -100.00 -100.00 -100.00
 139    73.884 56034.24543777 13.66 230.875361  66.029619  3.736 -100.00 -100.00 -100.00
 141    25.306 56054.07671559 19.27 230.855804  66.032958 10.320 -100.00 -100.00 -100.00
 141    25.510 56054.07671618 19.59 230.862229  66.033218 11.083 -100.00 -100.00 -100.00
 141    25.279 56054.07671677 20.30 230.868654  66.033479 12.381 -100.00 -100.00 -100.00
 141    25.255 56054.07671736 23.68 230.875080  66.033738 20.492 -100.00 -100.00 -100.00
 141    25.180 56054.07671795 27.29 230.881505  66.033998 29.346 -100.00 -100.00 -100.00
 142    29.796 56063.99235012 36.08 230.852154  66.032612   -100 -100.00 -100.00 -100.00
 142    29.373 56063.99235071 30.73 230.858579  66.032872 26.097 -100.00 -100.00 -100.00
 142    29.587 56063.99235130 28.42 230.865004  66.033133 15.586 -100.00 -100.00 -100.00
 142    29.329 56063.99235189 29.86 230.871430  66.033393 22.715 -100.00 -100.00 -100.00
 142    29.482 56063.99235248 28.98 230.877855  66.033653 15.958 -100.00 -100.00 -100.00
 143    27.259 56073.90799313 40.62 230.852676  66.031436 18.083 -100.00 -100.00 -100.00
 143    27.480 56073.90799372 43.77 230.859102  66.031697 20.450 -100.00 -100.00 -100.00
 143    27.170 56073.90799431 52.14 230.865527  66.031957   -100 -100.00 -100.00 -100.00
 143    26.876 56073.90799490 54.31 230.871952  66.032217   -100 -100.00 -100.00 -100.00
 143    27.032 56073.90799549 50.62 230.878377  66.032477   -100 -100.00 -100.00 -100.00
 144    26.520 56083.82364298 31.49 230.853185  66.030989  7.736 -100.00 -100.00 -100.00
 144    26.755 56083.82364357 31.99 230.859610  66.031250  7.855 -100.00 -100.00 -100.00
 144    26.446 56083.82364416 33.36 230.866035  66.031510 10.289 -100.00 -100.00 -100.00
 144    27.081 56083.82364475 39.83 230.872460  66.031770 25.494 -100.00 -100.00 -100.00
 144    26.784 56083.82364534 40.67 230.878886  66.032030 21.396 -100.00 -100.00 -100.00
 145    29.772 56093.73929044 41.67 230.853563  66.031329 19.354 -100.00 -100.00 -100.00
 145    29.737 56093.73929103 43.86 230.859988  66.031589 20.403 -100.00 -100.00 -100.00
 145    29.253 56093.73929162 49.97 230.866413  66.031850   -100 -100.00 -100.00 -100.00
 145    29.176 56093.73929221 51.55 230.872839  66.032110   -100 -100.00 -100.00 -100.00
 145    28.962 56093.73929280 52.73 230.879264  66.032369   -100 -100.00 -100.00 -100.00
 146    27.779 56103.65493559 39.64 230.852269  66.031973 15.870 -100.00 -100.00 -100.00
 146    27.428 56103.65493618 42.81 230.858694  66.032234 18.917 -100.00 -100.00 -100.00
 146    27.165 56103.65493677 49.10 230.865119  66.032494   -100 -100.00 -100.00 -100.00
 146    26.736 56103.65493736 53.13 230.871544  66.032754   -100 -100.00 -100.00 -100.00
 146    26.910 56103.65493795 54.70 230.877969  66.033013   -100 -100.00 -100.00 -100.00
 147    27.767 56113.57056649 38.63 230.853993  66.031645 14.764 -100.00 -100.00 -100.00
 147    27.395 56113.57056708 42.84 230.860417  66.031906 18.689 -100.00 -100.00 -100.00
 147    27.149 56113.57056768 49.08 230.866842  66.032166 31.715 -100.00 -100.00 -100.00
 147    27.041 56113.57056827 53.05 230.873267  66.032426   -100 -100.00 -100.00 -100.00
 147    26.860 56113.57056886 54.03 230.879692  66.032685   -100 -100.00 -100.00 -100.00
 148    25.903 56123.48620537 40.75 230.857423  66.030426 20.742 -100.00 -100.00 -100.00
 148    25.861 56123.48620596 46.07 230.863847  66.030687 27.706 -100.00 -100.00 -100.00
 148    25.347 56123.48620655 54.45 230.870272  66.030947   -100 -100.00 -100.00 -100.00
 148    25.575 56123.48620714 39.98 230.876696  66.031207   -100 -100.00 -100.00 -100.00
 149    25.644 56133.40183996 41.77 230.857327  66.028401 23.856 -100.00 -100.00 -100.00
 149    25.484 56133.40184055 43.82 230.863751  66.028661   -100 -100.00 -100.00 -100.00
 149    25.401 56133.40184114 50.86 230.870174  66.028921   -100 -100.00 -100.00 -100.00
 149    25.440 56133.40184173 44.42 230.876598  66.029181   -100 -100.00 -100.00 -100.00
 150    38.266 56143.31747794 31.07 230.852032  66.027279 23.018 -100.00 -100.00 -100.00
 150    37.612 56143.31747853 24.27 230.858455  66.027540  8.618 -100.00 -100.00 -100.00
 150    24.940 56143.31747912 29.35 230.864878  66.027800 19.821 -100.00 -100.00 -100.00
 150    25.258 56143.31747971 28.91 230.871302  66.028061 16.447 -100.00 -100.00 -100.00
 150    25.019 56143.31748030 32.22 230.877725  66.028321 24.542 -100.00 -100.00 -100.00
 151    25.441 56153.23312904 40.60 230.857636  66.028326   -100 -100.00 -100.00 -100.00
 151    24.894 56153.23312963 36.51 230.864060  66.028586   -100 -100.00 -100.00 -100.00
 151    25.266 56153.23313022 32.18 230.870484  66.028846 24.702 -100.00 -100.00 -100.00
 151    25.346 56153.23313081 40.98 230.876908  66.029106   -100 -100.00 -100.00 -100.00
 152    25.698 56163.14877811 39.84 230.856442  66.029984 15.979 -100.00 -100.00 -100.00
 152    24.982 56163.14877871 47.17 230.862867  66.030244   -100 -100.00 -100.00 -100.00
 152    24.941 56163.14877930 51.10 230.869291  66.030504   -100 -100.00 -100.00 -100.00
 152    24.909 56163.14877989 38.31 230.875716  66.030764   -100 -100.00 -100.00 -100.00
 153    24.385 56173.06442530 27.49 230.856913  66.031025 23.265 -100.00 -100.00 -100.00
 153    25.078 56173.06442589 26.86 230.863338  66.031285 18.416 -100.00 -100.00 -100.00
 153    25.301 56173.06442648 29.50 230.869763  66.031545 28.028 -100.00 -100.00 -100.00
 153    25.138 56173.06442707 32.22 230.876188  66.031805   -100 -100.00 -100.00 -100.00
 154    25.809 56182.98006709 41.92 230.853040  66.030321 17.072 -100.00 -100.00 -100.00
 154    25.870 56182.98006768 44.87 230.859465  66.030581 18.587 -100.00 -100.00 -100.00
 154    25.483 56182.98006827 51.07 230.865890  66.030842 30.876 -100.00 -100.00 -100.00
 154    24.370 56182.98006886 54.10 230.872315  66.031102 14.451 -100.00 -100.00 -100.00
 154    25.338 56182.98006945 51.97 230.878740  66.031361  7.825 -100.00 -100.00 -100.00
 155    24.612 56192.89570586 32.03 230.857255  66.029014 28.720 -100.00 -100.00 -100.00
 155    24.863 56192.89570645 29.50 230.863680  66.029275 19.007 -100.00 -100.00 -100.00
 155    25.208 56192.89570704 29.33 230.870105  66.029535 17.983 -100.00 -100.00 -100.00
 155    25.309 56192.89570763 35.40 230.876530  66.029795   -100 -100.00 -100.00 -100.00
 156    23.816 56202.81134133 31.03 230.855230  66.028133 29.155 -100.00 -100.00 -100.00
 156    24.117 56202.81134192 26.96 230.861655  66.028393 16.407 -100.00 -100.00 -100.00
 156    24.575 56202.81134251 26.40 230.868080  66.028654 13.884 -100.00 -100.00 -100.00
 156    24.923 56202.81134310 29.27 230.874505  66.028914 18.635 -100.00 -100.00 -100.00
 156    26.120 56202.81134369 29.71 230.880929  66.029173 19.749 -100.00 -100.00 -100.00
 157    24.703 56212.72697512 42.61 230.853727  66.029075 31.621 -100.00 -100.00 -100.00
 157    24.221 56212.72697571 41.35 230.860152  66.029336   -100 -100.00 -100.00 -100.00
 157    24.789 56212.72697630 43.17 230.866577  66.029597   -100 -100.00 -100.00 -100.00
 157    24.589 56212.72697689 46.00 230.873002  66.029857   -100 -100.00 -100.00 -100.00
 157    24.850 56212.72697748 46.66 230.879427  66.030116   -100 -100.00 -100.00 -100.00
 158    24.696 56222.64260717 39.76 230.854058  66.031152 21.984 -100.00 -100.00 -100.00
 158    25.066 56222.64260776 42.78 230.860483  66.031413 18.067 -100.00 -100.00 -100.00
 158    24.639 56222.64260835 49.06 230.866908  66.031673 31.068 -100.00 -100.00 -100.00
 158    24.017 56222.64260894 49.02 230.873333  66.031933  3.492 -100.00 -100.00 -100.00
 158    24.171 56222.64260953 38.09 230.879759  66.032193   -100 -100.00 -100.00 -100.00
 159    24.580 56232.55826332 41.65 230.855620  66.032983 29.396 -100.00 -100.00 -100.00
 159    24.459 56232.55826391 44.86 230.862045  66.033243   -100 -100.00 -100.00 -100.00
 159    24.205 56232.55826450 49.33 230.868471  66.033504   -100 -100.00 -100.00 -100.00
 159    24.130 56232.55826509 42.14 230.874897  66.033764   -100 -100.00 -100.00 -100.00
 159    24.301 56232.55826568 38.47 230.881322  66.034024 25.098 -100.00 -100.00 -100.00
 160    62.267 56242.47391536 24.91 230.852212  66.033001  9.564 -100.00 -100.00 -100.00
 160    62.001 56242.47391595 23.68 230.858638  66.033261  9.242 -100.00 -100.00 -100.00
 160    61.619 56242.47391654 24.27 230.865063  66.033522 11.202 -100.00 -100.00 -100.00
 160    65.553 56242.47391713 22.21 230.871488  66.033782  6.918 -100.00 -100.00 -100.00
 160    75.516 56242.47391772 20.56 230.877914  66.034042  5.458 -100.00 -100.00 -100.00
 161    61.999 56252.38956347 23.87 230.854315  66.032218  6.778 -100.00 -100.00 -100.00
 161    61.796 56252.38956406 24.27 230.860740  66.032478  8.428 -100.00 -100.00 -100.00
 161    68.127 56252.38956465 22.39 230.867165  66.032739  6.674 -100.00 -100.00 -100.00
 161    68.939 56252.38956525 22.91 230.873591  66.032999  7.995 -100.00 -100.00 -100.00
 161    69.984 56252.38956584 23.69 230.880016  66.033258  8.554 -100.00 -100.00 -100.00
 162    64.363 56262.30520674 23.09 230.853461  66.031400  6.186 -100.00 -100.00 -100.00
 162    66.607 56262.30520733 22.52 230.859886  66.031661  6.073 -100.00 -100.00 -100.00
 162    67.655 56262.30520792 22.44 230.866311  66.031921  7.204 -100.00 -100.00 -100.00
 162    68.895 56262.30520851 21.01 230.872736  66.032181  5.369 -100.00 -100.00 -100.00
 162    74.604 56262.30520910 21.85 230.879161  66.032440  6.492 -100.00 -100.00 -100.00
 164    65.988 56282.13648974 23.12 230.851495  66.031391  6.221 -100.00 -100.00 -100.00
 164    66.908 56282.13649033 22.64 230.857920  66.031652  5.609 -100.00 -100.00 -100.00
 164    67.598 56282.13649092 22.23 230.864345  66.031912  5.174 -100.00 -100.00 -100.00
 164    68.350 56282.13649151 22.45 230.870771  66.032172  6.251 -100.00 -100.00 -100.00
 164    74.526 56282.13649210 21.20 230.877196  66.032432  5.984 -100.00 -100.00 -100.00
 165    65.256 56292.05214232 23.58 230.857525  66.031386  8.609 -100.00 -100.00 -100.00
 165    65.708 56292.05214291 23.70 230.863950  66.031646  8.925 -100.00 -100.00 -100.00
 165    70.525 56292.05214350 21.61 230.870376  66.031906  5.888 -100.00 -100.00 -100.00
 165    71.378 56292.05214409 21.07 230.876802  66.032166  5.939 -100.00 -100.00 -100.00
 166    65.974 56301.96778956 22.91 230.854386  66.030013  7.340 -100.00 -100.00 -100.00
 166    66.589 56301.96779015 22.43 230.860811  66.030274  7.081 -100.00 -100.00 -100.00
 166    68.764 56301.96779074 21.50 230.867236  66.030534  5.466 -100.00 -100.00 -100.00
 166    70.558 56301.96779133 21.14 230.873662  66.030794  5.701 -100.00 -100.00 -100.00
 166    74.873 56301.96779192 20.58 230.880087  66.031053  4.908 -100.00 -100.00 -100.00
 167    65.350 56311.88343273 21.52 230.852954  66.028567  5.736 -100.00 -100.00 -100.00
 167    67.352 56311.88343332 20.81 230.859379  66.028827  4.850 -100.00 -100.00 -100.00
 167    68.045 56311.88343391 20.79 230.865804  66.029087  5.308 -100.00 -100.00 -100.00
 167    69.646 56311.88343450 20.42 230.872229  66.029347  5.154 -100.00 -100.00 -100.00
 167    70.679 56311.88343509 20.64 230.878655  66.029607  6.232 -100.00 -100.00 -100.00
 168    65.324 56321.79907399 21.47 230.854263  66.028247  7.329 -100.00 -100.00 -100.00
 168    67.302 56321.79907458 20.52 230.860688  66.028508  5.813 -100.00 -100.00 -100.00
 168    67.629 56321.79907517 20.74 230.867113  66.028768  5.673 -100.00 -100.00 -100.00
 168    69.474 56321.79907576 19.03 230.873538  66.029028  4.579 -100.00 -100.00 -100.00
 168    70.874 56321.79907635 19.06 230.879964  66.029287  5.264 -100.00 -100.00 -100.00
 169    60.517 56331.71471443 22.12 230.852776  66.029079  9.665 -100.00 -100.00 -100.00
 169    61.887 56331.71471503 22.09 230.859201  66.029340 10.166 -100.00 -100.00 -100.00
 169    66.117 56331.71471562 19.35 230.865626  66.029600  5.864 -100.00 -100.00 -100.00
 169    68.315 56331.71471621 19.54 230.872051  66.029860  6.576 -100.00 -100.00 -100.00
 169    69.447 56331.71471680 19.60 230.878476  66.030119  6.163 -100.00 -100.00 -100.00
 170    65.654 56341.63035452 18.05 230.852529  66.030096  5.383 -100.00 -100.00 -100.00
 170    66.656 56341.63035511 18.01 230.858954  66.030356  5.438 -100.00 -100.00 -100.00
 170    66.360 56341.63035570 18.24 230.865379  66.030616  6.492 -100.00 -100.00 -100.00
 170    59.374 56341.63035629 21.63 230.871804  66.030876 12.329 -100.00 -100.00 -100.00
 170    69.440 56341.63035688 18.18 230.878230  66.031136  7.132 -100.00 -100.00 -100.00
 171    61.516 56351.54599240 20.25 230.853265  66.030422 10.188 -100.00 -100.00 -100.00
 171    64.720 56351.54599299 18.35 230.859690  66.030682  7.378 -100.00 -100.00 -100.00
 171    60.139 56351.54599358 21.47 230.866114  66.030943 12.255 -100.00 -100.00 -100.00
 171    68.364 56351.54599417 19.20 230.872539  66.031203  9.004 -100.00 -100.00 -100.00
 171    60.447 56351.54599476 21.05 230.878964  66.031462 12.013 -100.00 -100.00 -100.00
 172    64.330 56361.46163228 19.15 230.856736  66.029799  8.831 -100.00 -100.00 -100.00
 172    61.925 56361.46163287 18.98 230.863160  66.030060  9.245 -100.00 -100.00 -100.00
 172    69.524 56361.46163346 18.14 230.869585  66.030320  6.217 -100.00 -100.00 -100.00
 172    70.414 56361.46163405 17.48 230.876009  66.030580  5.741 -100.00 -100.00 -100.00
 173    67.112 56371.37728175 15.00 230.856905  66.029132  4.177 -100.00 -100.00 -100.00
 173    68.240 56371.37728234 15.57 230.863329  66.029393  5.877 -100.00 -100.00 -100.00
 173    68.975 56371.37728293 17.04 230.869753  66.029653  8.159 -100.00 -100.00 -100.00
 173    71.519 56371.37728352 15.05 230.876177  66.029913  4.899 -100.00 -100.00 -100.00
 174    66.325 56381.29292815 14.77 230.852265  66.029258  5.216 -100.00 -100.00 -100.00
 174    65.324 56381.29292874 16.03 230.858689  66.029518  7.525 -100.00 -100.00 -100.00
 174    68.572 56381.29292933 15.13 230.865113  66.029778  6.154 -100.00 -100.00 -100.00
 174    70.319 56381.29292992 14.71 230.871537  66.030038  5.244 -100.00 -100.00 -100.00
 174    71.381 56381.29293051 14.87 230.877961  66.030298  6.039 -100.00 -100.00 -100.00
 175    65.233 56391.20857279 15.96 230.851479  66.030703  5.461 -100.00 -100.00 -100.00
 175    66.752 56391.20857338 15.14 230.857903  66.030964  4.849 -100.00 -100.00 -100.00
 175    68.774 56391.20857397 15.37 230.864328  66.031224  5.609 -100.00 -100.00 -100.00
 175    71.224 56391.20857456 14.91 230.870752  66.031484  4.954 -100.00 -100.00 -100.00
 175    72.279 56391.20857515 14.23 230.877177  66.031743  4.710 -100.00 -100.00 -100.00
 176    66.417 56401.12421591 14.68 230.851976  66.032116  6.094 -100.00 -100.00 -100.00
 176    67.116 56401.12421650 14.38 230.858401  66.032376  5.134 -100.00 -100.00 -100.00
 176    68.757 56401.12421709 14.84 230.864826  66.032636  5.980 -100.00 -100.00 -100.00
 176    69.956 56401.12421768 14.61 230.871252  66.032896  6.157 -100.00 -100.00 -100.00
 176    73.113 56401.12421827 13.90 230.877677  66.033156  5.315 -100.00 -100.00 -100.00
 177    66.728 56411.03985637 12.50 230.853164  66.032798  6.222 -100.00 -100.00 -100.00
 177    67.623 56411.03985696 12.48 230.859590  66.033058  5.532 -100.00 -100.00 -100.00
 177    68.662 56411.03985755 12.32 230.866015  66.033319  5.489 -100.00 -100.00 -100.00
 177    70.225 56411.03985814 12.22 230.872441  66.033579  5.777 -100.00 -100.00 -100.00
 177    71.948 56411.03985873 12.07 230.878866  66.033838  6.173 -100.00 -100.00 -100.00
 178    69.357 56420.95549190  3.99 230.854430  66.032488  4.025 -100.00 -100.00 -100.00
 178    67.007 56420.95549249  5.60 230.860856  66.032749  6.103 -100.00 -100.00 -100.00
 178    70.948 56420.95549308  3.97 230.867281  66.033009  4.025 -100.00 -100.00 -100.00
 178    75.212 56420.95549367  3.64 230.873707  66.033269  4.450 -100.00 -100.00 -100.00
 178    75.670 56420.95549426  2.78 230.880133  66.033529  3.109 -100.00 -100.00 -100.00
 179    28.219 56430.87112992 36.08 230.852155  66.031858 25.744 -100.00 -100.00 -100.00
 179    27.686 56430.87113051 37.05 230.858580  66.032119   -100 -100.00 -100.00 -100.00
 179    27.671 56430.87113110 33.37 230.865005  66.032380 25.719 -100.00 -100.00 -100.00
 179    27.725 56430.87113169 33.68 230.871431  66.032640 26.980 -100.00 -100.00 -100.00
 179    28.043 56430.87113228 36.83 230.877857  66.032900   -100 -100.00 -100.00 -100.00
 180    27.124 56440.78678318 35.67 230.855355  66.031976 11.172 -100.00 -100.00 -100.00
 180    26.845 56440.78678377 38.02 230.861781  66.032237 17.385 -100.00 -100.00 -100.00
 180    27.434 56440.78678436 38.63 230.868206  66.032497 15.323 -100.00 -100.00 -100.00
 180    27.659 56440.78678495 42.75 230.874631  66.032757 23.318 -100.00 -100.00 -100.00
 180    27.972 56440.78678554 45.00 230.881057  66.033016 32.122 -100.00 -100.00 -100.00
 181    57.484 56450.70243373 24.74 230.856059  66.032038 15.253 -100.00 -100.00 -100.00
 181    37.843 56450.70243432 23.81 230.862485  66.032298 13.208 -100.00 -100.00 -100.00
 181    37.802 56450.70243491 20.79 230.868910  66.032558  9.319 -100.00 -100.00 -100.00
 181    27.325 56450.70243550 28.70 230.875335  66.032818 29.619 -100.00 -100.00 -100.00
 181    27.789 56450.70243609 29.01 230.881761  66.033077 24.290 -100.00 -100.00 -100.00
 182    26.505 56460.61808194 29.26 230.856411  66.031592 25.352 -100.00 -100.00 -100.00
 182    26.890 56460.61808253 29.63 230.862836  66.031852 24.606 -100.00 -100.00 -100.00
 182    26.550 56460.61808312 32.71 230.869261  66.032112   -100 -100.00 -100.00 -100.00
 182    26.551 56460.61808372 29.81 230.875687  66.032372 29.855 -100.00 -100.00 -100.00
 183    26.381 56470.53372655 33.49 230.853631  66.030311 13.568 -100.00 -100.00 -100.00
 183    26.537 56470.53372714 36.64 230.860056  66.030571 19.153 -100.00 -100.00 -100.00
 183    27.063 56470.53372773 39.86 230.866480  66.030831 19.208 -100.00 -100.00 -100.00
 183    26.306 56470.53372832 41.95 230.872905  66.031091 29.580 -100.00 -100.00 -100.00
 183    26.604 56470.53372891 41.46 230.879330  66.031350   -100 -100.00 -100.00 -100.00
 184    26.560 56480.44936769 40.87 230.853359  66.029227 24.331 -100.00 -100.00 -100.00
 184    26.429 56480.44936828 41.44 230.859782  66.029487   -100 -100.00 -100.00 -100.00
 184    26.951 56480.44936887 46.73 230.866206  66.029748   -100 -100.00 -100.00 -100.00
 184    26.676 56480.44936946 47.35 230.872631  66.030007 30.234 -100.00 -100.00 -100.00
 184    26.886 56480.44937005 48.66 230.879055  66.030267   -100 -100.00 -100.00 -100.00
 185    26.594 56490.36500477 42.93 230.851636  66.028654 19.226 -100.00 -100.00 -100.00
 185    26.628 56490.36500536 44.93 230.858059  66.028914 18.423 -100.00 -100.00 -100.00
 185    26.083 56490.36500595 50.40 230.864483  66.029174 28.777 -100.00 -100.00 -100.00
 185    25.957 56490.36500654 53.70 230.870907  66.029434   -100 -100.00 -100.00 -100.00
 185    26.265 56490.36500713 46.23 230.877331  66.029694 31.646 -100.00 -100.00 -100.00
 187    26.267 56510.19627298 41.96 230.852191  66.029597 17.903 -100.00 -100.00 -100.00
 187    26.073 56510.19627357 44.13 230.858615  66.029858 20.986 -100.00 -100.00 -100.00
 187    25.923 56510.19627416 50.46 230.865040  66.030119   -100 -100.00 -100.00 -100.00
 187    25.819 56510.19627475 53.82 230.871464  66.030379   -100 -100.00 -100.00 -100.00
 187    26.047 56510.19627534 48.79 230.877888  66.030639   -100 -100.00 -100.00 -100.00
 188    25.115 56520.11191601 35.37 230.853003  66.030009 29.734 -100.00 -100.00 -100.00
 188    24.921 56520.11191660 25.89 230.859428  66.030269 10.041 -100.00 -100.00 -100.00
 188    25.200 56520.11191719 28.21 230.865852  66.030530 13.010 -100.00 -100.00 -100.00
 188    25.290 56520.11191778 28.80 230.872277  66.030790 13.606 -100.00 -100.00 -100.00
 188    25.388 56520.11191837 33.87 230.878702  66.031050 25.310 -100.00 -100.00 -100.00
 189    24.782 56530.02756964 41.07 230.854172  66.030005 28.206 -100.00 -100.00 -100.00
 189    24.962 56530.02757023 39.89 230.860597  66.030266 28.538 -100.00 -100.00 -100.00
 189    25.272 56530.02757082 42.88 230.867022  66.030526 31.072 -100.00 -100.00 -100.00
 189    24.847 56530.02757141 44.73 230.873447  66.030786   -100 -100.00 -100.00 -100.00
 189    25.379 56530.02757200 47.31 230.879872  66.031046   -100 -100.00 -100.00 -100.00
 190    25.699 56539.94321948 45.17 230.857201  66.029773 21.686 -100.00 -100.00 -100.00
 190    25.531 56539.94322007 51.45 230.863626  66.030033   -100 -100.00 -100.00 -100.00
 190    25.087 56539.94322066 54.08 230.870051  66.030294   -100 -100.00 -100.00 -100.00
 190    25.265 56539.94322125 46.52 230.876476  66.030553   -100 -100.00 -100.00 -100.00
 191    24.819 56549.85886478 37.37 230.857743  66.029711 30.246 -100.00 -100.00 -100.00
 191    24.964 56549.85886537 32.49 230.864168  66.029972 15.592 -100.00 -100.00 -100.00
 191    24.838 56549.85886596 36.24 230.870593  66.030232 26.204 -100.00 -100.00 -100.00
 191    24.862 56549.85886655 36.11 230.877019  66.030491 24.962 -100.00 -100.00 -100.00
 192    24.923 56559.77450720 36.11 230.852358  66.030382 28.883 -100.00 -100.00 -100.00
 192    24.832 56559.77450779 30.33 230.858783  66.030643 15.118 -100.00 -100.00 -100.00
 192    24.681 56559.77450838 29.34 230.865208  66.030903 12.624 -100.00 -100.00 -100.00
 192    24.966 56559.77450898 30.53 230.871634  66.031163 14.346 -100.00 -100.00 -100.00
 192    25.140 56559.77450957 37.14 230.878059  66.031422 27.416 -100.00 -100.00 -100.00
 193    25.419 56569.69014926 40.99 230.853608  66.031770 20.297 -100.00 -100.00 -100.00
 193    25.518 56569.69014985 44.22 230.860033  66.032030 22.109 -100.00 -100.00 -100.00
 193    25.105 56569.69015044 49.31 230.866459  66.032290   -100 -100.00 -100.00 -100.00
 193    24.646 56569.69015103 51.58 230.872885  66.032550   -100 -100.00 -100.00 -100.00
 193    25.121 56569.69015162 45.91 230.879311  66.032810   -100 -100.00 -100.00 -100.00
 194    24.881 56579.60578986 41.00 230.853535  66.032928 22.972 -100.00 -100.00 -100.00
 194    25.224 56579.60579046 42.02 230.859961  66.033189 20.038 -100.00 -100.00 -100.00
 194    25.154 56579.60579105 47.11 230.866387  66.033449 30.942 -100.00 -100.00 -100.00
 194    24.287 56579.60579164 46.48 230.872813  66.033709   -100 -100.00 -100.00 -100.00
 194    24.868 56579.60579223 46.93 230.879238  66.033968   -100 -100.00 -100.00 -100.00
 195    62.448 56589.52142663 25.93 230.854537  66.032855 12.296 -100.00 -100.00 -100.00
 195    62.451 56589.52142722 24.05 230.860963  66.033115  9.178 -100.00 -100.00 -100.00
 195    62.021 56589.52142781 23.96 230.867388  66.033376 11.238 -100.00 -100.00 -100.00
 195    61.641 56589.52142840 24.99 230.873814  66.033636 13.611 -100.00 -100.00 -100.00
 195    75.652 56589.52142899 21.11 230.880239  66.033896  6.839 -100.00 -100.00 -100.00
 196    62.329 56599.43707173 28.39 230.853994  66.032082 11.347 -100.00 -100.00 -100.00
 196    61.902 56599.43707232 29.04 230.860419  66.032343 16.668 -100.00 -100.00 -100.00
 196    61.811 56599.43707291 27.49 230.866844  66.032603 14.168 -100.00 -100.00 -100.00
 196    69.641 56599.43707350 25.12 230.873270  66.032863 10.058 -100.00 -100.00 -100.00
 196    61.365 56599.43707409 25.83 230.879695  66.033123 10.911 -100.00 -100.00 -100.00
 197    62.039 56609.35272264 28.20 230.856271  66.031631 11.014 -100.00 -100.00 -100.00
 197    62.031 56609.35272323 27.15 230.862696  66.031891  9.113 -100.00 -100.00 -100.00
 197    68.551 56609.35272382 25.38 230.869121  66.032152  7.273 -100.00 -100.00 -100.00
 197    68.975 56609.35272441 26.13 230.875546  66.032411  8.693 -100.00 -100.00 -100.00
 197    75.647 56609.35272500 23.90 230.881972  66.032671  5.977 -100.00 -100.00 -100.00
 198    66.262 56619.26836810 23.55 230.851909  66.031831  6.954 -100.00 -100.00 -100.00
 198    68.255 56619.26836869 23.04 230.858334  66.032092  7.472 -100.00 -100.00 -100.00
 198    65.956 56619.26836928 25.30 230.864759  66.032352 10.711 -100.00 -100.00 -100.00
 198    69.716 56619.26836987 23.88 230.871184  66.032612  7.845 -100.00 -100.00 -100.00
 198    71.776 56619.26837046 23.24 230.877610  66.032872  7.933 -100.00 -100.00 -100.00
 199    67.994 56629.18401090 22.00 230.853398  66.032279  6.156 -100.00 -100.00 -100.00
 199    68.323 56629.18401149 21.54 230.859823  66.032540  6.192 -100.00 -100.00 -100.00
 199    69.553 56629.18401208 21.51 230.866249  66.032800  6.315 -100.00 -100.00 -100.00
 199    70.308 56629.18401267 21.35 230.872674  66.033060  6.157 -100.00 -100.00 -100.00
 199    72.163 56629.18401326 22.11 230.879100  66.033319  7.316 -100.00 -100.00 -100.00
 200    66.574 56639.09965073 19.87 230.856995  66.031815  6.607 -100.00 -100.00 -100.00
 200    67.492 56639.09965133 19.20 230.863421  66.032076  6.697 -100.00 -100.00 -100.00
 200    70.165 56639.09965192 18.54 230.869846  66.032336  5.111 -100.00 -100.00 -100.00
 200    71.498 56639.09965251 18.19 230.876272  66.032596  4.407 -100.00 -100.00 -100.00
 201    66.439 56649.01529518 19.61 230.854521  66.029969  5.925 -100.00 -100.00 -100.00
 201    67.810 56649.01529577 19.25 230.860946  66.030230  5.307 -100.00 -100.00 -100.00
 201    69.000 56649.01529636 18.10 230.867371  66.030490  4.279 -100.00 -100.00 -100.00
 201    70.996 56649.01529695 18.57 230.873796  66.030750  5.647 -100.00 -100.00 -100.00
 201    74.067 56649.01529754 17.58 230.880222  66.031010  3.936 -100.00 -100.00 -100.00
 202    67.089 56658.93094678 20.04 230.857671  66.028501  4.977 -100.00 -100.00 -100.00
 202    71.363 56658.93094737 20.30 230.864095  66.028762  4.693 -100.00 -100.00 -100.00
 202    72.944 56658.93094796 19.38 230.870521  66.029022  4.175 -100.00 -100.00 -100.00
 202    73.644 56658.93094855 18.70 230.876946  66.029282  3.727 -100.00 -100.00 -100.00
 203    67.227 56668.84659408 20.00 230.857176  66.028282  5.026 -100.00 -100.00 -100.00
 203    68.240 56668.84659467 19.72 230.863601  66.028543  5.085 -100.00 -100.00 -100.00
 203    69.437 56668.84659526 19.50 230.870026  66.028802  4.300 -100.00 -100.00 -100.00
 203    71.860 56668.84659585 18.91 230.876451  66.029062  3.566 -100.00 -100.00 -100.00
 205    68.132 56688.67788254 20.20 230.857307  66.031277  5.763 -100.00 -100.00 -100.00
 205    70.336 56688.67788313 20.36 230.863733  66.031537  5.469 -100.00 -100.00 -100.00
 205    71.031 56688.67788372 20.42 230.870158  66.031797  5.701 -100.00 -100.00 -100.00
 205    75.250 56688.67788431 19.54 230.876584  66.032057  5.048 -100.00 -100.00 -100.00
 206    66.845 56698.59352304 18.24 230.852621  66.031140  5.903 -100.00 -100.00 -100.00
 206    67.918 56698.59352363 18.14 230.859046  66.031401  5.665 -100.00 -100.00 -100.00
 206    69.086 56698.59352422 18.19 230.865471  66.031661  6.527 -100.00 -100.00 -100.00
 206    70.427 56698.59352482 17.19 230.871896  66.031921  4.330 -100.00 -100.00 -100.00
 206    71.560 56698.59352541 17.76 230.878322  66.032180  6.070 -100.00 -100.00 -100.00
 207    66.909 56708.50915967 17.11 230.856322  66.030011  4.894 -100.00 -100.00 -100.00
 207    71.797 56708.50916026 16.98 230.862746  66.030272  5.334 -100.00 -100.00 -100.00
 207    72.750 56708.50916085 16.74 230.869171  66.030532  4.523 -100.00 -100.00 -100.00
 207    73.549 56708.50916144 16.42 230.875596  66.030792  4.514 -100.00 -100.00 -100.00
 208    66.157 56718.42479768 17.48 230.852977  66.028815  4.340 -100.00 -100.00 -100.00
 208    70.616 56718.42479827 16.70 230.859401  66.029075  3.547 -100.00 -100.00 -100.00
 208    69.222 56718.42479886 16.77 230.865825  66.029336  3.522 -100.00 -100.00 -100.00
 208    73.349 56718.42479945 16.10 230.872250  66.029596  3.241 -100.00 -100.00 -100.00
 208    74.387 56718.42480004 15.83 230.878674  66.029856  3.132 -100.00 -100.00 -100.00
 209    65.776 56728.34045013 18.66 230.851641  66.029347  5.023 -100.00 -100.00 -100.00
 209    67.165 56728.34045072 18.17 230.858065  66.029607  5.343 -100.00 -100.00 -100.00
 209    68.701 56728.34045131 18.01 230.864490  66.029867  4.494 -100.00 -100.00 -100.00
 209    70.335 56728.34045190 17.30 230.870914  66.030127  3.812 -100.00 -100.00 -100.00
 209    73.851 56728.34045249 17.38 230.877338  66.030387  4.349 -100.00 -100.00 -100.00
 211    67.218 56748.17174400 19.60 230.854583  66.033388  5.219 -100.00 -100.00 -100.00
 211    67.579 56748.17174459 19.95 230.861009  66.033648  5.872 -100.00 -100.00 -100.00
 211    72.571 56748.17174518 19.05 230.867434  66.033908  4.728 -100.00 -100.00 -100.00
 211    73.566 56748.17174577 18.56 230.873860  66.034167  4.179 -100.00 -100.00 -100.00
 211    75.085 56748.17174636 17.98 230.880285  66.034427  3.655 -100.00 -100.00 -100.00
 212    66.818 56758.08738451 18.73 230.856278  66.033850  5.107 -100.00 -100.00 -100.00
 212    68.127 56758.08738510 18.84 230.862703  66.034110  4.737 -100.00 -100.00 -100.00
 212    73.047 56758.08738569 18.43 230.869129  66.034370  4.299 -100.00 -100.00 -100.00
 212    70.899 56758.08738628 18.21 230.875555  66.034630  4.813 -100.00 -100.00 -100.00
 212    72.384 56758.08738687 17.43 230.881981  66.034889  3.550 -100.00 -100.00 -100.00
 213    68.526 56768.00301884 11.08 230.856494  66.032791  4.440 -100.00 -100.00 -100.00
 213    69.683 56768.00301943 11.17 230.862920  66.033051  3.458 -100.00 -100.00 -100.00
 213    74.399 56768.00302002 11.41 230.869345  66.033311  4.478 -100.00 -100.00 -100.00
 213    75.756 56768.00302061 10.36 230.875771  66.033571  3.319 -100.00 -100.00 -100.00
 213    76.636 56768.00302120 10.26 230.882197  66.033831  2.939 -100.00 -100.00 -100.00
 214    62.479 56777.91866486 23.12 230.857722  66.031575 10.464 -100.00 -100.00 -100.00
 214    62.074 56777.91866545 23.35 230.864147  66.031836 10.788 -100.00 -100.00 -100.00
 214    67.617 56777.91866604 20.68 230.870573  66.032096  7.798 -100.00 -100.00 -100.00
 214    61.926 56777.91866663 21.30 230.876998  66.032356  8.943 -100.00 -100.00 -100.00
 215    25.995 56787.83432073 34.35 230.856107  66.031379   -100 -100.00 -100.00 -100.00
 215    26.028 56787.83432132 34.32 230.862532  66.031639 28.770 -100.00 -100.00 -100.00
 215    26.110 56787.83432191 37.43 230.868958  66.031899   -100 -100.00 -100.00 -100.00
 215    26.171 56787.83432250 38.06 230.875383  66.032159 32.336 -100.00 -100.00 -100.00
 216    62.685 56797.74997281 25.50 230.851540  66.031934  8.967 -100.00 -100.00 -100.00
 216    62.426 56797.74997340 25.92 230.857965  66.032195 11.243 -100.00 -100.00 -100.00
 216    26.743 56797.74997399 32.68 230.864391  66.032455 27.338 -100.00 -100.00 -100.00
 216    26.493 56797.74997458 35.15 230.870816  66.032714   -100 -100.00 -100.00 -100.00
 216    26.698 56797.74997518 36.17 230.877242  66.032974   -100 -100.00 -100.00 -100.00
 217    27.512 56807.66561985 41.06 230.851653  66.032672 16.561 -100.00 -100.00 -100.00
 217    27.157 56807.66562044 43.09 230.858078  66.032932 21.393 -100.00 -100.00 -100.00
 217    26.950 56807.66562103 49.33 230.864503  66.033192 32.103 -100.00 -100.00 -100.00
 217    26.727 56807.66562162 47.84 230.870929  66.033452   -100 -100.00 -100.00 -100.00
 217    26.894 56807.66562221 47.87 230.877355  66.033711   -100 -100.00 -100.00 -100.00
 219    26.373 56827.49689839 34.48 230.852852  66.030106 21.119 -100.00 -100.00 -100.00
 219    26.357 56827.49689898 27.74 230.859276  66.030367  8.315 -100.00 -100.00 -100.00
 219    26.357 56827.49689957 28.91 230.865700  66.030627  8.966 -100.00 -100.00 -100.00
 219    26.459 56827.49690016 34.49 230.872124  66.030887 20.792 -100.00 -100.00 -100.00
 219    26.452 56827.49690075 36.08 230.878549  66.031146 23.351 -100.00 -100.00 -100.00
 220    38.938 56837.41253254 25.03 230.852732  66.028098 25.479 -100.00 -100.00 -100.00
 220    62.313 56837.41253314 15.64 230.859155  66.028359  7.471 -100.00 -100.00 -100.00
 220    78.441 56837.41253373 13.26 230.865579  66.028619  5.179 -100.00 -100.00 -100.00
 220    76.928 56837.41253432 11.46 230.872003  66.028879  4.104 -100.00 -100.00 -100.00
 220    77.076 56837.41253491 14.06 230.878426  66.029139  7.721 -100.00 -100.00 -100.00
 221    38.545 56847.32816389 25.62 230.853237  66.027910  9.604 -100.00 -100.00 -100.00
 221    25.355 56847.32816448 24.39 230.859660  66.028171  7.163 -100.00 -100.00 -100.00
 221    25.436 56847.32816507 26.01 230.866083  66.028432  9.514 -100.00 -100.00 -100.00
 221    25.717 56847.32816566 29.27 230.872507  66.028692 15.640 -100.00 -100.00 -100.00
 221    25.902 56847.32816625 31.68 230.878931  66.028951 19.003 -100.00 -100.00 -100.00
 222    26.597 56857.24381542 41.04 230.852670  66.029481 18.106 -100.00 -100.00 -100.00
 222    26.559 56857.24381601 43.16 230.859094  66.029742 18.484 -100.00 -100.00 -100.00
 222    26.240 56857.24381660 49.55 230.865518  66.030002   -100 -100.00 -100.00 -100.00
 222    26.058 56857.24381719 51.59 230.871942  66.030262   -100 -100.00 -100.00 -100.00
 222    25.914 56857.24381778 53.80 230.878367  66.030522  6.046 -100.00 -100.00 -100.00
 223    24.739 56867.15946916 24.07 230.855616  66.031527 12.186 -100.00 -100.00 -100.00
 223    24.905 56867.15946975 25.54 230.862040  66.031787 14.557 -100.00 -100.00 -100.00
 223    25.199 56867.15947034 26.82 230.868465  66.032047 17.502 -100.00 -100.00 -100.00
 223    25.195 56867.15947093 30.22 230.874890  66.032307 25.334 -100.00 -100.00 -100.00
 223    25.253 56867.15947152 31.42 230.881315  66.032566 32.046 -100.00 -100.00 -100.00
 224    24.877 56877.07512120 38.07 230.857088  66.031923 27.987 -100.00 -100.00 -100.00
 224    25.001 56877.07512179 42.94 230.863513  66.032183   -100 -100.00 -100.00 -100.00
 224    25.024 56877.07512238 35.58 230.869938  66.032443 27.408 -100.00 -100.00 -100.00
 224    24.762 56877.07512297 35.26 230.876363  66.032703 29.405 -100.00 -100.00 -100.00
 225    24.371 56886.99076983 25.12 230.855978  66.030941 13.367 -100.00 -100.00 -100.00
 225    24.560 56886.99077042 26.99 230.862403  66.031202 17.886 -100.00 -100.00 -100.00
 225    24.999 56886.99077101 27.85 230.868828  66.031462 18.511 -100.00 -100.00 -100.00
 225    24.892 56886.99077160 32.01 230.875253  66.031721 29.619 -100.00 -100.00 -100.00
 226    24.585 56896.90641573 37.26 230.854832  66.029634 32.575 -100.00 -100.00 -100.00
 226    24.783 56896.90641632 39.20 230.861256  66.029894 30.751 -100.00 -100.00 -100.00
 226    24.553 56896.90641691 38.70 230.867681  66.030154   -100 -100.00 -100.00 -100.00
 226    24.521 56896.90641750 32.40 230.874107  66.030413 27.066 -100.00 -100.00 -100.00
 226    24.428 56896.90641809 39.38 230.880532  66.030673   -100 -100.00 -100.00 -100.00
 227    23.721 56906.82205877 28.02 230.853084  66.029919 27.414 -100.00 -100.00 -100.00
 227    23.803 56906.82205936 28.80 230.859509  66.030179 29.075 -100.00 -100.00 -100.00
 227    24.643 56906.82205996 25.61 230.865934  66.030439 14.715 -100.00 -100.00 -100.00
 227    24.721 56906.82206055 26.94 230.872359  66.030699 17.225 -100.00 -100.00 -100.00
 227    24.810 56906.82206114 32.17 230.878784  66.030958 29.945 -100.00 -100.00 -100.00
 228    23.815 56916.73769982 25.25 230.852781  66.031865 13.444 -100.00 -100.00 -100.00
 228    24.301 56916.73770041 23.98 230.859206  66.032125 11.095 -100.00 -100.00 -100.00
 228    24.613 56916.73770100 25.67 230.865632  66.032385 13.582 -100.00 -100.00 -100.00
 228    24.659 56916.73770159 30.09 230.872057  66.032645 25.910 -100.00 -100.00 -100.00
 228    24.984 56916.73770218 31.86 230.878483  66.032904 24.173 -100.00 -100.00 -100.00
 229    24.382 56926.65333913 38.28 230.854544  66.034016 24.335 -100.00 -100.00 -100.00
 229    24.455 56926.65333972 41.40 230.860970  66.034277 31.189 -100.00 -100.00 -100.00
 229    24.331 56926.65334031 45.32 230.867396  66.034536   -100 -100.00 -100.00 -100.00
 229    24.373 56926.65334090 40.17 230.873822  66.034796   -100 -100.00 -100.00 -100.00
 229    24.884 56926.65334149 40.07 230.880248  66.035056   -100 -100.00 -100.00 -100.00
 230    25.000 56936.56897451 40.24 230.852395  66.034455 19.155 -100.00 -100.00 -100.00
 230    24.845 56936.56897510 41.21 230.858821  66.034716 17.099 -100.00 -100.00 -100.00
 230    24.251 56936.56897569 48.50 230.865246  66.034976   -100 -100.00 -100.00 -100.00
 230    23.784 56936.56897628 51.04 230.871673  66.035236  8.526 -100.00 -100.00 -100.00
 230    24.769 56936.56897687 43.54 230.878099  66.035496   -100 -100.00 -100.00 -100.00
 231    61.625 56946.48460480 28.41 230.853281  66.033006  9.295 -100.00 -100.00 -100.00
 231    62.201 56946.48460539 26.53 230.859706  66.033267 13.196 -100.00 -100.00 -100.00
 231    73.963 56946.48460598 23.11 230.866131  66.033528  5.074 -100.00 -100.00 -100.00
 231    74.426 56946.48460657 23.50 230.872557  66.033788  7.036 -100.00 -100.00 -100.00
 231    72.637 56946.48460716 23.39 230.878982  66.034048  6.685 -100.00 -100.00 -100.00
 232    62.115 56956.40025814 20.95 230.851577  66.031081  5.909 -100.00 -100.00 -100.00
 232    77.603 56956.40025873 18.49 230.858001  66.031342  7.466 -100.00 -100.00 -100.00
 232    78.269 56956.40025932 17.88 230.864426  66.031602  3.332 -100.00 -100.00 -100.00
 232    80.777 56956.40025991 20.20 230.870851  66.031863  5.658 -100.00 -100.00 -100.00
 232    78.862 56956.40026050 19.39 230.877276  66.032122  5.317 -100.00 -100.00 -100.00
 233    77.413 56966.31590742 16.80 230.856062  66.030478  3.564 -100.00 -100.00 -100.00
 233    77.751 56966.31590801 17.08 230.862487  66.030739  3.892 -100.00 -100.00 -100.00
 233    78.788 56966.31590860 16.37 230.868911  66.030999  3.553 -100.00 -100.00 -100.00
 233    79.665 56966.31590919 17.80 230.875336  66.031259  4.353 -100.00 -100.00 -100.00
 234    71.228 56976.23155220 20.49 230.857548  66.031436  4.809 -100.00 -100.00 -100.00
 234    72.558 56976.23155279 19.94 230.863973  66.031696  4.241 -100.00 -100.00 -100.00
 234    73.777 56976.23155338 20.05 230.870398  66.031956  4.177 -100.00 -100.00 -100.00
 234    72.126 56976.23155397 19.71 230.876823  66.032215  3.875 -100.00 -100.00 -100.00
 235    67.989 56986.14719210 20.98 230.854674  66.032497  5.066 -100.00 -100.00 -100.00
 235    71.478 56986.14719269 20.60 230.861100  66.032758  5.031 -100.00 -100.00 -100.00
 235    69.902 56986.14719328 20.20 230.867525  66.033018  4.264 -100.00 -100.00 -100.00
 235    71.521 56986.14719387 19.84 230.873951  66.033278  4.801 -100.00 -100.00 -100.00
 235    73.085 56986.14719446 19.18 230.880376  66.033537  3.552 -100.00 -100.00 -100.00
 236    67.790 56996.06282679 20.65 230.856931  66.032157  4.715 -100.00 -100.00 -100.00
 236    68.691 56996.06282738 20.18 230.863356  66.032417  3.995 -100.00 -100.00 -100.00
 236    70.460 56996.06282798 19.82 230.869782  66.032678  3.957 -100.00 -100.00 -100.00
 236    74.713 56996.06282857 19.57 230.876208  66.032937  4.332 -100.00 -100.00 -100.00
 237    67.122 57005.97847026 20.44 230.857096  66.030098  4.437 -100.00 -100.00 -100.00
 237    68.258 57005.97847085 20.83 230.863521  66.030359  5.030 -100.00 -100.00 -100.00
 237    70.475 57005.97847144 19.65 230.869947  66.030619  3.603 -100.00 -100.00 -100.00
 237    71.646 57005.97847203 19.21 230.876372  66.030879  3.512 -100.00 -100.00 -100.00
 238    66.135 57015.89412465 20.69 230.854708  66.027993  4.796 -100.00 -100.00 -100.00
 238    68.000 57015.89412524 20.09 230.861133  66.028253  3.875 -100.00 -100.00 -100.00
 238    69.242 57015.89412583 19.88 230.867558  66.028513  3.839 -100.00 -100.00 -100.00
 238    73.131 57015.89412642 19.75 230.873983  66.028773  4.106 -100.00 -100.00 -100.00
 238    74.347 57015.89412702 18.95 230.880408  66.029033  3.289 -100.00 -100.00 -100.00
 239    67.380 57025.80977535 20.14 230.855797  66.027882  5.396 -100.00 -100.00 -100.00
 239    67.492 57025.80977594 19.71 230.862221  66.028142  4.888 -100.00 -100.00 -100.00
 239    69.402 57025.80977653 19.17 230.868646  66.028402  4.170 -100.00 -100.00 -100.00
 239    70.934 57025.80977712 18.33 230.875071  66.028662  3.339 -100.00 -100.00 -100.00
 239    72.214 57025.80977771 17.72 230.881496  66.028921  3.525 -100.00 -100.00 -100.00
 240    61.827 57035.72542356 20.54 230.852090  66.029772  6.756 -100.00 -100.00 -100.00
 240    65.931 57035.72542416 18.29 230.858515  66.030033  4.764 -100.00 -100.00 -100.00
 240    67.775 57035.72542475 18.17 230.864940  66.030293  5.111 -100.00 -100.00 -100.00
 240    70.154 57035.72542534 18.08 230.871366  66.030553  4.355 -100.00 -100.00 -100.00
 240    71.546 57035.72542593 18.42 230.877791  66.030812  4.863 -100.00 -100.00 -100.00
 241    66.975 57045.64106983 16.27 230.855226  66.031873  4.292 -100.00 -100.00 -100.00
 241    67.851 57045.64107042 17.27 230.861651  66.032133  5.952 -100.00 -100.00 -100.00
 241    68.451 57045.64107101 17.36 230.868077  66.032394  5.309 -100.00 -100.00 -100.00
 241    65.273 57045.64107160 17.84 230.874502  66.032653  7.030 -100.00 -100.00 -100.00
 241    72.041 57045.64107219 16.20 230.880928  66.032913  5.044 -100.00 -100.00 -100.00
 242    66.089 57055.55671230 16.66 230.852825  66.032168  5.490 -100.00 -100.00 -100.00
 242    67.643 57055.55671289 16.46 230.859250  66.032428  5.597 -100.00 -100.00 -100.00
 242    68.735 57055.55671348 17.32 230.865675  66.032688  6.875 -100.00 -100.00 -100.00
 242    68.860 57055.55671407 18.14 230.872101  66.032948  7.982 -100.00 -100.00 -100.00
 242    71.948 57055.55671466 16.36 230.878527  66.033208  6.318 -100.00 -100.00 -100.00
 243    67.251 57065.47235030 16.48 230.857374  66.030865  4.888 -100.00 -100.00 -100.00
 243    68.311 57065.47235089 17.45 230.863798  66.031125  6.541 -100.00 -100.00 -100.00
 243    69.609 57065.47235148 16.68 230.870223  66.031385  5.858 -100.00 -100.00 -100.00
 243    70.291 57065.47235207 17.09 230.876648  66.031645  6.394 -100.00 -100.00 -100.00
 244    66.061 57075.38798303 16.63 230.854492  66.029608  5.184 -100.00 -100.00 -100.00
 244    67.116 57075.38798362 16.29 230.860916  66.029868  5.409 -100.00 -100.00 -100.00
 244    68.965 57075.38798421 16.11 230.867340  66.030129  5.120 -100.00 -100.00 -100.00
 244    71.062 57075.38798481 15.27 230.873765  66.030389  4.513 -100.00 -100.00 -100.00
 244    75.297 57075.38798540 15.10 230.880189  66.030648  4.665 -100.00 -100.00 -100.00
 245    66.270 57085.30361317 15.33 230.857317  66.029951  4.265 -100.00 -100.00 -100.00
 245    68.641 57085.30361376 14.97 230.863741  66.030211  4.474 -100.00 -100.00 -100.00
 245    70.412 57085.30361435 14.60 230.870166  66.030472  4.116 -100.00 -100.00 -100.00
 245    71.389 57085.30361494 13.90 230.876590  66.030732  3.727 -100.00 -100.00 -100.00
 246    67.440 57095.21926816 15.13 230.853046  66.032025  3.612 -100.00 -100.00 -100.00
 246    68.561 57095.21926875 14.83 230.859471  66.032286  3.360 -100.00 -100.00 -100.00
 246    69.742 57095.21926934 14.90 230.865896  66.032546  4.017 -100.00 -100.00 -100.00
 246    73.272 57095.21926993 14.22 230.872321  66.032806  3.785 -100.00 -100.00 -100.00
 246    75.026 57095.21927052 14.16 230.878746  66.033066  3.412 -100.00 -100.00 -100.00
 247    67.828 57105.13492508 15.88 230.857708  66.034246  5.393 -100.00 -100.00 -100.00
 247    67.870 57105.13492567 15.54 230.864134  66.034507  4.927 -100.00 -100.00 -100.00
 247    69.220 57105.13492626 15.23 230.870559  66.034767  4.992 -100.00 -100.00 -100.00
 247    75.227 57105.13492685 13.30 230.876985  66.035026  3.416 -100.00 -100.00 -100.00
 247    73.325 57105.13492744 13.87 230.883411  66.035286  3.777 -100.00 -100.00 -100.00
 248    65.758 57115.05057690 16.18 230.855344  66.034602  6.906 -100.00 -100.00 -100.00
 248    68.412 57115.05057749 15.96 230.861769  66.034863  6.575 -100.00 -100.00 -100.00
 248    69.893 57115.05057808 15.00 230.868195  66.035123  5.661 -100.00 -100.00 -100.00
 248    70.484 57115.05057867 15.63 230.874621  66.035383  7.096 -100.00 -100.00 -100.00
 248    72.805 57115.05057926 13.97 230.881048  66.035642  5.369 -100.00 -100.00 -100.00
 249    61.192 57124.96622289 16.85 230.857755  66.033225  8.391 -100.00 -100.00 -100.00
 249    67.984 57124.96622348 14.17 230.864180  66.033485  5.676 -100.00 -100.00 -100.00
 249    66.466 57124.96622407 16.65 230.870606  66.033745 10.486 -100.00 -100.00 -100.00
 249    75.263 57124.96622466 12.23 230.877032  66.034005  4.224 -100.00 -100.00 -100.00
 250    67.151 57134.88186304  9.46 230.854328  66.031260  6.495 -100.00 -100.00 -100.00
 250    73.038 57134.88186363  7.36 230.860753  66.031520  3.399 -100.00 -100.00 -100.00
 250    70.646 57134.88186422  8.33 230.867178  66.031780  5.034 -100.00 -100.00 -100.00
 250    75.003 57134.88186481  7.92 230.873604  66.032040  4.036 -100.00 -100.00 -100.00
 250    75.800 57134.88186540  7.10 230.880030  66.032300  3.944 -100.00 -100.00 -100.00
