# NaN NaN NaN ;Mean Elev.(m), Avg Gradient(m/km), RMS Gradient(m/km) - SRTM1     
#   90.195 -29.188 124.879 ;Mean Elev.(m), Avg Gradient(m/km), RMS Gradient(m/km) - ASTER GDEM
#   98.300 -30.301 123.946 ;Mean Elev.(m), Avg Gradient(m/km), RMS Gradient(m/km) - GMTED2010 
   1 236.658825  62.394348    92.054    93.680  4 54663.00157136 36.729
   2 236.662842  62.393521   104.256   104.225  5 54672.91721676 46.426
   3 236.662845  62.394529    -6.253    -6.552  6 54682.83286022  1.224
   4 236.663503  62.395487   114.518   114.995  5 54692.74850252 30.032
   6 236.666625  62.392936   102.663   102.721  4 54712.57979182 54.547
   7 236.657081  62.392958     2.131     1.627  3 54722.49544193  2.189
   8 236.660920  62.389906   102.656   102.395  5 54732.41109105 44.624
   9 236.659120  62.390232   102.548   102.578  5 54742.32673763 47.949
  10 236.658086  62.391029   102.499   102.637  5 54752.24238402 47.883
  11 236.660556  62.390407   150.130   147.486  5 54762.15803057 29.827
  14 236.658482  62.389343   138.952   135.828  4 54791.90495356 17.333
  17 236.661110  62.393576   115.818   111.531  6 54821.65186959 25.450
  18 236.660897  62.392700   134.763   135.184  5 54831.56752189 17.683
  19 236.660865  62.391993   135.136   135.192  5 54841.48316071 16.820
  20 236.659342  62.392670   103.600   103.558  5 54851.39880946 37.762
  21 236.661666  62.393147   114.503   110.082  6 54861.31445816 20.292
  22 236.662725  62.393436   117.143   123.010  5 54871.23010677 21.436
  23 236.660846  62.392787   115.547   111.053  6 54881.14575364 21.553
  24 236.657755  62.391148   134.777   134.554  5 54891.06139727 16.582
  25 236.658311  62.388586   134.882   134.832  4 54900.97703840 13.357
  26 236.657701  62.388613   134.873   134.857  4 54910.89267737 17.588
  27 236.659647  62.389822   135.279   135.233  5 54920.80831534 15.533
  28 236.659139  62.391808   134.928   135.119  5 54930.72395249 15.102
  29 236.660598  62.391674   136.899   136.093  5 54940.63958878  5.077
  30 236.658762  62.391268   110.985   116.236  5 54950.55522315 15.409
  32 236.658198  62.390338   158.576   158.167  5 54970.38651186 29.418
  33 236.659428  62.391542   104.802   104.978  5 54980.30215923 34.181
  34 236.660943  62.392537   105.317   105.291  6 54990.21780637 50.185
  35 236.663648  62.391704   105.382   105.357  5 55000.13345367 41.828
  36 236.661526  62.391784   116.038   118.853  5 55010.04909867 23.182
  37 236.660112  62.391909   105.008   104.992  5 55019.96474214 43.079
  38 236.662483  62.392326   104.799   104.838  5 55029.88038475 49.919
  39 236.663149  62.393678   103.872   103.779  5 55039.79602652 50.780
  40 236.662155  62.395297   105.424   103.250  6 55049.71166680 37.195
  41 236.661563  62.394852   122.560   116.874  5 55059.62730523 25.788
  42 236.662181  62.392142   121.216   122.067  5 55069.54294579 34.047
  43 236.659642  62.389594   110.726   110.833  4 55079.45859543 25.777
  44 236.658538  62.388843   110.510   110.024  5 55089.37424293 26.013
  45 236.659174  62.389872   104.905   104.623  5 55099.28988907 37.748
  46 236.661130  62.391090   131.348   148.002  5 55109.20553478 35.328
  47 236.660429  62.391257   125.757   131.850  5 55119.12117906 28.867
  48 236.657428  62.390078   151.668   154.272  5 55129.03682083 29.721
  49 236.658721  62.387746   102.585   102.660  5 55138.95246110 48.574
  50 236.657013  62.388721   117.849   118.998  5 55148.86809946 30.952
  51 236.661990  62.390411   103.659   103.648  5 55158.78373801 34.181
  52 236.660350  62.393880   104.432   103.664  5 55168.69937551 25.155
  53 236.662613  62.394554   106.218   106.521  5 55178.61501280 25.148
  54 236.662973  62.393119   116.425   113.423  5 55188.53065852 22.992
  55 236.661025  62.392180   124.889   128.009  5 55198.44630919 21.372
  56 236.660534  62.392433   135.089   134.834  6 55208.36195886 20.099
  57 236.661050  62.393575   136.042   136.049  5 55218.27760797 15.721
  58 236.661657  62.393543   135.930   136.027  6 55228.19325642 15.959
  59 236.659106  62.392648   135.753   136.220  5 55238.10890170 17.954
  60 236.659229  62.389749   134.694   135.190  5 55248.02454391 18.449
  61 236.657580  62.387980   130.052   133.750  4 55257.94018346 18.576
  62 236.658793  62.387830   135.693   135.378  5 55267.85582236 11.841
  63 236.659063  62.390004   135.649   135.660  5 55277.77146056 13.427
  64 236.659808  62.391966   135.974   135.900  5 55287.68709762 13.273
  65 236.660477  62.392557   115.760   119.098  5 55297.60273246 10.502
  66 236.658918  62.391046   126.612   130.957  5 55307.51837446 17.964
  68 236.659759  62.388424   104.293   104.234  5 55327.34966665 47.436
  69 236.659106  62.390754   104.435   104.414  5 55337.26531073 48.011
  70 236.661990  62.392387   122.077   127.529  5 55347.18095472 36.325
  71 236.662791  62.393119   104.369   104.385  5 55357.09659708 47.673
  72 236.659927  62.393516   106.252   104.221  5 55367.01223714 40.859
  73 236.664889  62.391711   103.435   103.397  3 55376.92787672 55.628
  74 236.660618  62.393578   103.956   103.930  5 55386.84351423 48.875
  75 236.663510  62.394217   103.965   103.964  6 55396.75915167 46.048
  76 236.661464  62.395481   117.411   117.026  6 55406.67479370 29.901
  77 236.662496  62.393306   116.056   115.177  5 55416.59044531 25.106
  78 236.658648  62.391172   103.158   103.311  5 55426.50609308 49.396
  79 236.659128  62.388697   103.615   103.817  5 55436.42173853 48.929
  80 236.658283  62.388652   103.237   103.304  5 55446.33738220 49.234
  81 236.659273  62.389839   103.240   103.325  4 55456.25302529 50.134
  82 236.660800  62.391187   103.141   103.612  5 55466.16866771 48.027
  83 236.660333  62.391727   103.340   103.270  6 55476.08430694 47.883
  84 236.657699  62.391426   125.554   123.781  5 55485.99994292 25.245
  85 236.660771  62.389470   102.278   102.223  5 55495.91557751 48.276
  86 236.661090  62.390302   101.688   101.741  5 55505.83121225 38.170
  87 236.659881  62.391972   150.170   154.772  5 55515.74686257 26.917
  88 236.659898  62.393797   102.114   102.239  5 55525.66251209 39.144
  89 236.662893  62.393467   125.485   126.782  5 55535.57816013 24.514
  90 236.661096  62.393165   135.636   135.860  6 55545.49380562 18.753
  91 236.662227  62.392097   125.473   123.610  5 55555.40944956 23.571
  92 236.661337  62.392504   129.992   133.556  5 55565.32509217 21.990
  93 236.662639  62.392797   134.969   135.089  5 55575.24073435 22.099
  94 236.661560  62.392851   134.832   135.082  6 55585.15637467 20.733
  95 236.661431  62.391881   135.454   135.368  5 55595.07201188 17.104
  96 236.657795  62.391792   135.481   135.442  5 55604.98764544 18.244
  97 236.660491  62.390988   135.120   135.159  5 55614.90327764 17.094
  98 236.662099  62.391230   134.823   134.715  5 55624.81891754 15.033
  99 236.661570  62.391449   134.945   134.725  5 55634.73457001 13.763
 100 236.658784  62.392075   135.654   135.793  5 55644.65022003 12.530
 101 236.659848  62.391067   135.712   135.701  5 55654.56586778 11.602
 102 236.658507  62.390378   134.570   134.592  5 55664.48151073  7.835
 103 236.658596  62.389897   127.774   126.684  5 55674.39715074  8.816
 104 236.661017  62.390085   108.460   107.537  5 55684.31278922 22.776
 105 236.658903  62.392742   123.969   122.014  5 55694.22842576 24.655
 106 236.672949  62.391270   104.261   104.261  2 55704.14406282 54.820
 107 236.662294  62.394650   119.051   116.655  6 55714.05970738 29.117
 108 236.661243  62.394140   117.022   115.729  5 55723.97535639 23.854
 109 236.660048  62.393844   123.225   127.923  5 55733.89100347 39.385
 110 236.661197  62.393393   105.496   105.635  5 55743.80664956 50.878
 111 236.659867  62.393487   103.602   103.663  5 55753.72229394 46.638
 112 236.659361  62.392724   120.953   122.934  5 55763.63793622 22.275
 113 236.660931  62.390944   103.714   103.686  5 55773.55357598 46.385
 114 236.657874  62.390650   103.270   103.331  5 55783.46921173 45.919
 115 236.661997  62.390327   104.580   104.137  5 55793.38484559 31.913
 116 236.659166  62.392897   128.441   125.374  5 55803.30048049 19.308
 117 236.662287  62.392433   112.682   103.537  5 55813.21613048 40.592
 118 236.660529  62.392266   118.959   118.477  5 55823.13177815 36.615
 119 236.658066  62.391847   103.286   103.439  5 55833.04742102 40.063
 120 236.658064  62.391317   112.477   109.015  5 55842.96305990 26.731
 121 236.658393  62.392084   115.323   114.949  5 55852.87869568 26.096
 122 236.660988  62.393495   124.074   123.915  6 55862.79433122 26.973
 123 236.660894  62.393915   131.361   135.055  6 55872.70998546 22.528
 133 236.659053  62.389989   135.590   135.684  4 55971.86642350 13.123
 134 236.660850  62.392090   135.761   135.741  5 55981.78205964 12.576
 135 236.662466  62.393318   135.939   135.860  6 55991.69769446 12.786
 136 236.661933  62.392317   135.982   136.045  5 56001.61334136 12.327
 137 236.659008  62.390524   135.622   135.629  5 56011.52899148 11.865
 138 236.658649  62.389480   135.684   135.749  5 56021.44463797 12.570
 139 236.660187  62.389953   136.076   135.841  5 56031.36028149  8.156
 141 236.664820  62.393021   124.532   118.221  5 56051.19156192 24.229
 142 236.662406  62.394640   113.427   111.816  6 56061.10719780 29.582
 143 236.662536  62.394263   149.358   155.273  6 56071.02283569 28.511
 144 236.660398  62.393522   119.599   122.229  5 56080.93848622 22.073
 145 236.669550  62.390927   107.194   107.194  2 56090.85413539 55.624
 146 236.661879  62.393823   105.862   106.018  5 56100.76978006 49.142
 147 236.662157  62.393504   105.038   105.063  5 56110.68541165 52.195
 148 236.659180  62.392683   119.942   118.958  5 56120.60105133 22.078
 149 236.657544  62.391185   118.039   118.755  5 56130.51668750 36.424
 150 236.658209  62.390489   103.066   103.097  5 56140.43232126 44.288
 151 236.658041  62.391008   120.052   120.383  5 56150.34797212 22.946
 152 236.662700  62.391657   102.944   102.814  5 56160.26362146 46.090
 153 236.660559  62.393171   150.205   153.168  6 56170.17926852 21.867
 154 236.661300  62.391777   116.240   113.760  5 56180.09491237 24.451
 155 236.661099  62.389921   110.062   102.700  5 56190.01055215 41.213
 156 236.659356  62.389822   113.644   112.775  4 56199.92618867 26.841
 157 236.660703  62.391805   121.980   121.697  6 56209.84182282 24.016
 158 236.663911  62.394600   119.882   120.626  6 56219.75745528 25.706
 159 236.664754  62.395829   142.115   146.997  6 56229.67310411 23.156
 160 236.662021  62.395425   152.866   156.282  6 56239.58875744 23.813
 161 236.661783  62.393586   133.776   135.490  6 56249.50440722 21.880
 162 236.661159  62.392507   123.190   123.714  6 56259.42005200 23.982
 163 236.660306  62.393290   125.270   132.329  5 56269.33569375 23.749
 164 236.662004  62.393775   127.562   126.862  6 56279.25133399 23.150
 165 236.662252  62.393289   135.216   135.252  5 56289.16698438 21.787
 166 236.658649  62.391995   124.706   123.154  5 56299.08263259 23.071
 167 236.658367  62.389365   125.273   123.525  5 56308.99827731 20.706
 168 236.657827  62.388223   131.200   133.681  4 56318.91391946 18.932
 169 236.657804  62.389719   130.445   135.404  5 56328.82956040 17.226
 170 236.659121  62.392177   135.837   135.909  5 56338.74520051 15.824
 171 236.662416  62.393374   135.798   135.896  6 56348.66083893 20.373
 172 236.660176  62.393698   135.753   135.890  5 56358.57647402 20.287
 173 236.660190  62.390563   135.838   135.770  5 56368.49212494 13.841
 175 236.657787  62.390921   135.918   135.994  5 56388.32341805 11.825
 176 236.659564  62.393493   136.249   136.258  5 56398.23906125  9.670
 177 236.663332  62.394715   105.809   103.019  6 56408.15470236  9.809
 178 236.661913  62.395442   115.683   116.157  6 56418.07033891 14.087
 179 236.669881  62.392669   110.019   110.037  3 56427.98597207 48.718
 180 236.665710  62.391505   119.535   114.913  4 56437.90162561 23.493
 181 236.662231  62.391715   105.912   105.917  4 56447.81727668 48.649
 182 236.659300  62.393003   110.639   104.807  5 56457.73292550 42.688
 183 236.661672  62.392007   104.863   104.954  5 56467.64857182 45.065
 184 236.661960  62.390660   112.222   109.481  5 56477.56421391 25.728
 185 236.661075  62.389303   109.194   109.764  5 56487.47985212 29.918
 187 236.659814  62.391364   120.605   121.240  5 56507.31112137 36.827
 188 236.661074  62.393868   105.843   103.222  6 56517.22675765 47.660
 189 236.662632  62.393677   127.516   126.347  6 56527.14241205 41.530
 190 236.660137  62.393299   124.591   126.519  5 56537.05806187 21.809
 192 236.658325  62.390828   104.026   103.661  5 56556.88935172 39.335
 193 236.658739  62.391951   103.634   103.516  5 56566.80499429 47.522
 194 236.660440  62.394220   103.217   103.461  5 56576.72063554 49.003
 195 236.662631  62.395966   146.376   157.333  6 56586.63627351 24.237
 196 236.663059  62.396170   130.869   136.102  6 56596.55191300 27.110
 197 236.663286  62.393696   129.701   123.819  5 56606.46756538 27.126
 198 236.661918  62.392321   131.832   135.725  5 56616.38321255 20.169
 199 236.660049  62.392576   125.681   127.314  5 56626.29885593 22.477
 200 236.660382  62.393026   123.976   133.786  5 56636.21449672 24.147
 201 236.660841  62.393260   106.189   106.007  5 56646.13013665 28.132
 202 236.661569  62.391224   107.276   107.688  5 56656.04578920 24.638
 203 236.659183  62.389895   111.170   106.118  5 56665.96143709 22.529
 205 236.659412  62.390178   135.053   135.165  5 56685.79272688 17.302
 206 236.659916  62.391778   135.307   135.201  5 56695.70836918 17.459
 207 236.660609  62.393041   135.673   135.759  5 56705.62400702 16.163
 208 236.661536  62.393280   135.744   135.817  6 56715.53963948 16.429
 209 236.659838  62.391689   123.256   123.447  5 56725.45529280 17.761
 211 236.662443  62.391446   135.160   135.325  5 56745.28658895 16.671
 212 236.662579  62.393489   135.531   135.591  6 56755.20223068 17.283
 214 236.661554  62.395285   127.989   128.603  5 56775.03350467 18.737
 215 236.661031  62.393187   120.131   118.710  6 56784.94916167 26.361
 216 236.658818  62.392196   124.476   113.809  5 56794.86481481 32.596
 217 236.660561  62.391016   104.940   104.891  5 56804.78046461 49.240
 219 236.660438  62.390609   104.744   104.727  5 56824.61174616 48.986
 220 236.660489  62.390372   104.529   104.316  5 56834.52738131 51.605
 221 236.662291  62.390645   104.562   104.779  5 56844.44301313 48.482
 222 236.659583  62.391936   116.603   116.564  5 56854.35865703 22.992
 223 236.660200  62.391867   123.575   119.066  6 56864.27431073 41.410
 224 236.662448  62.391081   102.822   102.773  5 56874.18996397 46.362
 225 236.659671  62.391327   112.981   109.949  5 56884.10561348 27.430
 226 236.659791  62.390744   106.674   106.998  4 56894.02126015 30.636
 227 236.660403  62.390446   113.318   110.608  5 56903.93690368 24.083
 228 236.660753  62.391231   146.979   155.614  5 56913.85254510 24.536
 229 236.662360  62.392488   118.128   118.566  5 56923.76818492 22.326
 230 236.662852  62.394172   118.136   118.258  6 56933.68382206 33.196
 231 236.663092  62.395288   117.559   116.367  6 56943.59945396 29.049
 232 236.662092  62.394421   121.130   122.026  6 56953.51510072 23.866
 233 236.660359  62.393147   131.380   135.508  5 56963.43075103 26.866
 234 236.660777  62.392580   123.313   123.644  6 56973.34639660 26.520
 235 236.662734  62.392630   126.411   131.550  5 56983.26203789 23.870
 236 236.661991  62.393297   125.612   127.387  5 56993.17767412 25.307
 237 236.661539  62.392808   130.581   135.228  5 57003.09331024 22.468
 238 236.659627  62.390638   129.020   135.185  4 57013.00896690 22.025
 239 236.658947  62.389764   134.983   134.957  5 57022.92461816 20.162
 240 236.659599  62.390770   134.594   135.167  5 57032.84026677 20.542
 241 236.662210  62.391633   130.940   135.126  5 57042.75591341 20.185
 242 236.661608  62.392390   117.452   115.497  5 57052.67155751 21.715
 243 236.660437  62.392106   114.878   109.331  5 57062.58719727 21.709
 244 236.661024  62.391755   110.404   101.943  5 57072.50283191 21.716
 245 236.662222  62.392922   103.768   101.973  5 57082.41846240 21.948
 246 236.662860  62.394364   131.246   135.042  5 57092.33410863 16.874
 247 236.662242  62.395310   136.219   136.223  5 57102.24976560 13.421
 248 236.661303  62.395293   136.329   136.330  6 57112.16541910  9.624
 249 236.660332  62.394085   135.714   135.661  5 57122.08106682  8.390
 250 236.662487  62.391776   109.605   102.348  5 57131.99670942 21.428
