# NaN NaN NaN ;Mean Elev.(m), Avg Gradient(m/km), RMS Gradient(m/km) - SRTM1     
#   95.539  -3.798  13.688 ;Mean Elev.(m), Avg Gradient(m/km), RMS Gradient(m/km) - ASTER GDEM
#  103.003  -5.299  13.859 ;Mean Elev.(m), Avg Gradient(m/km), RMS Gradient(m/km) - GMTED2010 
   1   277.575 54665.96812884  2.22 236.698665  63.101242  6.708 -100.00 -100.00 -100.00
   1   279.041 54665.96812943  0.79 236.703807  63.100026  5.424 -100.00 -100.00 -100.00
   2   221.839 54675.88377329  4.42 236.698215  63.102209  3.052 -100.00 -100.00 -100.00
   2   223.133 54675.88377388  4.98 236.703357  63.100993  3.466 -100.00 -100.00 -100.00
   2   223.846 54675.88377447  5.60 236.708498  63.099777  4.551 -100.00 -100.00 -100.00
   2   224.386 54675.88377506  6.35 236.713639  63.098561  4.170 -100.00 -100.00 -100.00
   4   218.373 54695.71505795  5.96 236.698985  63.105503  3.945 -100.00 -100.00 -100.00
   4   220.747 54695.71505854  6.00 236.704128  63.104287  4.391 -100.00 -100.00 -100.00
   4   223.083 54695.71505913  6.67 236.709270  63.103071  5.507 -100.00 -100.00 -100.00
   4   224.213 54695.71505972  7.81 236.714411  63.101855  6.130 -100.00 -100.00 -100.00
   6   221.575 54715.54634970  9.40 236.696964  63.102581  3.877 -100.00 -100.00 -100.00
   6   222.438 54715.54635029  9.04 236.702106  63.101366  3.630 -100.00 -100.00 -100.00
   6   223.605 54715.54635088  9.85 236.707247  63.100150  4.130 -100.00 -100.00 -100.00
   6   224.577 54715.54635147 10.45 236.712388  63.098934  4.523 -100.00 -100.00 -100.00
  10   220.496 54755.20894158 10.96 236.695376  63.100646  5.348 -100.00 -100.00 -100.00
  10   221.732 54755.20894217 11.45 236.700517  63.099430  5.468 -100.00 -100.00 -100.00
  10   222.563 54755.20894276 11.40 236.705658  63.098213  5.465 -100.00 -100.00 -100.00
  10   223.786 54755.20894335 12.37 236.710798  63.096997  5.744 -100.00 -100.00 -100.00
  10   224.736 54755.20894394 12.89 236.715938  63.095780  7.783 -100.00 -100.00 -100.00
  11   284.238 54765.12458726  2.46 236.698345  63.099985  4.429 -100.00 -100.00 -100.00
  11   284.375 54765.12458785  2.07 236.703486  63.098769  3.787 -100.00 -100.00 -100.00
  11   285.209 54765.12458844  3.84 236.708627  63.097552  5.980 -100.00 -100.00 -100.00
  11   286.501 54765.12458903  4.90 236.713767  63.096336  6.728 -100.00 -100.00 -100.00
  13   220.606 54784.95587011 11.26 236.698116  63.096308  7.310 -100.00 -100.00 -100.00
  13   221.826 54784.95587070 10.33 236.703257  63.095092  6.477 -100.00 -100.00 -100.00
  13   222.564 54784.95587129 11.48 236.708397  63.093875  8.449 -100.00 -100.00 -100.00
  13   223.855 54784.95587188 10.62 236.713538  63.092659  7.846 -100.00 -100.00 -100.00
  13   225.378 54784.95587247 10.80 236.718677  63.091442  7.118 -100.00 -100.00 -100.00
  14   220.664 54794.87150843 12.47 236.697547  63.096837  5.398 -100.00 -100.00 -100.00
  14   221.456 54794.87150902 12.94 236.702688  63.095621  6.099 -100.00 -100.00 -100.00
  14   222.407 54794.87150961 11.99 236.707829  63.094405  5.415 -100.00 -100.00 -100.00
  14   223.182 54794.87151020 12.49 236.712969  63.093189  6.174 -100.00 -100.00 -100.00
  14   223.657 54794.87151079 13.48 236.718109  63.091972  7.249 -100.00 -100.00 -100.00
  17   220.398 54824.61842858 13.61 236.698732  63.102821  7.157 -100.00 -100.00 -100.00
  17   221.632 54824.61842917 13.08 236.703874  63.101605  6.707 -100.00 -100.00 -100.00
  17   222.657 54824.61842976 13.18 236.709015  63.100389  6.329 -100.00 -100.00 -100.00
  17   222.733 54824.61843035 14.30 236.714157  63.099173  9.110 -100.00 -100.00 -100.00
  18   219.551 54834.53406832 13.06 236.696048  63.101696  6.726 -100.00 -100.00 -100.00
  18   220.577 54834.53406891 13.07 236.701190  63.100480  7.191 -100.00 -100.00 -100.00
  18   219.400 54834.53406950 14.72 236.706331  63.099264  8.574 -100.00 -100.00 -100.00
  18   222.878 54834.53407009 13.28 236.711472  63.098048  7.402 -100.00 -100.00 -100.00
  18   223.370 54834.53407068 13.47 236.716612  63.096832  7.098 -100.00 -100.00 -100.00
  19   219.672 54844.44971822 12.98 236.694989  63.100854  7.080 -100.00 -100.00 -100.00
  19   220.324 54844.44971881 13.12 236.700130  63.099639  6.936 -100.00 -100.00 -100.00
  19   220.898 54844.44971940 13.73 236.705271  63.098423  8.434 -100.00 -100.00 -100.00
  19   220.935 54844.44971999 13.43 236.710411  63.097207  8.227 -100.00 -100.00 -100.00
  19   222.966 54844.44972058 13.14 236.715551  63.095990  6.926 -100.00 -100.00 -100.00
  20   219.422 54854.36536731 13.13 236.696240  63.100995  8.060 -100.00 -100.00 -100.00
  20   221.503 54854.36536790 12.51 236.701381  63.099779  6.675 -100.00 -100.00 -100.00
  20   220.585 54854.36536849 13.49 236.706521  63.098563  7.885 -100.00 -100.00 -100.00
  20   222.497 54854.36536908 12.59 236.711661  63.097347  7.110 -100.00 -100.00 -100.00
  20   224.420 54854.36536967 12.59 236.716801  63.096130  7.158 -100.00 -100.00 -100.00
  21   220.469 54864.28101608 11.92 236.697868  63.102195  5.606 -100.00 -100.00 -100.00
  21   221.514 54864.28101667 12.97 236.703010  63.100979  6.821 -100.00 -100.00 -100.00
  21   221.001 54864.28101726 14.00 236.708150  63.099762  8.801 -100.00 -100.00 -100.00
  21   221.813 54864.28101786 13.64 236.713291  63.098546  8.688 -100.00 -100.00 -100.00
  22   219.909 54874.19666452 12.82 236.698242  63.102726  7.480 -100.00 -100.00 -100.00
  22   220.912 54874.19666511 12.35 236.703383  63.101510  6.682 -100.00 -100.00 -100.00
  22   221.988 54874.19666570 12.75 236.708524  63.100293  7.097 -100.00 -100.00 -100.00
  22   223.175 54874.19666629 13.48 236.713665  63.099077  8.769 -100.00 -100.00 -100.00
  23   220.060 54884.11231031 10.76 236.696231  63.102210  5.605 -100.00 -100.00 -100.00
  23   220.240 54884.11231090 12.28 236.701372  63.100994  7.571 -100.00 -100.00 -100.00
  23   221.852 54884.11231149 11.90 236.706513  63.099777  6.383 -100.00 -100.00 -100.00
  23   221.343 54884.11231208 12.91 236.711654  63.098561  7.902 -100.00 -100.00 -100.00
  23   223.288 54884.11231267 13.62 236.716794  63.097344  9.661 -100.00 -100.00 -100.00
  24   219.850 54894.02795301 10.92 236.695428  63.099680  5.831 -100.00 -100.00 -100.00
  24   221.220 54894.02795360 11.22 236.700569  63.098464  6.081 -100.00 -100.00 -100.00
  24   220.159 54894.02795419 12.15 236.705710  63.097248  7.146 -100.00 -100.00 -100.00
  24   222.428 54894.02795478 11.34 236.710850  63.096032  6.225 -100.00 -100.00 -100.00
  24   223.043 54894.02795537 12.58 236.715990  63.094815  8.228 -100.00 -100.00 -100.00
  25   220.231 54903.94359342  9.87 236.697914  63.096586  5.816 -100.00 -100.00 -100.00
  25   221.380 54903.94359401  9.81 236.703055  63.095370  5.440 -100.00 -100.00 -100.00
  25   220.266 54903.94359460  9.86 236.708195  63.094153  5.333 -100.00 -100.00 -100.00
  25   222.338 54903.94359519 10.55 236.713335  63.092937  6.643 -100.00 -100.00 -100.00
  25   221.916 54903.94359578 11.55 236.718474  63.091720  8.782 -100.00 -100.00 -100.00
  26   220.625 54913.85923199  7.94 236.696036  63.096767  3.486 -100.00 -100.00 -100.00
  26   221.450 54913.85923258  9.65 236.701177  63.095551  5.207 -100.00 -100.00 -100.00
  26   219.802 54913.85923317 10.80 236.706317  63.094335  6.635 -100.00 -100.00 -100.00
  26   222.103 54913.85923376 10.32 236.711456  63.093119  6.086 -100.00 -100.00 -100.00
  26   220.407 54913.85923435 11.66 236.716596  63.091902  8.532 -100.00 -100.00 -100.00
  27   219.644 54923.77487008 10.18 236.696784  63.098296  6.222 -100.00 -100.00 -100.00
  27   220.135 54923.77487067 10.40 236.701925  63.097080  7.231 -100.00 -100.00 -100.00
  27   220.621 54923.77487126 10.43 236.707065  63.095864  6.590 -100.00 -100.00 -100.00
  27   222.311 54923.77487185 10.13 236.712205  63.094648  6.641 -100.00 -100.00 -100.00
  27   224.871 54923.77487244  8.59 236.717344  63.093431  4.927 -100.00 -100.00 -100.00
  28   221.806 54933.69050740  7.81 236.697988  63.100177  3.835 -100.00 -100.00 -100.00
  28   222.976 54933.69050799  8.64 236.703129  63.098961  5.038 -100.00 -100.00 -100.00
  28   222.213 54933.69050858  9.26 236.708269  63.097745  6.052 -100.00 -100.00 -100.00
  28   223.010 54933.69050917  9.44 236.713409  63.096529  5.462 -100.00 -100.00 -100.00
  28   225.623 54933.69050976  8.76 236.718549  63.095312  5.627 -100.00 -100.00 -100.00
  29   223.327 54943.60614265  5.18 236.696746  63.101359  3.870 -100.00 -100.00 -100.00
  29   228.946 54943.60614325  5.53 236.701887  63.100144  4.538 -100.00 -100.00 -100.00
  29   228.318 54943.60614384  5.50 236.707028  63.098928  4.609 -100.00 -100.00 -100.00
  29   226.527 54943.60614443  6.23 236.712168  63.097712  5.538 -100.00 -100.00 -100.00
  29   229.028 54943.60614502  5.03 236.717308  63.096496  3.771 -100.00 -100.00 -100.00
  30   221.647 54953.52177630 12.40 236.698100  63.100228  3.960 -100.00 -100.00 -100.00
  30   222.469 54953.52177689 12.08 236.703241  63.099012  4.080 -100.00 -100.00 -100.00
  30   223.403 54953.52177748 13.13 236.708381  63.097796  5.036 -100.00 -100.00 -100.00
  30   224.746 54953.52177807 12.45 236.713521  63.096581  4.541 -100.00 -100.00 -100.00
  31   221.536 54963.43742089 15.29 236.696370  63.098411  5.933 -100.00 -100.00 -100.00
  31   221.778 54963.43742148 20.19 236.701511  63.097196 13.143 -100.00 -100.00 -100.00
  31   223.372 54963.43742207 15.87 236.706651  63.095980  7.192 -100.00 -100.00 -100.00
  31   224.225 54963.43742266 16.29 236.711791  63.094764  6.888 -100.00 -100.00 -100.00
  31   225.420 54963.43742325 17.75 236.716930  63.093548  8.519 -100.00 -100.00 -100.00
  32   222.795 54973.35306946 10.48 236.696983  63.097697  4.170 -100.00 -100.00 -100.00
  32   223.728 54973.35307005  9.85 236.702123  63.096481  3.433 -100.00 -100.00 -100.00
  32   224.638 54973.35307064 10.35 236.707263  63.095266  3.310 -100.00 -100.00 -100.00
  32   226.707 54973.35307123 11.18 236.712402  63.094050  3.735 -100.00 -100.00 -100.00
  32   226.957 54973.35307182 11.53 236.717541  63.092834  4.000 -100.00 -100.00 -100.00
  33   221.250 54983.26871649 11.08 236.693493  63.100179  4.231 -100.00 -100.00 -100.00
  33   222.574 54983.26871708  9.55 236.698634  63.098963  3.491 -100.00 -100.00 -100.00
  33   223.191 54983.26871767  8.73 236.703775  63.097747  3.285 -100.00 -100.00 -100.00
  33   225.541 54983.26871826  9.93 236.708915  63.096532  3.988 -100.00 -100.00 -100.00
  33   226.254 54983.26871886 10.75 236.714054  63.095315  4.382 -100.00 -100.00 -100.00
  33   226.666 54983.26871945 11.26 236.719194  63.094099  4.243 -100.00 -100.00 -100.00
  35   222.043 55003.10001040 10.52 236.697920  63.102136  4.114 -100.00 -100.00 -100.00
  35   223.168 55003.10001099  9.95 236.703061  63.100920  4.211 -100.00 -100.00 -100.00
  35   225.479 55003.10001158  9.82 236.708203  63.099704  3.790 -100.00 -100.00 -100.00
  35   226.502 55003.10001218 10.31 236.713343  63.098488  4.133 -100.00 -100.00 -100.00
  36   105.455 55013.01565477 20.95 236.696826  63.101779 15.394 -100.00 -100.00 -100.00
  36   101.883 55013.01565536 21.68 236.701967  63.100563 21.973 -100.00 -100.00 -100.00
  36    94.892 55013.01565595 21.34 236.707108  63.099347 23.749 -100.00 -100.00 -100.00
  36    94.639 55013.01565654 22.84 236.712249  63.098131 29.937 -100.00 -100.00 -100.00
  36   100.927 55013.01565713 19.25 236.717389  63.096914 20.472 -100.00 -100.00 -100.00
  37   221.418 55022.93129765 10.43 236.694544  63.101456  3.742 -100.00 -100.00 -100.00
  37   222.664 55022.93129824 10.15 236.699685  63.100240  3.859 -100.00 -100.00 -100.00
  37   223.421 55022.93129883 11.04 236.704827  63.099024  4.802 -100.00 -100.00 -100.00
  37   225.584 55022.93129942 10.15 236.709967  63.097808  3.446 -100.00 -100.00 -100.00
  37   226.217 55022.93130001 10.51 236.715108  63.096592  3.607 -100.00 -100.00 -100.00
  38   221.647 55032.84694028  6.91 236.697471  63.101294  2.876 -100.00 -100.00 -100.00
  38   222.962 55032.84694087  6.60 236.702613  63.100078  3.121 -100.00 -100.00 -100.00
  38   223.873 55032.84694146  7.40 236.707754  63.098862  3.546 -100.00 -100.00 -100.00
  38   224.922 55032.84694205  8.37 236.712894  63.097646  4.130 -100.00 -100.00 -100.00
  39   220.939 55042.76258145  7.17 236.694344  63.103543  4.749 -100.00 -100.00 -100.00
  39   221.913 55042.76258204  6.42 236.699486  63.102327  3.687 -100.00 -100.00 -100.00
  39   222.806 55042.76258263  6.09 236.704627  63.101111  4.383 -100.00 -100.00 -100.00
  39   224.177 55042.76258322  6.84 236.709768  63.099895  3.867 -100.00 -100.00 -100.00
  39   225.161 55042.76258381  7.67 236.714909  63.098679  4.590 -100.00 -100.00 -100.00
  40   221.880 55052.67822186  4.90 236.697790  63.104066  3.661 -100.00 -100.00 -100.00
  40   222.651 55052.67822245  4.77 236.702932  63.102850  3.760 -100.00 -100.00 -100.00
  40   223.798 55052.67822304  6.11 236.708073  63.101634  4.633 -100.00 -100.00 -100.00
  40   224.777 55052.67822363  6.50 236.713215  63.100418  4.993 -100.00 -100.00 -100.00
  41   221.989 55062.59385963  4.83 236.695896  63.103935  2.901 -100.00 -100.00 -100.00
  41   222.667 55062.59386022  5.36 236.701038  63.102720  3.951 -100.00 -100.00 -100.00
  41   223.206 55062.59386081  6.25 236.706180  63.101504  5.613 -100.00 -100.00 -100.00
  41   224.514 55062.59386140  6.25 236.711321  63.100288  5.078 -100.00 -100.00 -100.00
  41   225.415 55062.59386200  6.42 236.716462  63.099072  4.441 -100.00 -100.00 -100.00
  42   210.249 55072.50950377  6.58 236.693655  63.101822  3.172 -100.00 -100.00 -100.00
  42   215.045 55072.50950436  5.84 236.698796  63.100606  3.058 -100.00 -100.00 -100.00
  42   219.470 55072.50950495  5.75 236.703938  63.099391  2.668 -100.00 -100.00 -100.00
  42   223.454 55072.50950555  6.13 236.709078  63.098175  2.882 -100.00 -100.00 -100.00
  42   225.110 55072.50950614  7.35 236.714218  63.096959  4.494 -100.00 -100.00 -100.00
  43   220.936 55082.42515260  7.85 236.694697  63.098724  3.790 -100.00 -100.00 -100.00
  43   221.854 55082.42515319  7.34 236.699837  63.097508  3.359 -100.00 -100.00 -100.00
  43   222.731 55082.42515378  6.94 236.704978  63.096293  2.781 -100.00 -100.00 -100.00
  43   223.535 55082.42515437  7.24 236.710118  63.095077  2.939 -100.00 -100.00 -100.00
  43   225.386 55082.42515496  8.00 236.715257  63.093860  4.886 -100.00 -100.00 -100.00
  44   220.578 55092.34079935  6.89 236.693986  63.098032  4.097 -100.00 -100.00 -100.00
  44   237.892 55092.34079994  5.64 236.699126  63.096817  3.640 -100.00 -100.00 -100.00
  44   235.801 55092.34080053  5.76 236.704267  63.095601  2.952 -100.00 -100.00 -100.00
  44   223.769 55092.34080112  6.39 236.709406  63.094385  3.622 -100.00 -100.00 -100.00
  44   223.859 55092.34080172  7.72 236.714545  63.093168  5.755 -100.00 -100.00 -100.00
  44   225.568 55092.34080231  7.26 236.719684  63.091952  6.045 -100.00 -100.00 -100.00
  45   222.204 55102.25644567  6.44 236.694140  63.098899  3.102 -100.00 -100.00 -100.00
  45   221.630 55102.25644626  7.23 236.699281  63.097683  4.526 -100.00 -100.00 -100.00
  45   224.725 55102.25644685  6.31 236.704421  63.096467  2.871 -100.00 -100.00 -100.00
  45   223.700 55102.25644744  6.90 236.709561  63.095251  3.376 -100.00 -100.00 -100.00
  45   227.636 55102.25644803  6.76 236.714701  63.094035  3.590 -100.00 -100.00 -100.00
  45   225.633 55102.25644862  8.18 236.719840  63.092818  5.836 -100.00 -100.00 -100.00
  46   220.775 55112.17209189  9.79 236.697016  63.099599  4.612 -100.00 -100.00 -100.00
  46   221.853 55112.17209248 10.03 236.702157  63.098383  4.860 -100.00 -100.00 -100.00
  46   222.738 55112.17209307  9.85 236.707298  63.097167  4.558 -100.00 -100.00 -100.00
  46   223.682 55112.17209366  9.48 236.712438  63.095950  4.540 -100.00 -100.00 -100.00
  46   225.308 55112.17209425  9.79 236.717578  63.094734  4.469 -100.00 -100.00 -100.00
  47   217.425 55122.08773554 11.34 236.696230  63.099952  4.195 -100.00 -100.00 -100.00
  47   219.991 55122.08773613  9.96 236.701371  63.098736  4.548 -100.00 -100.00 -100.00
  47   222.568 55122.08773672 11.00 236.706512  63.097519  5.243 -100.00 -100.00 -100.00
  47   223.575 55122.08773732 11.42 236.711653  63.096303  4.441 -100.00 -100.00 -100.00
  47   224.553 55122.08773791 13.14 236.716793  63.095087  6.391 -100.00 -100.00 -100.00
  48   212.332 55132.00337670 11.55 236.697570  63.098450  6.664 -100.00 -100.00 -100.00
  48   216.781 55132.00337730  9.53 236.702712  63.097234  3.720 -100.00 -100.00 -100.00
  48   219.201 55132.00337789  9.35 236.707852  63.096018  4.819 -100.00 -100.00 -100.00
  48   222.174 55132.00337848 10.32 236.712993  63.094801  5.899 -100.00 -100.00 -100.00
  48   224.288 55132.00337907 10.76 236.718133  63.093585  5.472 -100.00 -100.00 -100.00
  49   183.433 55141.91901590 13.99 236.698684  63.096703  5.260 -100.00 -100.00 -100.00
  49   175.924 55141.91901649 13.93 236.703825  63.095487  4.583 -100.00 -100.00 -100.00
  49   175.057 55141.91901708 13.57 236.708966  63.094271  5.404 -100.00 -100.00 -100.00
  49   198.487 55141.91901767 12.66 236.714106  63.093055  5.325 -100.00 -100.00 -100.00
  49   177.001 55141.91901826 12.79 236.719246  63.091838  6.772 -100.00 -100.00 -100.00
  50   219.508 55151.83465372 10.82 236.694167  63.098005  4.660 -100.00 -100.00 -100.00
  50   220.391 55151.83465431 10.69 236.699308  63.096790  5.258 -100.00 -100.00 -100.00
  50   221.625 55151.83465490 10.32 236.704449  63.095574  5.980 -100.00 -100.00 -100.00
  50   222.445 55151.83465549 10.39 236.709590  63.094357  5.135 -100.00 -100.00 -100.00
  50   223.679 55151.83465608 10.18 236.714730  63.093141  5.341 -100.00 -100.00 -100.00
  50   224.671 55151.83465667 10.41 236.719870  63.091924  5.609 -100.00 -100.00 -100.00
  51   219.164 55161.75029215 11.65 236.694315  63.100122  5.838 -100.00 -100.00 -100.00
  51   220.279 55161.75029274 11.94 236.699456  63.098907  6.722 -100.00 -100.00 -100.00
  51   221.490 55161.75029333 11.88 236.704598  63.097691  6.896 -100.00 -100.00 -100.00
  51   222.226 55161.75029392 12.56 236.709739  63.096475  8.172 -100.00 -100.00 -100.00
  51   223.033 55161.75029451 12.82 236.714879  63.095258  9.723 -100.00 -100.00 -100.00
  52   219.566 55171.66593038 14.42 236.696293  63.102312  9.135 -100.00 -100.00 -100.00
  52   220.497 55171.66593097 14.98 236.701435  63.101097  8.811 -100.00 -100.00 -100.00
  52   221.374 55171.66593156 15.38 236.706576  63.099881  9.753 -100.00 -100.00 -100.00
  52   222.076 55171.66593215 15.05 236.711718  63.098665 10.193 -100.00 -100.00 -100.00
  52   221.006 55171.66593274 15.34 236.716858  63.097448 10.039 -100.00 -100.00 -100.00
  53   218.509 55181.58156701 15.05 236.697091  63.103815  8.496 -100.00 -100.00 -100.00
  53   220.560 55181.58156760 14.79 236.702233  63.102600  8.178 -100.00 -100.00 -100.00
  53   221.197 55181.58156819 15.82 236.707375  63.101384 10.942 -100.00 -100.00 -100.00
  53   222.533 55181.58156879 16.16 236.712516  63.100168 11.031 -100.00 -100.00 -100.00
  54   219.213 55191.49721654 13.34 236.694904  63.103402  6.776 -100.00 -100.00 -100.00
  54   220.001 55191.49721713 15.10 236.700046  63.102187  9.119 -100.00 -100.00 -100.00
  54   221.083 55191.49721772 13.65 236.705188  63.100971  7.080 -100.00 -100.00 -100.00
  54   222.034 55191.49721832 14.19 236.710329  63.099755  8.810 -100.00 -100.00 -100.00
  54   223.075 55191.49721891 14.90 236.715470  63.098539 11.096 -100.00 -100.00 -100.00
  55   219.097 55201.41286670 12.65 236.693566  63.102743  6.055 -100.00 -100.00 -100.00
  55   219.306 55201.41286729 13.84 236.698707  63.101527  7.856 -100.00 -100.00 -100.00
  55   220.431 55201.41286789 15.19 236.703848  63.100311  9.176 -100.00 -100.00 -100.00
  55   221.457 55201.41286848 14.86 236.708989  63.099095  9.285 -100.00 -100.00 -100.00
  55   222.590 55201.41286907 15.79 236.714129  63.097879 11.806 -100.00 -100.00 -100.00
  56   219.128 55211.32851676 13.16 236.698060  63.101480  8.191 -100.00 -100.00 -100.00
  56   220.749 55211.32851735 13.78 236.703201  63.100264  7.779 -100.00 -100.00 -100.00
  56   221.783 55211.32851794 13.37 236.708342  63.099048  7.944 -100.00 -100.00 -100.00
  56   222.229 55211.32851853 13.78 236.713482  63.097831  9.964 -100.00 -100.00 -100.00
  57   219.607 55221.24416564 12.65 236.697329  63.102043  8.769 -100.00 -100.00 -100.00
  57   220.137 55221.24416623 13.77 236.702470  63.100827 11.050 -100.00 -100.00 -100.00
  57   221.328 55221.24416682 12.70 236.707611  63.099611  8.521 -100.00 -100.00 -100.00
  57   222.641 55221.24416741 12.79 236.712751  63.098395  9.153 -100.00 -100.00 -100.00
  58   218.918 55231.15981328 12.41 236.694773  63.102045  7.990 -100.00 -100.00 -100.00
  58   220.243 55231.15981387 12.75 236.699915  63.100830  7.486 -100.00 -100.00 -100.00
  58   220.741 55231.15981446 13.44 236.705056  63.099614  8.251 -100.00 -100.00 -100.00
  58   221.454 55231.15981505 12.51 236.710197  63.098397  8.716 -100.00 -100.00 -100.00
  58   222.502 55231.15981564 14.15 236.715337  63.097181 11.744 -100.00 -100.00 -100.00
  59   219.147 55241.07545825 13.79 236.696327  63.100396 11.308 -100.00 -100.00 -100.00
  59   221.048 55241.07545884 12.04 236.701468  63.099180  7.583 -100.00 -100.00 -100.00
  59   220.918 55241.07545943 12.50 236.706609  63.097964  8.687 -100.00 -100.00 -100.00
  59   221.971 55241.07546002 14.39 236.711750  63.096748 12.232 -100.00 -100.00 -100.00
  59   223.025 55241.07546061 12.75 236.716890  63.095531  9.721 -100.00 -100.00 -100.00
  60   219.274 55250.99109965 12.13 236.696964  63.098318  9.831 -100.00 -100.00 -100.00
  60   219.773 55250.99110024 10.75 236.702105  63.097102  7.167 -100.00 -100.00 -100.00
  60   220.905 55250.99110083 11.69 236.707246  63.095886  8.389 -100.00 -100.00 -100.00
  60   221.986 55250.99110143 11.25 236.712386  63.094669  8.211 -100.00 -100.00 -100.00
  60   223.095 55250.99110202 11.45 236.717525  63.093453  7.845 -100.00 -100.00 -100.00
  61   219.486 55260.90673888 11.99 236.698474  63.096658  8.169 -100.00 -100.00 -100.00
  61   220.066 55260.90673947 12.20 236.703614  63.095442  8.601 -100.00 -100.00 -100.00
  61   220.702 55260.90674006 10.98 236.708754  63.094226  8.420 -100.00 -100.00 -100.00
  61   222.189 55260.90674066 11.30 236.713894  63.093009  8.870 -100.00 -100.00 -100.00
  61   223.347 55260.90674125 11.46 236.719033  63.091793  7.606 -100.00 -100.00 -100.00
  62   219.126 55270.82237679 11.30 236.696751  63.097453  8.844 -100.00 -100.00 -100.00
  62   219.257 55270.82237738 11.64 236.701892  63.096237  8.882 -100.00 -100.00 -100.00
  62   220.431 55270.82237797 11.09 236.707032  63.095021  7.607 -100.00 -100.00 -100.00
  62   222.096 55270.82237856 10.47 236.712172  63.093804  7.496 -100.00 -100.00 -100.00
  62   223.032 55270.82237915 10.45 236.717311  63.092588  6.380 -100.00 -100.00 -100.00
  63   218.622 55280.73801439 11.39 236.693572  63.099515  6.832 -100.00 -100.00 -100.00
  63   219.502 55280.73801498 10.87 236.698713  63.098299  6.770 -100.00 -100.00 -100.00
  63   219.685 55280.73801557 12.19 236.703854  63.097083  9.064 -100.00 -100.00 -100.00
  63   221.144 55280.73801616 11.05 236.708994  63.095867  7.604 -100.00 -100.00 -100.00
  63   221.945 55280.73801675 12.22 236.714134  63.094651  9.040 -100.00 -100.00 -100.00
  63   223.599 55280.73801734 10.88 236.719273  63.093434  7.487 -100.00 -100.00 -100.00
  64   220.187 55290.65365144  9.46 236.695866  63.100204  5.394 -100.00 -100.00 -100.00
  64   221.185 55290.65365203 10.12 236.701007  63.098988  6.480 -100.00 -100.00 -100.00
  64   220.633 55290.65365262 11.57 236.706148  63.097773  8.523 -100.00 -100.00 -100.00
  64   222.726 55290.65365321  9.93 236.711288  63.096556  6.129 -100.00 -100.00 -100.00
  64   224.491 55290.65365380  9.57 236.716428  63.095340  5.716 -100.00 -100.00 -100.00
  66   222.232 55310.48493249 14.71 236.697492  63.099082  3.596 -100.00 -100.00 -100.00
  66   222.340 55310.48493308 16.92 236.702633  63.097867  6.458 -100.00 -100.00 -100.00
  66   223.754 55310.48493367 16.33 236.707773  63.096651  4.790 -100.00 -100.00 -100.00
  66   225.097 55310.48493426 17.28 236.712913  63.095435  6.271 -100.00 -100.00 -100.00
  66   225.448 55310.48493485 18.73 236.718052  63.094219  7.905 -100.00 -100.00 -100.00
  67   221.413 55320.40057810 12.36 236.696159  63.098281  4.551 -100.00 -100.00 -100.00
  67   222.219 55320.40057869 13.54 236.701299  63.097065  4.872 -100.00 -100.00 -100.00
  67   224.069 55320.40057928 12.59 236.706439  63.095849  4.263 -100.00 -100.00 -100.00
  67   224.760 55320.40057987 13.65 236.711578  63.094633  4.984 -100.00 -100.00 -100.00
  67   226.019 55320.40058046 13.58 236.716717  63.093417  4.706 -100.00 -100.00 -100.00
  68   221.825 55330.31622235  7.05 236.694129  63.098836  2.925 -100.00 -100.00 -100.00
  68   222.942 55330.31622294  7.03 236.699270  63.097621  3.269 -100.00 -100.00 -100.00
  68   228.431 55330.31622353  7.18 236.704410  63.096405  3.300 -100.00 -100.00 -100.00
  68   226.508 55330.31622412  7.22 236.709549  63.095189  3.443 -100.00 -100.00 -100.00
  68   225.445 55330.31622471  8.60 236.714689  63.093973  5.106 -100.00 -100.00 -100.00
  68   226.669 55330.31622530  7.94 236.719827  63.092756  4.917 -100.00 -100.00 -100.00
  69   221.389 55340.23186662  9.85 236.694857  63.100024  3.849 -100.00 -100.00 -100.00
  69   222.486 55340.23186721  9.09 236.699997  63.098808  3.845 -100.00 -100.00 -100.00
  69   223.523 55340.23186780  8.32 236.705138  63.097592  3.280 -100.00 -100.00 -100.00
  69   224.699 55340.23186839  9.27 236.710278  63.096376  3.156 -100.00 -100.00 -100.00
  69   225.648 55340.23186898 10.38 236.715417  63.095160  5.060 -100.00 -100.00 -100.00
  70    93.648 55350.14751050 43.92 236.694584  63.101614 25.145 -100.00 -100.00 -100.00
  70    93.593 55350.14751109 46.38 236.699725  63.100398 28.592 -100.00 -100.00 -100.00
  70    93.675 55350.14751168 50.35 236.704866  63.099183   -100 -100.00 -100.00 -100.00
  70    93.533 55350.14751227 50.49 236.710006  63.097967   -100 -100.00 -100.00 -100.00
  70    93.562 55350.14751286 52.60 236.715146  63.096750   -100 -100.00 -100.00 -100.00
  71   220.891 55360.06315248  6.48 236.695445  63.102377  3.830 -100.00 -100.00 -100.00
  71   221.944 55360.06315307  6.63 236.700587  63.101162  3.708 -100.00 -100.00 -100.00
  71   223.125 55360.06315366  6.88 236.705728  63.099946  4.177 -100.00 -100.00 -100.00
  71   223.925 55360.06315425  7.91 236.710869  63.098730  5.001 -100.00 -100.00 -100.00
  71   224.675 55360.06315484  7.29 236.716009  63.097514  4.259 -100.00 -100.00 -100.00
  72   220.534 55369.97879203  6.50 236.693082  63.103155  4.474 -100.00 -100.00 -100.00
  72   221.514 55369.97879262  6.50 236.698224  63.101940  4.243 -100.00 -100.00 -100.00
  72   222.483 55369.97879321  6.72 236.703365  63.100724  4.791 -100.00 -100.00 -100.00
  72   223.484 55369.97879380  7.27 236.708507  63.099508  4.707 -100.00 -100.00 -100.00
  72   224.662 55369.97879439  7.26 236.713647  63.098292  4.293 -100.00 -100.00 -100.00
  73   227.636 55379.89443082  7.28 236.696753  63.102644  2.907 -100.00 -100.00 -100.00
  73   226.392 55379.89443141  7.24 236.701895  63.101428  3.190 -100.00 -100.00 -100.00
  73   226.501 55379.89443200  7.45 236.707036  63.100212  3.017 -100.00 -100.00 -100.00
  73   226.090 55379.89443259  8.03 236.712177  63.098996  3.168 -100.00 -100.00 -100.00
  74   221.403 55389.81006856  7.91 236.697473  63.103297  4.309 -100.00 -100.00 -100.00
  74   222.545 55389.81006915  8.00 236.702615  63.102082  4.144 -100.00 -100.00 -100.00
  74   224.255 55389.81006974  7.65 236.707757  63.100866  4.084 -100.00 -100.00 -100.00
  74   224.676 55389.81007033  8.34 236.712897  63.099650  4.742 -100.00 -100.00 -100.00
  75    93.282 55399.72570533 45.32 236.698626  63.103781 29.499 -100.00 -100.00 -100.00
  75    93.094 55399.72570592 47.49 236.703768  63.102566   -100 -100.00 -100.00 -100.00
  75    92.928 55399.72570651 51.55 236.708909  63.101350 17.581 -100.00 -100.00 -100.00
  75    93.108 55399.72570710 50.69 236.714050  63.100134  0.806 -100.00 -100.00 -100.00
  76   221.159 55409.64135214  7.36 236.694522  63.103767  3.775 -100.00 -100.00 -100.00
  76   221.974 55409.64135273  8.31 236.699664  63.102552  4.746 -100.00 -100.00 -100.00
  76   223.077 55409.64135332  8.08 236.704805  63.101336  5.208 -100.00 -100.00 -100.00
  76   224.464 55409.64135391  8.23 236.709946  63.100121  5.256 -100.00 -100.00 -100.00
  76   225.466 55409.64135450  8.59 236.715087  63.098905  5.128 -100.00 -100.00 -100.00
  77    93.082 55419.55700298 43.27 236.695008  63.101146 29.423 -100.00 -100.00 -100.00
  77    93.072 55419.55700357 46.38 236.700149  63.099931   -100 -100.00 -100.00 -100.00
  77    92.975 55419.55700417 49.63 236.705290  63.098715   -100 -100.00 -100.00 -100.00
  77    92.957 55419.55700476 50.12 236.710431  63.097499   -100 -100.00 -100.00 -100.00
  77    92.948 55419.55700535 49.80 236.715571  63.096283   -100 -100.00 -100.00 -100.00
  78   223.113 55429.47265064  8.65 236.696850  63.098470  2.939 -100.00 -100.00 -100.00
  78   222.661 55429.47265123  9.87 236.701990  63.097254  5.466 -100.00 -100.00 -100.00
  78   224.073 55429.47265182  9.27 236.707130  63.096038  4.140 -100.00 -100.00 -100.00
  78   226.939 55429.47265241  9.43 236.712270  63.094822  3.830 -100.00 -100.00 -100.00
  78   227.981 55429.47265300  9.26 236.717409  63.093606  4.006 -100.00 -100.00 -100.00
  79   222.027 55439.38829539 10.67 236.697592  63.097646  5.068 -100.00 -100.00 -100.00
  79   223.082 55439.38829598 10.57 236.702732  63.096430  5.067 -100.00 -100.00 -100.00
  79   224.108 55439.38829657 11.36 236.707872  63.095214  5.078 -100.00 -100.00 -100.00
  79   225.218 55439.38829716 11.51 236.713011  63.093998  5.675 -100.00 -100.00 -100.00
  79   226.287 55439.38829775 11.41 236.718150  63.092782  5.637 -100.00 -100.00 -100.00
  80    93.659 55449.30393799 42.10 236.693919  63.099300 28.949 -100.00 -100.00 -100.00
  80    93.688 55449.30393858 44.07 236.699060  63.098084 30.126 -100.00 -100.00 -100.00
  80    93.624 55449.30393917 48.46 236.704200  63.096868   -100 -100.00 -100.00 -100.00
  80    93.396 55449.30393976 51.48 236.709340  63.095652 11.289 -100.00 -100.00 -100.00
  80    93.575 55449.30394035 51.80 236.714479  63.094436  6.459 -100.00 -100.00 -100.00
  80    93.645 55449.30394094 50.23 236.719618  63.093219   -100 -100.00 -100.00 -100.00
  81    92.854 55459.21958094 44.15 236.696827  63.099470 32.706 -100.00 -100.00 -100.00
  81    92.898 55459.21958153 47.44 236.701968  63.098254   -100 -100.00 -100.00 -100.00
  81    92.869 55459.21958212 50.25 236.707108  63.097038   -100 -100.00 -100.00 -100.00
  81    92.776 55459.21958271 50.51 236.712248  63.095822   -100 -100.00 -100.00 -100.00
  81    92.878 55459.21958330 49.52 236.717388  63.094605   -100 -100.00 -100.00 -100.00
  82    92.110 55469.13522291 45.61 236.697736  63.099323   -100 -100.00 -100.00 -100.00
  82    92.228 55469.13522350 48.57 236.702878  63.098107   -100 -100.00 -100.00 -100.00
  82    92.186 55469.13522409 52.35 236.708018  63.096891  1.022 -100.00 -100.00 -100.00
  82    92.165 55469.13522468 52.37 236.713159  63.095674 14.217 -100.00 -100.00 -100.00
  82    92.063 55469.13522527 53.28 236.718298  63.094458 26.661 -100.00 -100.00 -100.00
  83   221.025 55479.05086115  8.08 236.693597  63.099720  4.111 -100.00 -100.00 -100.00
  83   222.995 55479.05086175  7.47 236.698739  63.098504  4.088 -100.00 -100.00 -100.00
  83   224.200 55479.05086234  7.09 236.703880  63.097288  3.228 -100.00 -100.00 -100.00
  83   225.531 55479.05086293  7.71 236.709021  63.096072  4.369 -100.00 -100.00 -100.00
  83   225.074 55479.05086352  7.82 236.714161  63.094856  4.489 -100.00 -100.00 -100.00
  83   226.316 55479.05086411  8.57 236.719301  63.093639  5.774 -100.00 -100.00 -100.00
  84   220.859 55488.96649748  8.11 236.697750  63.098491  4.417 -100.00 -100.00 -100.00
  84   222.125 55488.96649807  8.62 236.702892  63.097275  5.249 -100.00 -100.00 -100.00
  84   223.178 55488.96649866  8.63 236.708033  63.096060  5.231 -100.00 -100.00 -100.00
  84   224.023 55488.96649925  9.01 236.713173  63.094843  5.571 -100.00 -100.00 -100.00
  84   225.192 55488.96649984  8.87 236.718314  63.093627  4.943 -100.00 -100.00 -100.00
  85   219.909 55498.88213073 12.93 236.695149  63.099795  6.964 -100.00 -100.00 -100.00
  85   221.178 55498.88213132 13.87 236.700291  63.098579  8.926 -100.00 -100.00 -100.00
  85   222.296 55498.88213191 12.54 236.705433  63.097363  7.413 -100.00 -100.00 -100.00
  85   223.411 55498.88213250 12.44 236.710574  63.096147  6.342 -100.00 -100.00 -100.00
  85   224.344 55498.88213309 13.68 236.715714  63.094931  8.568 -100.00 -100.00 -100.00
  86   220.103 55508.79777044 13.93 236.697885  63.100505  6.245 -100.00 -100.00 -100.00
  86   221.002 55508.79777103 14.70 236.703027  63.099289  7.821 -100.00 -100.00 -100.00
  86   222.259 55508.79777162 14.54 236.708169  63.098073  8.272 -100.00 -100.00 -100.00
  86   223.141 55508.79777221 15.07 236.713310  63.096857  9.378 -100.00 -100.00 -100.00
  86   224.575 55508.79777280 14.95 236.718450  63.095641  7.042 -100.00 -100.00 -100.00
  87   218.965 55518.71342017 15.53 236.694436  63.101948  6.749 -100.00 -100.00 -100.00
  87   220.749 55518.71342077 16.01 236.699578  63.100732  7.179 -100.00 -100.00 -100.00
  87   221.150 55518.71342136 16.20 236.704720  63.099516  8.288 -100.00 -100.00 -100.00
  87   222.272 55518.71342195 15.79 236.709861  63.098300  7.663 -100.00 -100.00 -100.00
  87   223.281 55518.71342254 16.83 236.715002  63.097084  9.373 -100.00 -100.00 -100.00
  88   219.623 55528.62906931 15.01 236.693437  63.102683  6.225 -100.00 -100.00 -100.00
  88   220.450 55528.62906990 14.93 236.698579  63.101467  6.338 -100.00 -100.00 -100.00
  88   221.584 55528.62907049 15.40 236.703721  63.100251  7.138 -100.00 -100.00 -100.00
  88   219.871 55528.62907108 17.33 236.708862  63.099035 10.159 -100.00 -100.00 -100.00
  88   223.129 55528.62907167 16.67 236.714002  63.097819  9.024 -100.00 -100.00 -100.00
  89   219.913 55538.54471690 15.00 236.694774  63.102291  5.464 -100.00 -100.00 -100.00
  89   220.501 55538.54471749 15.84 236.699916  63.101075  7.690 -100.00 -100.00 -100.00
  89   219.327 55538.54471808 17.48 236.705057  63.099859 10.141 -100.00 -100.00 -100.00
  89   222.757 55538.54471867 16.47 236.710198  63.098643  9.472 -100.00 -100.00 -100.00
  89   223.290 55538.54471926 17.02 236.715338  63.097427  8.980 -100.00 -100.00 -100.00
  90   219.070 55548.46036211 16.91 236.695225  63.102070  8.811 -100.00 -100.00 -100.00
  90   220.691 55548.46036270 16.68 236.700366  63.100854  8.578 -100.00 -100.00 -100.00
  90   221.161 55548.46036329 17.32 236.705507  63.099638  8.928 -100.00 -100.00 -100.00
  90   222.016 55548.46036388 17.48 236.710648  63.098422 10.873 -100.00 -100.00 -100.00
  90   222.640 55548.46036447 17.52 236.715788  63.097206  9.941 -100.00 -100.00 -100.00
  91   219.274 55558.37600518 15.98 236.693075  63.102814  7.335 -100.00 -100.00 -100.00
  91   214.531 55558.37600577 17.08 236.698217  63.101598  9.915 -100.00 -100.00 -100.00
  91   220.694 55558.37600636 16.92 236.703358  63.100382  9.969 -100.00 -100.00 -100.00
  91   221.482 55558.37600695 17.78 236.708499  63.099166 11.704 -100.00 -100.00 -100.00
  91   214.996 55558.37600754 17.26 236.713639  63.097950 10.497 -100.00 -100.00 -100.00
  92   209.977 55568.29164765 16.39 236.694131  63.103320 10.360 -100.00 -100.00 -100.00
  92   214.519 55568.29164824 16.99 236.699273  63.102105 10.864 -100.00 -100.00 -100.00
  92   221.090 55568.29164883 16.59 236.704414  63.100889 12.007 -100.00 -100.00 -100.00
  92   211.588 55568.29164942 16.83 236.709555  63.099672 11.601 -100.00 -100.00 -100.00
  92   222.539 55568.29165001 17.60 236.714696  63.098456 14.693 -100.00 -100.00 -100.00
  93   215.044 55578.20728967 14.96 236.698276  63.102476  9.744 -100.00 -100.00 -100.00
  93   221.077 55578.20729026 13.78 236.703418  63.101260  6.978 -100.00 -100.00 -100.00
  93   221.535 55578.20729085 15.60 236.708559  63.100044 10.252 -100.00 -100.00 -100.00
  93   222.560 55578.20729144 16.14 236.713700  63.098828 11.833 -100.00 -100.00 -100.00
  94   218.388 55588.12292886 14.03 236.696397  63.101679  9.146 -100.00 -100.00 -100.00
  94   220.994 55588.12292945 13.14 236.701539  63.100463  7.788 -100.00 -100.00 -100.00
  94   221.027 55588.12293004 13.83 236.706680  63.099247  9.010 -100.00 -100.00 -100.00
  94   221.874 55588.12293064 14.37 236.711821  63.098031  8.349 -100.00 -100.00 -100.00
  94   223.442 55588.12293123 13.96 236.716961  63.096814  7.730 -100.00 -100.00 -100.00
  95   219.822 55598.03856508 11.85 236.694581  63.100280  6.144 -100.00 -100.00 -100.00
  95   220.531 55598.03856567 12.01 236.699723  63.099065  6.663 -100.00 -100.00 -100.00
  95   220.855 55598.03856626 12.33 236.704865  63.097849  7.071 -100.00 -100.00 -100.00
  95   222.578 55598.03856685 12.33 236.710006  63.096633  7.111 -100.00 -100.00 -100.00
  95   223.408 55598.03856744 11.85 236.715146  63.095417  6.563 -100.00 -100.00 -100.00
  96   220.681 55607.95419902  9.72 236.696612  63.098915  4.384 -100.00 -100.00 -100.00
  96   220.718 55607.95419961 11.67 236.701754  63.097699  6.613 -100.00 -100.00 -100.00
  96   221.776 55607.95420020 10.60 236.706895  63.096483  5.796 -100.00 -100.00 -100.00
  96   222.972 55607.95420079 10.17 236.712036  63.095267  5.308 -100.00 -100.00 -100.00
  96   225.167 55607.95420138  9.55 236.717176  63.094051  4.466 -100.00 -100.00 -100.00
  97   220.213 55617.86983042  7.94 236.694357  63.100385  3.598 -100.00 -100.00 -100.00
  97   221.203 55617.86983101  8.80 236.699499  63.099170  4.221 -100.00 -100.00 -100.00
  97   222.136 55617.86983160  8.55 236.704641  63.097954  4.071 -100.00 -100.00 -100.00
  97   222.916 55617.86983219  8.26 236.709782  63.096738  3.938 -100.00 -100.00 -100.00
  97   223.556 55617.86983278  9.02 236.714923  63.095522  5.991 -100.00 -100.00 -100.00
  98   219.437 55627.78547641 10.51 236.695813  63.101532  5.954 -100.00 -100.00 -100.00
  98   220.768 55627.78547701 10.37 236.700955  63.100316  6.915 -100.00 -100.00 -100.00
  98   221.674 55627.78547760 10.39 236.706096  63.099100  5.364 -100.00 -100.00 -100.00
  98   222.352 55627.78547819  9.94 236.711238  63.097884  5.670 -100.00 -100.00 -100.00
  98   222.824 55627.78547878 10.85 236.716378  63.096668  6.998 -100.00 -100.00 -100.00
  99   219.212 55637.70112781  9.31 236.695139  63.102028  4.523 -100.00 -100.00 -100.00
  99   220.690 55637.70112840  9.82 236.700281  63.100812  5.591 -100.00 -100.00 -100.00
  99   221.201 55637.70112899 10.19 236.705422  63.099596  5.320 -100.00 -100.00 -100.00
  99   221.669 55637.70112958 11.44 236.710563  63.098380  7.300 -100.00 -100.00 -100.00
  99   223.325 55637.70113017 10.80 236.715703  63.097164  6.594 -100.00 -100.00 -100.00
 100   220.209 55647.61677767  9.40 236.697680  63.100323  5.714 -100.00 -100.00 -100.00
 100   220.973 55647.61677826 10.08 236.702821  63.099108  5.910 -100.00 -100.00 -100.00
 100   220.832 55647.61677885 10.97 236.707962  63.097892  7.803 -100.00 -100.00 -100.00
 100   222.876 55647.61677944  9.49 236.713102  63.096676  5.505 -100.00 -100.00 -100.00
 100   224.940 55647.61678003  9.26 236.718242  63.095460  5.241 -100.00 -100.00 -100.00
 101   220.099 55657.53242428  7.95 236.696388  63.098460  5.180 -100.00 -100.00 -100.00
 101   220.587 55657.53242488  7.53 236.701528  63.097245  4.536 -100.00 -100.00 -100.00
 101   222.314 55657.53242547  7.20 236.706669  63.096029  4.532 -100.00 -100.00 -100.00
 101   223.262 55657.53242606  7.30 236.711808  63.094813  4.252 -100.00 -100.00 -100.00
 101   224.683 55657.53242665  7.45 236.716948  63.093597  4.403 -100.00 -100.00 -100.00
 102   223.060 55667.44806679  5.19 236.697078  63.097216  3.695 -100.00 -100.00 -100.00
 102   224.284 55667.44806738  5.56 236.702218  63.096001  4.534 -100.00 -100.00 -100.00
 102   222.642 55667.44806797  6.43 236.707358  63.094785  6.035 -100.00 -100.00 -100.00
 102   223.883 55667.44806856  5.59 236.712497  63.093569  5.088 -100.00 -100.00 -100.00
 102   223.312 55667.44806915  7.31 236.717636  63.092353  6.668 -100.00 -100.00 -100.00
 103   219.697 55677.36370620  6.04 236.697129  63.098193  5.271 -100.00 -100.00 -100.00
 103   222.309 55677.36370679  6.20 236.702269  63.096977  4.757 -100.00 -100.00 -100.00
 103   228.045 55677.36370738  4.67 236.707409  63.095762  4.166 -100.00 -100.00 -100.00
 103   222.750 55677.36370797  6.22 236.712549  63.094546  5.518 -100.00 -100.00 -100.00
 103   223.402 55677.36370856  6.77 236.717688  63.093329  5.985 -100.00 -100.00 -100.00
 104   221.512 55687.27934335  9.24 236.695851  63.100950  4.273 -100.00 -100.00 -100.00
 104   222.219 55687.27934395 10.48 236.700992  63.099734  6.031 -100.00 -100.00 -100.00
 104   223.124 55687.27934454  9.97 236.706133  63.098519  5.239 -100.00 -100.00 -100.00
 104   224.009 55687.27934513  9.96 236.711273  63.097303  4.896 -100.00 -100.00 -100.00
 104   223.587 55687.27934572 11.16 236.716413  63.096086  6.009 -100.00 -100.00 -100.00
 105   221.595 55697.19497919 17.61 236.693761  63.103624  4.012 -100.00 -100.00 -100.00
 105   222.511 55697.19497978 17.90 236.698903  63.102408  3.959 -100.00 -100.00 -100.00
 105   223.265 55697.19498037 19.11 236.704044  63.101193  6.024 -100.00 -100.00 -100.00
 105   224.946 55697.19498096 18.24 236.709185  63.099977  5.058 -100.00 -100.00 -100.00
 105   226.133 55697.19498155 19.27 236.714326  63.098761  5.863 -100.00 -100.00 -100.00
 106   221.448 55707.11061424 12.71 236.695496  63.104200  4.699 -100.00 -100.00 -100.00
 106   222.946 55707.11061483 11.96 236.700638  63.102984  5.210 -100.00 -100.00 -100.00
 106   223.725 55707.11061542 12.78 236.705780  63.101769  6.770 -100.00 -100.00 -100.00
 106   224.907 55707.11061601 13.54 236.710922  63.100553  6.311 -100.00 -100.00 -100.00
 106   226.108 55707.11061660 14.82 236.716062  63.099337  7.385 -100.00 -100.00 -100.00
 107    94.762 55717.02626534 45.63 236.696552  63.102746 32.343 -100.00 -100.00 -100.00
 107    95.255 55717.02626593 47.68 236.701694  63.101530 25.055 -100.00 -100.00 -100.00
 107    94.512 55717.02626652 51.73 236.706836  63.100315  4.949 -100.00 -100.00 -100.00
 107    94.626 55717.02626711 55.01 236.711977  63.099099  9.980 -100.00 -100.00 -100.00
 107    94.698 55717.02626770 53.71 236.717117  63.097883 14.704 -100.00 -100.00 -100.00
 108   221.773 55726.94191398  6.63 236.696762  63.101913  3.323 -100.00 -100.00 -100.00
 108   223.062 55726.94191457  6.48 236.701904  63.100698  3.281 -100.00 -100.00 -100.00
 108   223.460 55726.94191516  7.59 236.707045  63.099482  4.497 -100.00 -100.00 -100.00
 108   224.910 55726.94191575  7.34 236.712186  63.098266  3.964 -100.00 -100.00 -100.00
 108   225.670 55726.94191634  7.80 236.717326  63.097050  3.442 -100.00 -100.00 -100.00
 109    94.730 55736.85756045 44.38 236.693395  63.103098   -100 -100.00 -100.00 -100.00
 109    95.298 55736.85756104 46.42 236.698537  63.101883 26.968 -100.00 -100.00 -100.00
 109    95.238 55736.85756163 48.48 236.703678  63.100667 31.189 -100.00 -100.00 -100.00
 109    94.838 55736.85756222 53.64 236.708819  63.099451  9.971 -100.00 -100.00 -100.00
 109    94.704 55736.85756281 54.93 236.713960  63.098234   -100 -100.00 -100.00 -100.00
 110   221.779 55746.77320656  6.55 236.697914  63.102833  4.736 -100.00 -100.00 -100.00
 110   222.999 55746.77320715  6.08 236.703056  63.101618  3.114 -100.00 -100.00 -100.00
 110   225.685 55746.77320774  5.78 236.708197  63.100401  3.404 -100.00 -100.00 -100.00
 110   224.954 55746.77320833  7.26 236.713338  63.099185  4.697 -100.00 -100.00 -100.00
 111   221.825 55756.68885013  5.28 236.696721  63.102937  4.328 -100.00 -100.00 -100.00
 111   226.020 55756.68885072  4.25 236.701863  63.101721  3.611 -100.00 -100.00 -100.00
 111   223.404 55756.68885131  6.55 236.707004  63.100505  5.160 -100.00 -100.00 -100.00
 111   224.671 55756.68885191  6.00 236.712144  63.099289  4.577 -100.00 -100.00 -100.00
 112   221.514 55766.60449129  6.18 236.695397  63.101601  3.010 -100.00 -100.00 -100.00
 112   228.051 55766.60449188  5.74 236.700538  63.100385  3.203 -100.00 -100.00 -100.00
 112   225.326 55766.60449247  6.06 236.705679  63.099169  3.207 -100.00 -100.00 -100.00
 112   225.888 55766.60449306  6.93 236.710819  63.097953  3.362 -100.00 -100.00 -100.00
 112   225.757 55766.60449365  7.00 236.715959  63.096737  4.070 -100.00 -100.00 -100.00
 113   222.109 55776.52012993  8.14 236.697462  63.098818  3.995 -100.00 -100.00 -100.00
 113   223.276 55776.52013052  7.96 236.702603  63.097602  4.303 -100.00 -100.00 -100.00
 113   224.179 55776.52013111  7.90 236.707743  63.096386  4.194 -100.00 -100.00 -100.00
 113   226.367 55776.52013170  8.22 236.712883  63.095170  3.545 -100.00 -100.00 -100.00
 113   226.236 55776.52013229  9.05 236.718023  63.093954  4.292 -100.00 -100.00 -100.00
 114   222.622 55786.43576523  8.26 236.696042  63.098033  3.224 -100.00 -100.00 -100.00
 114   223.451 55786.43576582  7.67 236.701183  63.096818  3.305 -100.00 -100.00 -100.00
 114   223.754 55786.43576641  8.12 236.706323  63.095602  4.028 -100.00 -100.00 -100.00
 114   224.898 55786.43576700  8.43 236.711463  63.094386  4.522 -100.00 -100.00 -100.00
 114   226.647 55786.43576760  8.23 236.716603  63.093170  3.930 -100.00 -100.00 -100.00
 115   221.335 55796.35139835  7.36 236.694108  63.100059  3.403 -100.00 -100.00 -100.00
 115   223.293 55796.35139894  6.70 236.699249  63.098844  3.691 -100.00 -100.00 -100.00
 115   223.529 55796.35139953  7.55 236.704390  63.097629  4.777 -100.00 -100.00 -100.00
 115   225.665 55796.35140012  7.22 236.709530  63.096413  3.418 -100.00 -100.00 -100.00
 115   226.541 55796.35140071  7.76 236.714670  63.095197  3.928 -100.00 -100.00 -100.00
 116    93.471 55806.26703939 42.30 236.697521  63.101459 30.269 -100.00 -100.00 -100.00
 116    93.400 55806.26703998 45.71 236.702662  63.100244   -100 -100.00 -100.00 -100.00
 116    93.177 55806.26704058 49.29 236.707803  63.099028   -100 -100.00 -100.00 -100.00
 116    93.028 55806.26704117 45.89 236.712944  63.097812   -100 -100.00 -100.00 -100.00
 117   226.249 55816.18268804  7.95 236.695398  63.102914  3.587 -100.00 -100.00 -100.00
 117   225.060 55816.18268863  8.09 236.700540  63.101699  3.818 -100.00 -100.00 -100.00
 117   224.766 55816.18268922  8.56 236.705682  63.100483  4.280 -100.00 -100.00 -100.00
 117   224.478 55816.18268981  9.07 236.710823  63.099267  4.205 -100.00 -100.00 -100.00
 117   225.366 55816.18269040  9.36 236.715964  63.098051  4.584 -100.00 -100.00 -100.00
 118   222.211 55826.09833446  7.94 236.698144  63.101096  3.354 -100.00 -100.00 -100.00
 118   222.868 55826.09833505  8.14 236.703286  63.099881  3.616 -100.00 -100.00 -100.00
 118   223.979 55826.09833564  8.45 236.708427  63.098665  3.351 -100.00 -100.00 -100.00
 118   225.188 55826.09833623  8.51 236.713568  63.097449  3.748 -100.00 -100.00 -100.00
 119    92.703 55836.01397626 44.36 236.698423  63.099113 32.441 -100.00 -100.00 -100.00
 119    92.635 55836.01397685 48.26 236.703565  63.097897   -100 -100.00 -100.00 -100.00
 119    92.638 55836.01397744 51.65 236.708706  63.096681   -100 -100.00 -100.00 -100.00
 119    92.450 55836.01397803 49.62 236.713847  63.095465   -100 -100.00 -100.00 -100.00
 119    92.538 55836.01397862 48.48 236.718987  63.094249   -100 -100.00 -100.00 -100.00
 120   222.458 55845.92961410  9.08 236.693911  63.099059  3.841 -100.00 -100.00 -100.00
 120   230.611 55845.92961469  7.55 236.699053  63.097844  3.373 -100.00 -100.00 -100.00
 120   224.284 55845.92961528  8.48 236.704195  63.096628  3.676 -100.00 -100.00 -100.00
 120   225.627 55845.92961587  8.62 236.709336  63.095412  3.758 -100.00 -100.00 -100.00
 120   238.784 55845.92961646  9.06 236.714476  63.094196  4.777 -100.00 -100.00 -100.00
 120   242.342 55845.92961705  9.19 236.719617  63.092980  5.826 -100.00 -100.00 -100.00
 121   220.507 55855.84524955  9.07 236.693570  63.100815  4.611 -100.00 -100.00 -100.00
 121   221.630 55855.84525014  9.43 236.698713  63.099599  5.614 -100.00 -100.00 -100.00
 121   222.400 55855.84525073  8.32 236.703855  63.098383  5.221 -100.00 -100.00 -100.00
 121   223.574 55855.84525132  9.00 236.708996  63.097168  4.946 -100.00 -100.00 -100.00
 121   224.429 55855.84525192  9.44 236.714137  63.095952  5.394 -100.00 -100.00 -100.00
 122   219.647 55865.76089097 15.46 236.693215  63.103397  6.403 -100.00 -100.00 -100.00
 122   220.521 55865.76089156 17.13 236.698358  63.102182  9.300 -100.00 -100.00 -100.00
 122   221.715 55865.76089215 16.17 236.703500  63.100966  8.394 -100.00 -100.00 -100.00
 122   222.573 55865.76089274 17.36 236.708642  63.099750  9.839 -100.00 -100.00 -100.00
 122   223.579 55865.76089334 16.95 236.713784  63.098534  9.225 -100.00 -100.00 -100.00
 123   220.144 55875.67654379 15.15 236.694240  63.104444  5.959 -100.00 -100.00 -100.00
 123   221.101 55875.67654439 15.07 236.699383  63.103228  6.137 -100.00 -100.00 -100.00
 123   221.608 55875.67654498 16.62 236.704525  63.102012  7.829 -100.00 -100.00 -100.00
 123   222.860 55875.67654557 16.09 236.709667  63.100796  7.969 -100.00 -100.00 -100.00
 123   223.925 55875.67654616 16.05 236.714808  63.099580  7.516 -100.00 -100.00 -100.00
 133   220.160 55974.83297761  9.46 236.695152  63.098470  4.130 -100.00 -100.00 -100.00
 133   221.809 55974.83297820  9.00 236.700294  63.097254  4.199 -100.00 -100.00 -100.00
 133   222.342 55974.83297879  9.98 236.705435  63.096038  5.604 -100.00 -100.00 -100.00
 133   222.813 55974.83297938  9.18 236.710575  63.094822  4.148 -100.00 -100.00 -100.00
 133   224.339 55974.83297997  9.64 236.715715  63.093606  5.134 -100.00 -100.00 -100.00
 134   219.131 55984.74861348 10.38 236.693450  63.101930  4.922 -100.00 -100.00 -100.00
 134   220.780 55984.74861407  9.99 236.698592  63.100714  4.707 -100.00 -100.00 -100.00
 134   221.225 55984.74861466 10.69 236.703733  63.099498  6.445 -100.00 -100.00 -100.00
 134   222.083 55984.74861525 11.19 236.708874  63.098282  6.144 -100.00 -100.00 -100.00
 134   223.282 55984.74861584 10.15 236.714015  63.097066  4.878 -100.00 -100.00 -100.00
 135   219.926 55994.66424776 10.72 236.698573  63.103100  6.271 -100.00 -100.00 -100.00
 135   222.556 55994.66424835 10.26 236.703714  63.101884  5.731 -100.00 -100.00 -100.00
 135   223.386 55994.66424895 10.81 236.708856  63.100668  5.916 -100.00 -100.00 -100.00
 135   223.223 55994.66424954 11.74 236.713997  63.099453  7.015 -100.00 -100.00 -100.00
 136   220.814 56004.57989995  8.41 236.698070  63.101568  4.133 -100.00 -100.00 -100.00
 136   221.638 56004.57990054  9.62 236.703211  63.100352  5.954 -100.00 -100.00 -100.00
 136   222.241 56004.57990113 10.61 236.708352  63.099137  7.889 -100.00 -100.00 -100.00
 136   223.758 56004.57990172  9.29 236.713492  63.097921  5.495 -100.00 -100.00 -100.00
 137   219.592 56014.49554886  9.75 236.698424  63.098428  7.591 -100.00 -100.00 -100.00
 137   221.614 56014.49554946  7.67 236.703565  63.097212  4.446 -100.00 -100.00 -100.00
 137   221.051 56014.49555005  9.10 236.708705  63.095997  6.090 -100.00 -100.00 -100.00
 137   222.687 56014.49555064  8.80 236.713845  63.094781  6.164 -100.00 -100.00 -100.00
 137   225.040 56014.49555123  8.87 236.718984  63.093564  6.200 -100.00 -100.00 -100.00
 139   230.823 56034.32683704  1.88 236.694605  63.098892  1.927 -100.00 -100.00 -100.00
 139   232.289 56034.32683763  1.80 236.699745  63.097677  2.145 -100.00 -100.00 -100.00
 139   233.900 56034.32683822  1.76 236.704885  63.096461  2.006 -100.00 -100.00 -100.00
 139   235.350 56034.32683881  1.69 236.710025  63.095245  1.976 -100.00 -100.00 -100.00
 139   237.077 56034.32683940  1.86 236.715164  63.094029  2.444 -100.00 -100.00 -100.00
 141   221.344 56054.15811591 17.58 236.695468  63.104314  4.893 -100.00 -100.00 -100.00
 141   222.594 56054.15811650 17.82 236.700610  63.103099  5.472 -100.00 -100.00 -100.00
 141   224.111 56054.15811709 18.00 236.705751  63.101883  5.960 -100.00 -100.00 -100.00
 141   224.869 56054.15811768 18.55 236.710892  63.100667  6.710 -100.00 -100.00 -100.00
 141   225.954 56054.15811827 18.32 236.716033  63.099451  6.058 -100.00 -100.00 -100.00
 142   222.206 56064.07375063 12.48 236.695961  63.104976  3.997 -100.00 -100.00 -100.00
 142   222.633 56064.07375122 14.26 236.701103  63.103760  5.638 -100.00 -100.00 -100.00
 142   223.558 56064.07375181 15.11 236.706244  63.102544  7.594 -100.00 -100.00 -100.00
 142   224.687 56064.07375240 15.53 236.711386  63.101329  8.355 -100.00 -100.00 -100.00
 143   222.109 56073.98939411  8.72 236.698429  63.103026  4.724 -100.00 -100.00 -100.00
 143   223.155 56073.98939470  8.79 236.703571  63.101810  4.910 -100.00 -100.00 -100.00
 143   224.462 56073.98939529  8.28 236.708712  63.100594  4.357 -100.00 -100.00 -100.00
 143   225.217 56073.98939588  9.33 236.713853  63.099378  5.646 -100.00 -100.00 -100.00
 144   221.601 56083.90504382  7.21 236.696545  63.101930  3.790 -100.00 -100.00 -100.00
 144   222.836 56083.90504441  6.35 236.701687  63.100714  3.346 -100.00 -100.00 -100.00
 144   223.577 56083.90504500  7.87 236.706828  63.099499  4.515 -100.00 -100.00 -100.00
 144   225.060 56083.90504559  7.38 236.711969  63.098282  3.496 -100.00 -100.00 -100.00
 144   225.753 56083.90504618  8.40 236.717109  63.097066  4.258 -100.00 -100.00 -100.00
 145   222.906 56093.82069100 12.97 236.694060  63.102331  3.399 -100.00 -100.00 -100.00
 145   228.179 56093.82069159 12.10 236.699202  63.101115  3.903 -100.00 -100.00 -100.00
 145   229.030 56093.82069218 11.58 236.704343  63.099899  4.620 -100.00 -100.00 -100.00
 145   226.077 56093.82069277 12.48 236.709484  63.098683  4.352 -100.00 -100.00 -100.00
 145   227.607 56093.82069336 13.67 236.714624  63.097467  4.764 -100.00 -100.00 -100.00
 146   221.213 56103.73633619  8.32 236.693668  63.103190  3.759 -100.00 -100.00 -100.00
 146   222.150 56103.73633678  8.07 236.698810  63.101974  4.763 -100.00 -100.00 -100.00
 146   223.473 56103.73633737  7.48 236.703951  63.100758  3.608 -100.00 -100.00 -100.00
 146   224.380 56103.73633796  8.54 236.709092  63.099542  3.816 -100.00 -100.00 -100.00
 146   225.684 56103.73633855  8.97 236.714232  63.098326  4.084 -100.00 -100.00 -100.00
 147   221.898 56113.65196750  8.09 236.697587  63.102093  5.625 -100.00 -100.00 -100.00
 147   223.090 56113.65196809  6.55 236.702728  63.100878  3.955 -100.00 -100.00 -100.00
 147   223.859 56113.65196868  8.28 236.707869  63.099662  4.592 -100.00 -100.00 -100.00
 147   224.832 56113.65196927  8.96 236.713009  63.098446  5.789 -100.00 -100.00 -100.00
 148   221.626 56123.56760623  5.16 236.697454  63.101141  4.167 -100.00 -100.00 -100.00
 148   222.816 56123.56760682  5.63 236.702595  63.099926  5.396 -100.00 -100.00 -100.00
 148   223.563 56123.56760741  6.00 236.707736  63.098710  5.470 -100.00 -100.00 -100.00
 148   225.241 56123.56760800  5.83 236.712876  63.097494  4.391 -100.00 -100.00 -100.00
 148   225.770 56123.56760859  6.10 236.718016  63.096278  4.570 -100.00 -100.00 -100.00
 149   221.162 56133.48324070  5.07 236.694293  63.100322  3.826 -100.00 -100.00 -100.00
 149   222.219 56133.48324129  5.38 236.699434  63.099106  3.745 -100.00 -100.00 -100.00
 149   223.083 56133.48324188  4.15 236.704575  63.097891  3.545 -100.00 -100.00 -100.00
 149   224.376 56133.48324247  4.96 236.709715  63.096675  3.736 -100.00 -100.00 -100.00
 149   225.463 56133.48324306  5.34 236.714855  63.095459  3.685 -100.00 -100.00 -100.00
 150   105.327 56143.39887944 19.37 236.694552  63.099361  6.660 -100.00 -100.00 -100.00
 150   107.074 56143.39888003 18.51 236.699693  63.098146  5.186 -100.00 -100.00 -100.00
 150   102.474 56143.39888062 18.96 236.704833  63.096930  5.813 -100.00 -100.00 -100.00
 150    92.901 56143.39888121 20.19 236.709974  63.095714  8.149 -100.00 -100.00 -100.00
 150    92.743 56143.39888180 23.23 236.715113  63.094498 12.971 -100.00 -100.00 -100.00
 151   224.881 56153.31453029  7.73 236.697942  63.098569  4.012 -100.00 -100.00 -100.00
 151   224.354 56153.31453088  7.91 236.703083  63.097353  3.636 -100.00 -100.00 -100.00
 151   226.175 56153.31453147  7.64 236.708223  63.096138  3.028 -100.00 -100.00 -100.00
 151   225.307 56153.31453206  9.57 236.713363  63.094922  6.276 -100.00 -100.00 -100.00
 151   227.311 56153.31453265  8.36 236.718502  63.093705  3.790 -100.00 -100.00 -100.00
 152   223.676 56163.23017877  5.74 236.694521  63.100835  3.407 -100.00 -100.00 -100.00
 152   222.254 56163.23017936  6.06 236.699662  63.099620  3.784 -100.00 -100.00 -100.00
 152   223.406 56163.23017995  5.64 236.704803  63.098404  3.461 -100.00 -100.00 -100.00
 152   224.380 56163.23018054  7.16 236.709944  63.097188  5.497 -100.00 -100.00 -100.00
 152   225.355 56163.23018113  6.93 236.715084  63.095972  5.097 -100.00 -100.00 -100.00
 153   220.929 56173.14582552 11.43 236.693620  63.102238  5.046 -100.00 -100.00 -100.00
 153   222.169 56173.14582611 10.99 236.698762  63.101023  4.976 -100.00 -100.00 -100.00
 153   223.080 56173.14582670 12.06 236.703904  63.099807  6.250 -100.00 -100.00 -100.00
 153   224.053 56173.14582729 12.71 236.709044  63.098591  6.556 -100.00 -100.00 -100.00
 153   225.523 56173.14582788 11.70 236.714185  63.097375  4.712 -100.00 -100.00 -100.00
 154   221.107 56183.06146753  9.76 236.693509  63.102055  4.189 -100.00 -100.00 -100.00
 154   222.579 56183.06146812  9.91 236.698651  63.100840  3.925 -100.00 -100.00 -100.00
 154   223.466 56183.06146871  9.99 236.703793  63.099624  4.720 -100.00 -100.00 -100.00
 154   224.600 56183.06146930 11.64 236.708934  63.098408  5.580 -100.00 -100.00 -100.00
 154   226.245 56183.06146989 10.63 236.714074  63.097192  4.633 -100.00 -100.00 -100.00
 155   221.981 56192.97710637  9.73 236.697251  63.099720  3.770 -100.00 -100.00 -100.00
 155   222.671 56192.97710696 11.51 236.702392  63.098505  6.670 -100.00 -100.00 -100.00
 155   223.936 56192.97710755 11.97 236.707534  63.097289  7.032 -100.00 -100.00 -100.00
 155   225.465 56192.97710814 10.10 236.712674  63.096073  3.823 -100.00 -100.00 -100.00
 155   225.903 56192.97710873 13.18 236.717815  63.094856  7.997 -100.00 -100.00 -100.00
 156    92.125 56202.89274178 34.28 236.694935  63.099423 26.516 -100.00 -100.00 -100.00
 156    92.338 56202.89274238 35.60 236.700077  63.098207 25.173 -100.00 -100.00 -100.00
 156    92.337 56202.89274297 38.54 236.705218  63.096991 31.873 -100.00 -100.00 -100.00
 156    92.211 56202.89274356 39.73 236.710359  63.095775   -100 -100.00 -100.00 -100.00
 156    92.139 56202.89274415 40.43 236.715499  63.094559   -100 -100.00 -100.00 -100.00
 157   221.062 56212.80837549  9.63 236.694454  63.101126  3.560 -100.00 -100.00 -100.00
 157   222.019 56212.80837609 10.38 236.699597  63.099910  4.640 -100.00 -100.00 -100.00
 157   222.751 56212.80837668 11.42 236.704738  63.098695  5.369 -100.00 -100.00 -100.00
 157   223.826 56212.80837727 11.02 236.709880  63.097479  5.248 -100.00 -100.00 -100.00
 157   224.618 56212.80837786 12.56 236.715020  63.096263  6.754 -100.00 -100.00 -100.00
 158   219.980 56222.72400731 13.66 236.695571  63.104297  5.890 -100.00 -100.00 -100.00
 158   221.008 56222.72400790 14.28 236.700713  63.103081  6.722 -100.00 -100.00 -100.00
 158   222.159 56222.72400849 14.58 236.705856  63.101866  7.598 -100.00 -100.00 -100.00
 158   223.437 56222.72400908 15.12 236.710998  63.100650  8.055 -100.00 -100.00 -100.00
 158   224.382 56222.72400967 15.12 236.716139  63.099434  7.651 -100.00 -100.00 -100.00
 159   220.291 56232.63966347 12.67 236.695780  63.105472  3.969 -100.00 -100.00 -100.00
 159   221.257 56232.63966406 13.40 236.700922  63.104257  5.816 -100.00 -100.00 -100.00
 159   222.282 56232.63966465 14.17 236.706065  63.103041  6.878 -100.00 -100.00 -100.00
 159   223.147 56232.63966524 15.24 236.711206  63.101825  8.432 -100.00 -100.00 -100.00
 160   220.140 56242.55531624 13.65 236.698431  63.104403  6.165 -100.00 -100.00 -100.00
 160   221.257 56242.55531683 14.98 236.703573  63.103187  7.876 -100.00 -100.00 -100.00
 160   222.353 56242.55531742 15.14 236.708715  63.101971  8.650 -100.00 -100.00 -100.00
 160   223.002 56242.55531801 15.37 236.713856  63.100755  9.565 -100.00 -100.00 -100.00
 161   219.807 56252.47096395 13.70 236.694905  63.103576  6.148 -100.00 -100.00 -100.00
 161   220.955 56252.47096454 14.26 236.700047  63.102361  7.603 -100.00 -100.00 -100.00
 161   221.724 56252.47096513 14.31 236.705189  63.101145  7.396 -100.00 -100.00 -100.00
 161   222.545 56252.47096572 15.48 236.710330  63.099929 10.703 -100.00 -100.00 -100.00
 161   223.615 56252.47096631 14.35 236.715471  63.098713  7.109 -100.00 -100.00 -100.00
 162   219.111 56262.38660740 11.69 236.694848  63.102349  4.859 -100.00 -100.00 -100.00
 162   220.114 56262.38660799 12.75 236.699990  63.101134  7.294 -100.00 -100.00 -100.00
 162   222.100 56262.38660858 11.91 236.705131  63.099918  5.787 -100.00 -100.00 -100.00
 162   222.800 56262.38660918 13.26 236.710272  63.098702  7.828 -100.00 -100.00 -100.00
 162   223.570 56262.38660977 12.62 236.715412  63.097486  6.687 -100.00 -100.00 -100.00
 164   219.991 56282.21789057 12.30 236.695603  63.102528  6.351 -100.00 -100.00 -100.00
 164   218.654 56282.21789116 14.29 236.700745  63.101313  8.834 -100.00 -100.00 -100.00
 164   221.776 56282.21789175 12.94 236.705887  63.100097  7.334 -100.00 -100.00 -100.00
 164   222.551 56282.21789234 12.75 236.711028  63.098881  7.217 -100.00 -100.00 -100.00
 164   223.413 56282.21789293 13.05 236.716168  63.097664  7.393 -100.00 -100.00 -100.00
 165   218.884 56292.13354232 13.07 236.693728  63.102283  6.751 -100.00 -100.00 -100.00
 165   219.590 56292.13354291 13.50 236.698870  63.101068  6.907 -100.00 -100.00 -100.00
 165   219.023 56292.13354350 14.14 236.704011  63.099852  8.897 -100.00 -100.00 -100.00
 165   221.622 56292.13354409 14.22 236.709153  63.098636  8.704 -100.00 -100.00 -100.00
 165   222.384 56292.13354468 14.19 236.714293  63.097419  9.630 -100.00 -100.00 -100.00
 166   217.660 56302.04919034 13.66 236.697329  63.099712  8.663 -100.00 -100.00 -100.00
 166   220.388 56302.04919093 13.37 236.702470  63.098496  7.507 -100.00 -100.00 -100.00
 166   221.759 56302.04919152 12.80 236.707611  63.097280  7.444 -100.00 -100.00 -100.00
 166   219.974 56302.04919211 13.73 236.712752  63.096064  8.086 -100.00 -100.00 -100.00
 166   223.606 56302.04919271 12.43 236.717892  63.094847  7.168 -100.00 -100.00 -100.00
 167   219.334 56311.96483378 12.02 236.697341  63.097901  6.602 -100.00 -100.00 -100.00
 167   219.824 56311.96483437 11.08 236.702482  63.096685  6.324 -100.00 -100.00 -100.00
 167   214.196 56311.96483496 12.93 236.707623  63.095469  9.892 -100.00 -100.00 -100.00
 167   221.916 56311.96483555 10.90 236.712763  63.094253  5.927 -100.00 -100.00 -100.00
 167   223.026 56311.96483614 11.27 236.717903  63.093036  7.342 -100.00 -100.00 -100.00
 168   220.246 56321.88047500 10.95 236.697551  63.097348  6.796 -100.00 -100.00 -100.00
 168   220.420 56321.88047559 10.69 236.702692  63.096132  7.128 -100.00 -100.00 -100.00
 168   221.242 56321.88047619 11.95 236.707833  63.094916  8.345 -100.00 -100.00 -100.00
 168   221.993 56321.88047678 10.81 236.712973  63.093699  6.157 -100.00 -100.00 -100.00
 168   217.710 56321.88047737 11.91 236.718112  63.092483  9.243 -100.00 -100.00 -100.00
 169   220.610 56331.79611550  9.92 236.697283  63.098603  6.195 -100.00 -100.00 -100.00
 169   221.988 56331.79611609  9.33 236.702424  63.097387  6.524 -100.00 -100.00 -100.00
 169   221.735 56331.79611668 10.45 236.707565  63.096171  7.365 -100.00 -100.00 -100.00
 169   223.451 56331.79611727  9.34 236.712705  63.094955  6.644 -100.00 -100.00 -100.00
 169   222.235 56331.79611786 10.98 236.717845  63.093738  8.907 -100.00 -100.00 -100.00
 170   220.301 56341.71175526  8.53 236.694896  63.100916  5.345 -100.00 -100.00 -100.00
 170   221.560 56341.71175585  8.38 236.700037  63.099700  5.330 -100.00 -100.00 -100.00
 170   220.800 56341.71175644 10.11 236.705178  63.098484  8.216 -100.00 -100.00 -100.00
 170   221.685 56341.71175703 10.87 236.710319  63.097268  8.440 -100.00 -100.00 -100.00
 170   223.228 56341.71175762  9.34 236.715459  63.096052  5.955 -100.00 -100.00 -100.00
 171   219.312 56351.62739291  8.74 236.693615  63.102522  6.336 -100.00 -100.00 -100.00
 171   220.877 56351.62739350  7.97 236.698757  63.101306  4.466 -100.00 -100.00 -100.00
 171   220.667 56351.62739409 10.07 236.703898  63.100091  7.967 -100.00 -100.00 -100.00
 171   222.034 56351.62739468  8.49 236.709039  63.098875  6.553 -100.00 -100.00 -100.00
 171   222.611 56351.62739527  9.58 236.714180  63.097659  6.567 -100.00 -100.00 -100.00
 172   219.579 56361.54303312  9.29 236.696537  63.101464  5.674 -100.00 -100.00 -100.00
 172   220.415 56361.54303371  9.57 236.701678  63.100249  6.474 -100.00 -100.00 -100.00
 172   222.151 56361.54303430  9.40 236.706819  63.099033  6.031 -100.00 -100.00 -100.00
 172   222.744 56361.54303489  8.62 236.711960  63.097817  5.429 -100.00 -100.00 -100.00
 172   224.556 56361.54303548  8.65 236.717100  63.096601  6.104 -100.00 -100.00 -100.00
 173   220.288 56371.45868300  8.17 236.698047  63.099347  4.451 -100.00 -100.00 -100.00
 173   221.291 56371.45868359  9.12 236.703188  63.098131  6.674 -100.00 -100.00 -100.00
 173   222.239 56371.45868418  7.87 236.708328  63.096915  4.157 -100.00 -100.00 -100.00
 173   222.951 56371.45868477  9.35 236.713468  63.095699  6.666 -100.00 -100.00 -100.00
 173   223.904 56371.45868536  8.74 236.718607  63.094483  5.796 -100.00 -100.00 -100.00
 174   220.144 56381.37432969  6.71 236.696318  63.099037  4.084 -100.00 -100.00 -100.00
 174   221.903 56381.37433028  6.43 236.701458  63.097821  3.872 -100.00 -100.00 -100.00
 174   222.598 56381.37433087  6.85 236.706598  63.096605  4.205 -100.00 -100.00 -100.00
 174   222.614 56381.37433146  7.20 236.711738  63.095389  5.002 -100.00 -100.00 -100.00
 174   223.443 56381.37433205  7.84 236.716877  63.094173  5.262 -100.00 -100.00 -100.00
 175   230.212 56391.28997396  4.56 236.694457  63.100621  2.838 -100.00 -100.00 -100.00
 175   231.406 56391.28997456  4.48 236.699598  63.099405  2.648 -100.00 -100.00 -100.00
 175   224.469 56391.28997515  5.47 236.704738  63.098190  4.376 -100.00 -100.00 -100.00
 175   228.277 56391.28997574  4.90 236.709878  63.096973  4.193 -100.00 -100.00 -100.00
 175   227.372 56391.28997633  5.30 236.715017  63.095757  4.348 -100.00 -100.00 -100.00
 176   222.613 56401.20561663  3.85 236.693777  63.102741  3.222 -100.00 -100.00 -100.00
 176   222.394 56401.20561722  4.03 236.698918  63.101525  3.630 -100.00 -100.00 -100.00
 176   223.251 56401.20561781  4.86 236.704059  63.100309  4.069 -100.00 -100.00 -100.00
 176   223.603 56401.20561840  6.04 236.709199  63.099093  6.170 -100.00 -100.00 -100.00
 176   229.637 56401.20561899  4.17 236.714340  63.097877  3.704 -100.00 -100.00 -100.00
 178   210.399 56421.03689232 11.71 236.697120  63.104101 19.056 -100.00 -100.00 -100.00
 178   211.144 56421.03689291 11.06 236.702262  63.102885 17.359 -100.00 -100.00 -100.00
 178   223.374 56421.03689350  5.11 236.707404  63.101669  6.020 -100.00 -100.00 -100.00
 178   223.835 56421.03689409  5.92 236.712545  63.100453  7.054 -100.00 -100.00 -100.00
 179   222.108 56430.95253082 16.61 236.697956  63.103602  5.956 -100.00 -100.00 -100.00
 179   223.173 56430.95253141 16.48 236.703098  63.102386  6.044 -100.00 -100.00 -100.00
 179   223.879 56430.95253200 18.48 236.708239  63.101170  8.899 -100.00 -100.00 -100.00
 179   225.404 56430.95253259 16.44 236.713381  63.099954  4.468 -100.00 -100.00 -100.00
 180    94.907 56440.86818371 44.69 236.696134  63.102569 29.569 -100.00 -100.00 -100.00
 180    94.955 56440.86818430 46.91 236.701276  63.101354 30.384 -100.00 -100.00 -100.00
 180    95.032 56440.86818489 50.09 236.706417  63.100138   -100 -100.00 -100.00 -100.00
 180    94.758 56440.86818548 54.85 236.711558  63.098922 10.557 -100.00 -100.00 -100.00
 180    94.804 56440.86818607 49.80 236.716698  63.097705   -100 -100.00 -100.00 -100.00
 181    97.055 56450.78383452 46.04 236.697952  63.101308 31.677 -100.00 -100.00 -100.00
 181    96.969 56450.78383511 49.15 236.703093  63.100092   -100 -100.00 -100.00 -100.00
 181    96.844 56450.78383570 51.85 236.708234  63.098876   -100 -100.00 -100.00 -100.00
 181    96.985 56450.78383630 51.35 236.713374  63.097659   -100 -100.00 -100.00 -100.00
 182   220.901 56460.69948234  7.90 236.693617  63.101732  4.113 -100.00 -100.00 -100.00
 182   222.133 56460.69948293  7.70 236.698759  63.100517  4.023 -100.00 -100.00 -100.00
 182   223.265 56460.69948352  7.68 236.703900  63.099301  4.224 -100.00 -100.00 -100.00
 182   224.840 56460.69948411  7.82 236.709040  63.098085  4.053 -100.00 -100.00 -100.00
 182   226.030 56460.69948470  8.34 236.714180  63.096868  4.462 -100.00 -100.00 -100.00
 183   221.677 56470.61512783  4.87 236.697276  63.099760  3.501 -100.00 -100.00 -100.00
 183   223.108 56470.61512842  5.02 236.702416  63.098544  3.669 -100.00 -100.00 -100.00
 183   223.411 56470.61512901  5.74 236.707557  63.097328  4.948 -100.00 -100.00 -100.00
 183   224.743 56470.61512960  5.48 236.712696  63.096112  3.744 -100.00 -100.00 -100.00
 183   232.356 56470.61513019  6.22 236.717836  63.094896  4.227 -100.00 -100.00 -100.00
 184   228.673 56480.53076885  3.66 236.694467  63.099543  3.427 -100.00 -100.00 -100.00
 184   222.342 56480.53076944  4.68 236.699608  63.098327  4.642 -100.00 -100.00 -100.00
 184   234.145 56480.53077003  4.29 236.704749  63.097111  3.564 -100.00 -100.00 -100.00
 184   229.856 56480.53077062  4.60 236.709888  63.095895  4.162 -100.00 -100.00 -100.00
 184   225.221 56480.53077121  5.20 236.715028  63.094679  4.947 -100.00 -100.00 -100.00
 185   214.826 56490.44640614  2.62 236.694369  63.099337  3.220 -100.00 -100.00 -100.00
 185   216.944 56490.44640673  2.78 236.699510  63.098121  2.749 -100.00 -100.00 -100.00
 185   219.104 56490.44640732  3.46 236.704650  63.096905  3.692 -100.00 -100.00 -100.00
 185   221.436 56490.44640791  3.57 236.709790  63.095689  3.284 -100.00 -100.00 -100.00
 185   223.857 56490.44640851  5.10 236.714929  63.094473  3.933 -100.00 -100.00 -100.00
 187   220.851 56510.27767386  4.61 236.694575  63.101953  4.540 -100.00 -100.00 -100.00
 187   222.360 56510.27767445  4.19 236.699717  63.100737  3.692 -100.00 -100.00 -100.00
 187   222.941 56510.27767504  5.32 236.704858  63.099522  4.824 -100.00 -100.00 -100.00
 187   223.996 56510.27767563  5.22 236.709998  63.098306  4.864 -100.00 -100.00 -100.00
 187   224.998 56510.27767622  5.26 236.715139  63.097090  4.321 -100.00 -100.00 -100.00
 188    93.285 56520.19331686 42.95 236.695516  63.102558 25.474 -100.00 -100.00 -100.00
 188    93.217 56520.19331745 44.45 236.700658  63.101343   -100 -100.00 -100.00 -100.00
 188    92.846 56520.19331804 49.24 236.705799  63.100127 10.437 -100.00 -100.00 -100.00
 188    92.995 56520.19331863 49.11 236.710940  63.098911  0.400 -100.00 -100.00 -100.00
 188    93.029 56520.19331922 51.21 236.716081  63.097695 12.906 -100.00 -100.00 -100.00
 189   209.815 56530.10897034  4.04 236.695959  63.101797  2.776 -100.00 -100.00 -100.00
 189   213.488 56530.10897093  4.52 236.701101  63.100581  3.660 -100.00 -100.00 -100.00
 189   217.629 56530.10897152  4.70 236.706243  63.099366  3.869 -100.00 -100.00 -100.00
 189   222.362 56530.10897211  5.86 236.711384  63.098150  4.178 -100.00 -100.00 -100.00
 189   226.471 56530.10897270  5.36 236.716525  63.096934  3.643 -100.00 -100.00 -100.00
 190    93.076 56540.02461974 41.83 236.694968  63.101160 27.435 -100.00 -100.00 -100.00
 190    92.986 56540.02462033 44.86 236.700110  63.099944   -100 -100.00 -100.00 -100.00
 190    93.157 56540.02462092 47.14 236.705251  63.098728   -100 -100.00 -100.00 -100.00
 190    92.974 56540.02462151 47.79 236.710393  63.097512   -100 -100.00 -100.00 -100.00
 190    92.818 56540.02462210 47.35 236.715533  63.096296   -100 -100.00 -100.00 -100.00
 191    92.482 56549.94026477 42.79 236.693325  63.100846 31.577 -100.00 -100.00 -100.00
 191    92.780 56549.94026536 45.06 236.698467  63.099630 28.679 -100.00 -100.00 -100.00
 191    92.772 56549.94026595 47.97 236.703609  63.098414   -100 -100.00 -100.00 -100.00
 191    92.688 56549.94026654 50.85 236.708750  63.097198   -100 -100.00 -100.00 -100.00
 191    92.601 56549.94026714 49.54 236.713890  63.095982   -100 -100.00 -100.00 -100.00
 192   105.665 56559.85590802 18.47 236.696859  63.100373 15.816 -100.00 -100.00 -100.00
 192   103.444 56559.85590861 19.31 236.702001  63.099157 19.566 -100.00 -100.00 -100.00
 192   103.260 56559.85590920 17.48 236.707142  63.097941 14.347 -100.00 -100.00 -100.00
 192    92.442 56559.85590979 21.57 236.712283  63.096725 32.649 -100.00 -100.00 -100.00
 192    92.736 56559.85591038 23.06 236.717423  63.095508 29.112 -100.00 -100.00 -100.00
 193   223.576 56569.77154962  5.88 236.694951  63.102172  3.203 -100.00 -100.00 -100.00
 193   222.165 56569.77155021  6.58 236.700094  63.100956  4.720 -100.00 -100.00 -100.00
 193   224.395 56569.77155080  5.99 236.705235  63.099740  3.253 -100.00 -100.00 -100.00
 193   225.190 56569.77155139  6.76 236.710376  63.098523  3.971 -100.00 -100.00 -100.00
 193   225.863 56569.77155198  7.71 236.715517  63.097307  4.698 -100.00 -100.00 -100.00
 194   220.173 56579.68719013 12.34 236.695505  63.103878  5.087 -100.00 -100.00 -100.00
 194   221.579 56579.68719073 11.21 236.700647  63.102662  5.613 -100.00 -100.00 -100.00
 194   222.679 56579.68719132 12.20 236.705789  63.101446  7.121 -100.00 -100.00 -100.00
 194   223.424 56579.68719191 12.99 236.710930  63.100230  7.897 -100.00 -100.00 -100.00
 194   223.813 56579.68719250 14.00 236.716071  63.099013  8.957 -100.00 -100.00 -100.00
 195   220.919 56589.60282692 12.34 236.697080  63.104682  7.749 -100.00 -100.00 -100.00
 195   222.018 56589.60282751 12.97 236.702222  63.103466  8.954 -100.00 -100.00 -100.00
 195   223.162 56589.60282810 11.40 236.707364  63.102250  5.715 -100.00 -100.00 -100.00
 195   224.141 56589.60282870 11.96 236.712506  63.101034  6.395 -100.00 -100.00 -100.00
 196   221.180 56599.51847262 12.35 236.699135  63.103534  6.396 -100.00 -100.00 -100.00
 196   221.956 56599.51847321 12.40 236.704277  63.102318  7.427 -100.00 -100.00 -100.00
 196   222.776 56599.51847380 12.15 236.709418  63.101102  7.406 -100.00 -100.00 -100.00
 196   223.705 56599.51847439 12.89 236.714559  63.099886  6.834 -100.00 -100.00 -100.00
 197   220.742 56609.43412327 13.06 236.697086  63.102389  5.335 -100.00 -100.00 -100.00
 197   221.632 56609.43412386 12.84 236.702228  63.101173  5.483 -100.00 -100.00 -100.00
 197   222.474 56609.43412445 13.93 236.707369  63.099958  6.817 -100.00 -100.00 -100.00
 197   223.279 56609.43412504 14.01 236.712510  63.098742  7.068 -100.00 -100.00 -100.00
 198   220.502 56619.34976886 12.79 236.695054  63.102562  5.120 -100.00 -100.00 -100.00
 198   221.233 56619.34976945 14.00 236.700196  63.101347  6.083 -100.00 -100.00 -100.00
 198   221.960 56619.34977004 14.60 236.705337  63.100131  7.413 -100.00 -100.00 -100.00
 198   223.169 56619.34977063 14.23 236.710478  63.098915  6.833 -100.00 -100.00 -100.00
 198   224.179 56619.34977122 13.85 236.715618  63.097698  5.920 -100.00 -100.00 -100.00
 199   220.738 56629.26541173 13.64 236.697984  63.102147  5.931 -100.00 -100.00 -100.00
 199   221.782 56629.26541232 14.21 236.703126  63.100931  7.015 -100.00 -100.00 -100.00
 199   222.659 56629.26541291 14.25 236.708267  63.099715  7.402 -100.00 -100.00 -100.00
 199   223.509 56629.26541350 13.54 236.713408  63.098499  5.094 -100.00 -100.00 -100.00
 200   220.523 56639.18105093 13.14 236.696506  63.102467  5.358 -100.00 -100.00 -100.00
 200   221.226 56639.18105152 13.21 236.701648  63.101251  5.240 -100.00 -100.00 -100.00
 200   222.131 56639.18105211 14.29 236.706790  63.100035  6.524 -100.00 -100.00 -100.00
 200   223.222 56639.18105270 14.28 236.711931  63.098819  6.825 -100.00 -100.00 -100.00
 200   224.366 56639.18105329 14.15 236.717072  63.097603  7.612 -100.00 -100.00 -100.00
 201   220.116 56649.09669564 13.20 236.695083  63.101298  5.238 -100.00 -100.00 -100.00
 201   221.005 56649.09669623 12.73 236.700225  63.100082  5.467 -100.00 -100.00 -100.00
 201   221.719 56649.09669682 13.52 236.705367  63.098867  6.693 -100.00 -100.00 -100.00
 201   222.381 56649.09669741 13.73 236.710508  63.097651  6.350 -100.00 -100.00 -100.00
 201   223.779 56649.09669800 13.49 236.715649  63.096434  6.333 -100.00 -100.00 -100.00
 202   219.447 56659.01234705 12.59 236.694600  63.099020  5.714 -100.00 -100.00 -100.00
 202   220.710 56659.01234764 12.01 236.699742  63.097804  5.034 -100.00 -100.00 -100.00
 202   221.755 56659.01234823 13.14 236.704883  63.096588  5.999 -100.00 -100.00 -100.00
 202   222.443 56659.01234882 13.40 236.710024  63.095372  6.922 -100.00 -100.00 -100.00
 202   223.736 56659.01234941 13.23 236.715165  63.094156  7.545 -100.00 -100.00 -100.00
 203   220.370 56668.92799475 11.42 236.697283  63.097527  4.667 -100.00 -100.00 -100.00
 203   220.869 56668.92799534 12.24 236.702424  63.096311  5.438 -100.00 -100.00 -100.00
 203   222.095 56668.92799593 12.24 236.707564  63.095095  6.656 -100.00 -100.00 -100.00
 203   223.169 56668.92799652 12.33 236.712705  63.093878  6.259 -100.00 -100.00 -100.00
 203   224.333 56668.92799711 12.71 236.717845  63.092662  5.606 -100.00 -100.00 -100.00
 205   220.438 56688.75928282 11.54 236.695939  63.100990  5.411 -100.00 -100.00 -100.00
 205   221.137 56688.75928341 11.60 236.701080  63.099774  5.130 -100.00 -100.00 -100.00
 205   221.758 56688.75928400 12.19 236.706221  63.098558  5.777 -100.00 -100.00 -100.00
 205   222.879 56688.75928459 11.18 236.711362  63.097342  4.620 -100.00 -100.00 -100.00
 205   222.406 56688.75928518 13.93 236.716502  63.096125  8.041 -100.00 -100.00 -100.00
 206   219.787 56698.67492352 10.64 236.693677  63.102255  3.692 -100.00 -100.00 -100.00
 206   220.730 56698.67492411 11.51 236.698819  63.101039  4.719 -100.00 -100.00 -100.00
 206   221.475 56698.67492470 12.07 236.703960  63.099824  5.690 -100.00 -100.00 -100.00
 206   222.741 56698.67492529 11.39 236.709101  63.098608  4.327 -100.00 -100.00 -100.00
 206   223.310 56698.67492588 11.82 236.714242  63.097391  5.338 -100.00 -100.00 -100.00
 207   220.257 56708.59056019 11.04 236.695775  63.101350  4.504 -100.00 -100.00 -100.00
 207   221.276 56708.59056079 11.55 236.700916  63.100135  4.909 -100.00 -100.00 -100.00
 207   221.603 56708.59056138 11.47 236.706057  63.098919  5.430 -100.00 -100.00 -100.00
 207   222.630 56708.59056197 12.26 236.711198  63.097703  5.969 -100.00 -100.00 -100.00
 207   224.402 56708.59056256 10.93 236.716338  63.096487  4.672 -100.00 -100.00 -100.00
 208   219.863 56718.50619890 11.14 236.695688  63.100527  5.390 -100.00 -100.00 -100.00
 208   221.223 56718.50619949 10.61 236.700829  63.099311  5.078 -100.00 -100.00 -100.00
 208   221.704 56718.50620008 11.60 236.705970  63.098096  6.215 -100.00 -100.00 -100.00
 208   221.696 56718.50620067 11.88 236.711110  63.096880  5.571 -100.00 -100.00 -100.00
 208   222.973 56718.50620126 11.46 236.716250  63.095664  5.714 -100.00 -100.00 -100.00
 211   220.058 56748.25314490 11.50 236.697996  63.102407  6.022 -100.00 -100.00 -100.00
 211   220.923 56748.25314549 11.40 236.703137  63.101191  5.857 -100.00 -100.00 -100.00
 211   222.082 56748.25314608 11.84 236.708277  63.099975  7.689 -100.00 -100.00 -100.00
 211   223.085 56748.25314667 11.63 236.713418  63.098759  6.930 -100.00 -100.00 -100.00
 212   219.437 56758.16878472 10.65 236.695523  63.104201  5.840 -100.00 -100.00 -100.00
 212   220.448 56758.16878531 11.85 236.700665  63.102985  7.651 -100.00 -100.00 -100.00
 212   221.756 56758.16878590 10.74 236.705806  63.101769  5.759 -100.00 -100.00 -100.00
 212   222.955 56758.16878649 10.69 236.710947  63.100553  5.868 -100.00 -100.00 -100.00
 212   223.703 56758.16878708 11.36 236.716087  63.099337  6.626 -100.00 -100.00 -100.00
 213   222.375 56768.08441923  5.54 236.698671  63.103717  5.897 -100.00 -100.00 -100.00
 213   222.879 56768.08441982  7.48 236.703812  63.102501  7.664 -100.00 -100.00 -100.00
 213   223.173 56768.08442041 12.42 236.708954  63.101285 17.067 -100.00 -100.00 -100.00
 213   223.908 56768.08442100 10.93 236.714095  63.100069 11.133 -100.00 -100.00 -100.00
 214   228.218 56778.00006529 13.14 236.697129  63.102584  2.871 -100.00 -100.00 -100.00
 214   229.020 56778.00006588 13.88 236.702271  63.101369  3.914 -100.00 -100.00 -100.00
 214   226.594 56778.00006647 14.12 236.707412  63.100153  4.075 -100.00 -100.00 -100.00
 214   226.117 56778.00006706 15.81 236.712553  63.098937  5.355 -100.00 -100.00 -100.00
 215   220.925 56787.91572110 10.48 236.694298  63.101727  5.149 -100.00 -100.00 -100.00
 215   223.344 56787.91572169  9.58 236.699440  63.100511  3.541 -100.00 -100.00 -100.00
 215   224.032 56787.91572228  9.51 236.704581  63.099295  3.524 -100.00 -100.00 -100.00
 215   225.425 56787.91572287 10.10 236.709722  63.098079  4.301 -100.00 -100.00 -100.00
 215   226.162 56787.91572346 10.53 236.714862  63.096863  4.570 -100.00 -100.00 -100.00
 216   228.246 56797.83137398 10.72 236.696945  63.100615  3.133 -100.00 -100.00 -100.00
 216   228.909 56797.83137457 10.61 236.702086  63.099399  2.869 -100.00 -100.00 -100.00
 216   229.189 56797.83137516 10.96 236.707227  63.098183  3.443 -100.00 -100.00 -100.00
 216   230.362 56797.83137575 11.00 236.712367  63.096966  3.409 -100.00 -100.00 -100.00
 216   231.360 56797.83137634 11.97 236.717507  63.095750  3.973 -100.00 -100.00 -100.00
 217   222.592 56807.74702096 12.80 236.696777  63.100982  5.175 -100.00 -100.00 -100.00
 217   223.573 56807.74702155 11.48 236.701918  63.099766  4.970 -100.00 -100.00 -100.00
 217   223.907 56807.74702214 14.08 236.707058  63.098549  6.956 -100.00 -100.00 -100.00
 217   226.644 56807.74702273 13.69 236.712198  63.097333  5.674 -100.00 -100.00 -100.00
 217   226.218 56807.74702332 15.99 236.717338  63.096116  8.155 -100.00 -100.00 -100.00
 219   221.469 56827.57829952  6.82 236.695037  63.100058  4.738 -100.00 -100.00 -100.00
 219   222.687 56827.57830011  5.37 236.700178  63.098842  3.759 -100.00 -100.00 -100.00
 219   223.715 56827.57830070  5.25 236.705318  63.097626  4.763 -100.00 -100.00 -100.00
 219   225.285 56827.57830129  6.37 236.710458  63.096410  5.044 -100.00 -100.00 -100.00
 219   226.402 56827.57830189  5.91 236.715597  63.095194  3.685 -100.00 -100.00 -100.00
 221    95.151 56847.40956515 42.07 236.695231  63.099668 30.194 -100.00 -100.00 -100.00
 221    95.439 56847.40956574 44.05 236.700372  63.098452 30.103 -100.00 -100.00 -100.00
 221    95.240 56847.40956633 48.52 236.705513  63.097237   -100 -100.00 -100.00 -100.00
 221    95.154 56847.40956692 48.91 236.710653  63.096021  3.306 -100.00 -100.00 -100.00
 221    95.021 56847.40956751 46.08 236.715792  63.094805   -100 -100.00 -100.00 -100.00
 222   222.798 56857.32521690  6.74 236.696600  63.100225  3.971 -100.00 -100.00 -100.00
 222   227.693 56857.32521749  6.26 236.701741  63.099009  3.375 -100.00 -100.00 -100.00
 222   224.396 56857.32521808  7.30 236.706882  63.097793  4.429 -100.00 -100.00 -100.00
 222   226.280 56857.32521867  7.15 236.712022  63.096577  3.650 -100.00 -100.00 -100.00
 222   226.694 56857.32521926  7.90 236.717161  63.095361  4.728 -100.00 -100.00 -100.00
 223   221.514 56867.24087014  6.39 236.697087  63.101567  3.207 -100.00 -100.00 -100.00
 223   222.444 56867.24087073  7.10 236.702229  63.100352  3.635 -100.00 -100.00 -100.00
 223   223.575 56867.24087132  7.66 236.707369  63.099136  3.649 -100.00 -100.00 -100.00
 223   224.638 56867.24087191  7.56 236.712510  63.097920  4.373 -100.00 -100.00 -100.00
 223   225.717 56867.24087250  7.17 236.717649  63.096703  3.433 -100.00 -100.00 -100.00
 224   222.943 56877.15652171  6.91 236.695638  63.101905  4.130 -100.00 -100.00 -100.00
 224   226.757 56877.15652230  5.82 236.700780  63.100689  2.939 -100.00 -100.00 -100.00
 224   224.604 56877.15652289  6.98 236.705921  63.099473  4.201 -100.00 -100.00 -100.00
 224   225.516 56877.15652349  7.04 236.711061  63.098257  3.712 -100.00 -100.00 -100.00
 224   226.655 56877.15652408  7.29 236.716201  63.097040  4.017 -100.00 -100.00 -100.00
 225   220.640 56887.07217021  7.00 236.693554  63.101037  4.133 -100.00 -100.00 -100.00
 225   222.192 56887.07217080  6.77 236.698696  63.099821  3.677 -100.00 -100.00 -100.00
 225   228.092 56887.07217139  5.82 236.703837  63.098605  3.244 -100.00 -100.00 -100.00
 225   227.278 56887.07217198  6.89 236.708977  63.097389  3.487 -100.00 -100.00 -100.00
 225   226.531 56887.07217257  7.40 236.714117  63.096172  3.718 -100.00 -100.00 -100.00
 226    92.151 56896.98781664 44.13 236.696630  63.098534 28.149 -100.00 -100.00 -100.00
 226    92.383 56896.98781723 46.34 236.701771  63.097318 31.348 -100.00 -100.00 -100.00
 226    92.056 56896.98781782 50.18 236.706912  63.096102   -100 -100.00 -100.00 -100.00
 226    91.998 56896.98781841 51.71 236.712052  63.094885  3.923 -100.00 -100.00 -100.00
 226    92.115 56896.98781900 51.16 236.717192  63.093669   -100 -100.00 -100.00 -100.00
 227   230.672 56906.90345978  8.44 236.696567  63.098523  3.468 -100.00 -100.00 -100.00
 227   230.036 56906.90346037  8.24 236.701708  63.097306  2.963 -100.00 -100.00 -100.00
 227   229.854 56906.90346096  8.60 236.706849  63.096090  3.476 -100.00 -100.00 -100.00
 227   224.655 56906.90346155  8.58 236.711989  63.094874  4.326 -100.00 -100.00 -100.00
 227   226.677 56906.90346214  8.89 236.717129  63.093657  4.263 -100.00 -100.00 -100.00
 228   232.447 56916.81910074  7.11 236.697579  63.100324  3.748 -100.00 -100.00 -100.00
 228   223.939 56916.81910133  6.36 236.702720  63.099108  3.543 -100.00 -100.00 -100.00
 228   223.732 56916.81910192  7.97 236.707861  63.097892  4.128 -100.00 -100.00 -100.00
 228   224.621 56916.81910251  8.14 236.713001  63.096675  5.129 -100.00 -100.00 -100.00
 228   225.716 56916.81910310  8.63 236.718141  63.095458  5.501 -100.00 -100.00 -100.00
 229   221.614 56926.73473959  7.62 236.697466  63.103215  4.989 -100.00 -100.00 -100.00
 229   222.671 56926.73474018  7.78 236.702608  63.101999  4.626 -100.00 -100.00 -100.00
 229   223.780 56926.73474077  7.06 236.707749  63.100783  4.407 -100.00 -100.00 -100.00
 229   224.382 56926.73474136  7.84 236.712890  63.099567  4.418 -100.00 -100.00 -100.00
 230    91.394 56936.65037533 46.47 236.700083  63.104366   -100 -100.00 -100.00 -100.00
 230    91.652 56936.65037592 48.14 236.705225  63.103150   -100 -100.00 -100.00 -100.00
 230    91.446 56936.65037651 49.95 236.710366  63.101934   -100 -100.00 -100.00 -100.00
 230    91.537 56936.65037710 47.68 236.715507  63.100717   -100 -100.00 -100.00 -100.00
 231   221.469 56946.56600551  8.96 236.699265  63.104651  5.555 -100.00 -100.00 -100.00
 231   222.690 56946.56600610  9.60 236.704407  63.103435  6.466 -100.00 -100.00 -100.00
 231   223.540 56946.56600669  9.59 236.709549  63.102219  6.558 -100.00 -100.00 -100.00
 231   224.264 56946.56600728  9.15 236.714690  63.101003  4.990 -100.00 -100.00 -100.00
 232   220.452 56956.48165932 14.12 236.697081  63.102289  6.742 -100.00 -100.00 -100.00
 232   221.656 56956.48165991 14.24 236.702223  63.101074  9.015 -100.00 -100.00 -100.00
 232   222.615 56956.48166050 14.78 236.707364  63.099858  9.867 -100.00 -100.00 -100.00
 232   223.775 56956.48166109 14.60 236.712505  63.098642  7.584 -100.00 -100.00 -100.00
 233   220.575 56966.39730844 15.63 236.697920  63.100355 10.203 -100.00 -100.00 -100.00
 233   220.710 56966.39730903 14.69 236.703061  63.099139  8.802 -100.00 -100.00 -100.00
 233   222.952 56966.39730962 13.65 236.708202  63.097923  6.577 -100.00 -100.00 -100.00
 233   223.447 56966.39731021 14.54 236.713342  63.096707  7.784 -100.00 -100.00 -100.00
 233   224.849 56966.39731080 14.41 236.718481  63.095491  6.941 -100.00 -100.00 -100.00
 234   220.060 56976.31295271 15.60 236.695955  63.101369  8.657 -100.00 -100.00 -100.00
 234   221.104 56976.31295330 15.30 236.701097  63.100154  8.250 -100.00 -100.00 -100.00
 234   222.209 56976.31295389 15.12 236.706238  63.098938  7.514 -100.00 -100.00 -100.00
 234   223.322 56976.31295448 15.02 236.711378  63.097722  6.668 -100.00 -100.00 -100.00
 234   224.433 56976.31295507 13.47 236.716518  63.096505  4.953 -100.00 -100.00 -100.00
 235   220.051 56986.22859241 15.24 236.694638  63.103256  8.350 -100.00 -100.00 -100.00
 235   221.130 56986.22859300 14.86 236.699780  63.102040  7.885 -100.00 -100.00 -100.00
 235   222.080 56986.22859359 15.10 236.704921  63.100824  7.505 -100.00 -100.00 -100.00
 235   222.917 56986.22859418 15.58 236.710062  63.099608  7.659 -100.00 -100.00 -100.00
 235   223.789 56986.22859477 14.72 236.715203  63.098392  7.158 -100.00 -100.00 -100.00
 236   220.228 56996.14422717 16.29 236.699013  63.102932  9.355 -100.00 -100.00 -100.00
 236   221.501 56996.14422776 16.10 236.704155  63.101717 10.504 -100.00 -100.00 -100.00
 236   222.797 56996.14422835 15.31 236.709297  63.100501  8.506 -100.00 -100.00 -100.00
 236   223.845 56996.14422894 14.70 236.714438  63.099284  6.586 -100.00 -100.00 -100.00
 237   219.744 57006.05987055 13.65 236.695633  63.101882  6.083 -100.00 -100.00 -100.00
 237   220.751 57006.05987114 15.24 236.700775  63.100666  8.840 -100.00 -100.00 -100.00
 237   221.863 57006.05987173 14.56 236.705917  63.099450  7.546 -100.00 -100.00 -100.00
 237   222.788 57006.05987232 14.34 236.711058  63.098234  6.619 -100.00 -100.00 -100.00
 237   223.781 57006.05987291 14.16 236.716199  63.097018  6.552 -100.00 -100.00 -100.00
 238   219.468 57015.97552546 13.60 236.696248  63.098577  6.329 -100.00 -100.00 -100.00
 238   220.749 57015.97552605 13.84 236.701389  63.097361  7.091 -100.00 -100.00 -100.00
 238   221.540 57015.97552664 14.77 236.706530  63.096145  8.280 -100.00 -100.00 -100.00
 238   222.815 57015.97552723 14.49 236.711671  63.094929  6.857 -100.00 -100.00 -100.00
 238   223.808 57015.97552782 14.02 236.716811  63.093713  7.202 -100.00 -100.00 -100.00
 239   219.355 57025.89117587 12.75 236.693914  63.098117  6.401 -100.00 -100.00 -100.00
 239   220.164 57025.89117646 12.82 236.699056  63.096901  7.219 -100.00 -100.00 -100.00
 239   221.082 57025.89117705 12.74 236.704197  63.095685  7.199 -100.00 -100.00 -100.00
 239   222.536 57025.89117764 13.40 236.709337  63.094469  7.364 -100.00 -100.00 -100.00
 239   223.560 57025.89117823 12.83 236.714477  63.093252  5.565 -100.00 -100.00 -100.00
 239   224.231 57025.89117882 13.47 236.719617  63.092036  6.549 -100.00 -100.00 -100.00
 240   219.941 57035.80682469 14.51 236.697467  63.099067  8.192 -100.00 -100.00 -100.00
 240   221.023 57035.80682528 13.30 236.702608  63.097851  5.997 -100.00 -100.00 -100.00
 240   222.079 57035.80682587 14.01 236.707749  63.096635  7.959 -100.00 -100.00 -100.00
 240   223.164 57035.80682646 14.31 236.712890  63.095419  7.331 -100.00 -100.00 -100.00
 240   223.831 57035.80682705 14.90 236.718029  63.094202  8.110 -100.00 -100.00 -100.00
 241   219.773 57045.72247040 14.58 236.696592  63.101585  7.837 -100.00 -100.00 -100.00
 241   220.612 57045.72247099 14.54 236.701733  63.100369  9.606 -100.00 -100.00 -100.00
 241   221.171 57045.72247158 14.77 236.706874  63.099153  7.714 -100.00 -100.00 -100.00
 241   223.035 57045.72247217 15.20 236.712015  63.097937  9.189 -100.00 -100.00 -100.00
 241   223.054 57045.72247276 16.02 236.717155  63.096720 11.693 -100.00 -100.00 -100.00
 242   219.456 57055.63811306 13.79 236.696322  63.102619  7.117 -100.00 -100.00 -100.00
 242   219.398 57055.63811365 15.79 236.701464  63.101404 11.466 -100.00 -100.00 -100.00
 242   221.367 57055.63811424 15.71 236.706605  63.100188 10.687 -100.00 -100.00 -100.00
 242   222.608 57055.63811483 14.62 236.711746  63.098971  8.462 -100.00 -100.00 -100.00
 242   223.720 57055.63811542 14.50 236.716886  63.097755  7.490 -100.00 -100.00 -100.00
 243   219.352 57065.55375077 12.93 236.695649  63.101777  6.200 -100.00 -100.00 -100.00
 243   220.047 57065.55375136 13.38 236.700791  63.100561  7.352 -100.00 -100.00 -100.00
 243   221.358 57065.55375195 13.98 236.705932  63.099346  8.572 -100.00 -100.00 -100.00
 243   221.633 57065.55375254 14.26 236.711072  63.098130  7.938 -100.00 -100.00 -100.00
 243   223.587 57065.55375313 13.86 236.716212  63.096913  8.802 -100.00 -100.00 -100.00
 244   219.747 57075.46938391 11.69 236.695683  63.101086  5.969 -100.00 -100.00 -100.00
 244   220.514 57075.46938450 12.49 236.700824  63.099870  6.475 -100.00 -100.00 -100.00
 244   221.235 57075.46938509 14.26 236.705965  63.098654  9.930 -100.00 -100.00 -100.00
 244   222.769 57075.46938568 12.47 236.711105  63.097439  7.573 -100.00 -100.00 -100.00
 244   223.553 57075.46938627 13.51 236.716245  63.096223  8.873 -100.00 -100.00 -100.00
 245   218.915 57085.38501348 11.31 236.694041  63.102613  6.499 -100.00 -100.00 -100.00
 245   220.195 57085.38501407 10.76 236.699183  63.101397  5.735 -100.00 -100.00 -100.00
 245   221.025 57085.38501466 11.42 236.704324  63.100182  6.953 -100.00 -100.00 -100.00
 245   222.047 57085.38501525 11.95 236.709465  63.098966  7.249 -100.00 -100.00 -100.00
 245   221.856 57085.38501584 12.10 236.714605  63.097750  7.390 -100.00 -100.00 -100.00
 246   217.918 57095.30066902 11.35 236.695237  63.103628  6.388 -100.00 -100.00 -100.00
 246   220.888 57095.30066961 10.69 236.700378  63.102413  6.040 -100.00 -100.00 -100.00
 246   221.198 57095.30067020 10.78 236.705520  63.101197  6.138 -100.00 -100.00 -100.00
 246   221.866 57095.30067079 11.61 236.710660  63.099981  7.133 -100.00 -100.00 -100.00
 246   222.253 57095.30067138 12.84 236.715801  63.098765  8.870 -100.00 -100.00 -100.00
 247   220.718 57105.21632566 10.18 236.698900  63.104033  6.513 -100.00 -100.00 -100.00
 247   220.701 57105.21632625 11.02 236.704042  63.102817  8.055 -100.00 -100.00 -100.00
 247   221.575 57105.21632684 10.68 236.709183  63.101601  6.522 -100.00 -100.00 -100.00
 247   222.092 57105.21632743 12.19 236.714323  63.100385  8.997 -100.00 -100.00 -100.00
 248   220.298 57115.13197747  9.60 236.698360  63.104418  6.347 -100.00 -100.00 -100.00
 248   220.827 57115.13197806 10.24 236.703502  63.103202  7.611 -100.00 -100.00 -100.00
 248   221.862 57115.13197865  9.55 236.708643  63.101986  7.342 -100.00 -100.00 -100.00
 248   221.985 57115.13197924 10.80 236.713784  63.100769  8.445 -100.00 -100.00 -100.00
 249   235.722 57125.04762332  0.05 236.698607  63.102824  4.139 -100.00 -100.00 -100.00
 249   223.621 57125.04762391  0.82 236.703748  63.101608  4.872 -100.00 -100.00 -100.00
 249   225.312 57125.04762509  1.16 236.714030  63.099176  5.487 -100.00 -100.00 -100.00
 250   223.053 57134.96326353  9.66 236.695133  63.101725  4.094 -100.00 -100.00 -100.00
 250   223.680 57134.96326412  9.72 236.700275  63.100509  4.208 -100.00 -100.00 -100.00
 250   224.171 57134.96326471 10.95 236.705416  63.099293  6.111 -100.00 -100.00 -100.00
 250   224.429 57134.96326530 12.20 236.710557  63.098077  7.031 -100.00 -100.00 -100.00
 250   224.815 57134.96326589 14.00 236.715697  63.096860  8.896 -100.00 -100.00 -100.00
