# NaN NaN NaN ;Mean Elev.(m), Avg Gradient(m/km), RMS Gradient(m/km) - SRTM1     
#   10.142   1.248   9.724 ;Mean Elev.(m), Avg Gradient(m/km), RMS Gradient(m/km) - ASTER GDEM
#   29.000   1.135   8.662 ;Mean Elev.(m), Avg Gradient(m/km), RMS Gradient(m/km) - GMTED2010 
   2    72.021 54670.88488833 25.85 230.899973  65.905600 13.268 -100.00 -100.00 -100.00
   2    72.874 54670.88488892 27.77 230.906333  65.905227 15.107 -100.00 -100.00 -100.00
   2    73.690 54670.88488951 33.25 230.912693  65.904854   -100 -100.00 -100.00 -100.00
   2    73.934 54670.88489010 16.82 230.919053  65.904481 11.578 -100.00 -100.00 -100.00
   2    73.785 54670.88489069 21.61 230.925413  65.904107 24.847 -100.00 -100.00 -100.00
   3   -36.148 54680.80053229 19.33 230.900977  65.906362  7.958 -100.00 -100.00 -100.00
   3   -39.432 54680.80053288 21.87 230.907338  65.905989  9.182 -100.00 -100.00 -100.00
   3   -43.176 54680.80053347 25.63 230.913698  65.905615 11.003 -100.00 -100.00 -100.00
   3   -47.198 54680.80053406 30.10 230.920058  65.905242   -100 -100.00 -100.00 -100.00
   3    -3.011 54680.80053465 13.85 230.926417  65.904868  2.656 -100.00 -100.00 -100.00
   4    69.596 54690.71617469 24.83 230.897575  65.907556 17.646 -100.00 -100.00 -100.00
   4    69.835 54690.71617528 25.73 230.903936  65.907183 17.197 -100.00 -100.00 -100.00
   4    71.157 54690.71617587 32.00 230.910296  65.906809 32.226 -100.00 -100.00 -100.00
   4    73.085 54690.71617646 27.54 230.916656  65.906436 31.560 -100.00 -100.00 -100.00
   4    72.933 54690.71617705 15.46 230.923016  65.906062 10.480 -100.00 -100.00 -100.00
   5    -7.160 54700.63181509  7.81 230.896931  65.907926  2.567 -100.00 -100.00 -100.00
   5    -6.083 54700.63181568  7.97 230.903291  65.907553  2.878 -100.00 -100.00 -100.00
   5    -5.013 54700.63181627  8.64 230.909652  65.907180  3.344 -100.00 -100.00 -100.00
   5    -3.996 54700.63181686  9.93 230.916012  65.906807  4.162 -100.00 -100.00 -100.00
   5    -2.889 54700.63181745  8.88 230.922372  65.906434  3.116 -100.00 -100.00 -100.00
   6    75.105 54710.54746135 13.69 230.898739  65.906634  6.824 -100.00 -100.00 -100.00
   6    84.813 54710.54746194 12.85 230.905100  65.906262  6.781 -100.00 -100.00 -100.00
   6    81.447 54710.54746253 12.68 230.911460  65.905889  6.332 -100.00 -100.00 -100.00
   6    77.982 54710.54746312 11.93 230.917819  65.905515  5.891 -100.00 -100.00 -100.00
   6    77.698 54710.54746371 10.53 230.924179  65.905142  5.655 -100.00 -100.00 -100.00
   7     4.269 54720.46311286 12.29 230.900744  65.904796  3.084 -100.00 -100.00 -100.00
   7     4.790 54720.46311345 12.72 230.907104  65.904423  3.601 -100.00 -100.00 -100.00
   7     5.330 54720.46311404 12.99 230.913463  65.904050  3.753 -100.00 -100.00 -100.00
   7     5.857 54720.46311463 13.37 230.919822  65.903676  4.966 -100.00 -100.00 -100.00
   7     7.088 54720.46311522 16.58 230.926181  65.903303  9.386 -100.00 -100.00 -100.00
   8    97.640 54730.37876209 19.57 230.906577  65.902872 12.145 -100.00 -100.00 -100.00
   8    90.217 54730.37876268 16.85 230.912936  65.902499 12.476 -100.00 -100.00 -100.00
   8    86.948 54730.37876327 16.87 230.919295  65.902125 11.629 -100.00 -100.00 -100.00
   8    83.493 54730.37876386 22.78 230.925653  65.901751 25.802 -100.00 -100.00 -100.00
   9    75.932 54740.29440879 13.86 230.903131  65.902748  7.004 -100.00 -100.00 -100.00
   9    76.636 54740.29440939 11.76 230.909490  65.902375  4.804 -100.00 -100.00 -100.00
   9    76.246 54740.29440998 11.74 230.915848  65.902001  4.670 -100.00 -100.00 -100.00
   9    76.285 54740.29441057 11.66 230.922207  65.901627  5.198 -100.00 -100.00 -100.00
  10    74.931 54750.21005572 22.12 230.902497  65.903164 13.121 -100.00 -100.00 -100.00
  10    74.461 54750.21005631 20.89 230.908856  65.902791 11.724 -100.00 -100.00 -100.00
  10    74.228 54750.21005690 20.72 230.915215  65.902417 11.916 -100.00 -100.00 -100.00
  10    74.030 54750.21005749 18.50 230.921574  65.902043  9.148 -100.00 -100.00 -100.00
  11    74.513 54760.12570266 25.29 230.904003  65.903497  9.880 -100.00 -100.00 -100.00
  11    74.279 54760.12570325 24.64 230.910363  65.903123  9.862 -100.00 -100.00 -100.00
  11    73.911 54760.12570384 23.62 230.916722  65.902750  8.106 -100.00 -100.00 -100.00
  11    73.559 54760.12570444 22.82 230.923081  65.902376  7.071 -100.00 -100.00 -100.00
  12    74.321 54770.04134732 20.38 230.906137  65.903151  6.628 -100.00 -100.00 -100.00
  12    74.041 54770.04134791 20.12 230.912497  65.902778  5.385 -100.00 -100.00 -100.00
  12    73.781 54770.04134850 18.15 230.918856  65.902404  4.970 -100.00 -100.00 -100.00
  12    73.275 54770.04134909 18.44 230.925216  65.902030  3.684 -100.00 -100.00 -100.00
  13    74.301 54779.95698858 20.69 230.907153  65.902424  7.367 -100.00 -100.00 -100.00
  13    73.993 54779.95698917 19.98 230.913512  65.902050  6.363 -100.00 -100.00 -100.00
  13    73.841 54779.95698976 18.31 230.919872  65.901676  4.738 -100.00 -100.00 -100.00
  13    73.185 54779.95699035 18.34 230.926231  65.901302  5.122 -100.00 -100.00 -100.00
  14    74.759 54789.87262678 21.18 230.902464  65.901994  7.687 -100.00 -100.00 -100.00
  14    74.403 54789.87262737 20.47 230.908824  65.901621  6.612 -100.00 -100.00 -100.00
  14    74.097 54789.87262796 19.60 230.915183  65.901247  5.161 -100.00 -100.00 -100.00
  14    73.607 54789.87262855 18.73 230.921543  65.900874  4.753 -100.00 -100.00 -100.00
  15    74.528 54799.78826469 19.27 230.906371  65.902046  5.705 -100.00 -100.00 -100.00
  15    73.871 54799.78826528 18.95 230.912730  65.901673  5.039 -100.00 -100.00 -100.00
  15    73.735 54799.78826587 18.05 230.919090  65.901299  4.505 -100.00 -100.00 -100.00
  15    73.182 54799.78826646 17.86 230.925449  65.900925  4.414 -100.00 -100.00 -100.00
  17    74.431 54819.61954034 15.53 230.903082  65.904727  4.115 -100.00 -100.00 -100.00
  17    73.632 54819.61954094 15.46 230.909442  65.904354  3.916 -100.00 -100.00 -100.00
  17    73.437 54819.61954153 15.00 230.915802  65.903981  3.011 -100.00 -100.00 -100.00
  17    72.754 54819.61954212 14.99 230.922162  65.903608  3.411 -100.00 -100.00 -100.00
  18    74.047 54829.53519254 15.80 230.902075  65.905225  4.621 -100.00 -100.00 -100.00
  18    73.698 54829.53519313 15.05 230.908435  65.904852  4.005 -100.00 -100.00 -100.00
  18    73.290 54829.53519372 14.67 230.914795  65.904479  3.274 -100.00 -100.00 -100.00
  18    72.632 54829.53519431 14.82 230.921154  65.904105  3.850 -100.00 -100.00 -100.00
  19    74.219 54839.45083117 14.76 230.900050  65.905422  4.507 -100.00 -100.00 -100.00
  19    73.848 54839.45083176 14.23 230.906410  65.905049  4.109 -100.00 -100.00 -100.00
  19    73.158 54839.45083235 13.84 230.912769  65.904676  3.874 -100.00 -100.00 -100.00
  19    72.596 54839.45083294 14.04 230.919129  65.904302  3.811 -100.00 -100.00 -100.00
  19    72.061 54839.45083354 13.61 230.925488  65.903928  3.407 -100.00 -100.00 -100.00
  20    74.341 54849.36648046 13.04 230.902311  65.905607  3.890 -100.00 -100.00 -100.00
  20    73.468 54849.36648105 12.62 230.908671  65.905233  3.428 -100.00 -100.00 -100.00
  20    73.259 54849.36648164 12.23 230.915031  65.904860  2.995 -100.00 -100.00 -100.00
  20    72.506 54849.36648223 12.46 230.921390  65.904486  3.118 -100.00 -100.00 -100.00
  21    74.448 54859.28212865 14.13 230.898231  65.906595  4.568 -100.00 -100.00 -100.00
  21    74.020 54859.28212924 14.06 230.904591  65.906222  4.043 -100.00 -100.00 -100.00
  21    73.374 54859.28212983 12.93 230.910951  65.905848  3.327 -100.00 -100.00 -100.00
  21    72.913 54859.28213042 13.12 230.917311  65.905474  3.531 -100.00 -100.00 -100.00
  21    72.142 54859.28213101 12.95 230.923671  65.905100  3.385 -100.00 -100.00 -100.00
  22    74.376 54869.19777713 13.47 230.895952  65.907331  4.606 -100.00 -100.00 -100.00
  22    73.978 54869.19777772 13.16 230.902312  65.906958  3.796 -100.00 -100.00 -100.00
  22    74.034 54869.19777831 12.89 230.908673  65.906585  3.201 -100.00 -100.00 -100.00
  22    72.911 54869.19777890 12.62 230.915033  65.906211  3.162 -100.00 -100.00 -100.00
  22    72.318 54869.19777949 12.58 230.921392  65.905837  3.020 -100.00 -100.00 -100.00
  23    74.430 54879.11342506 13.30 230.897978  65.906560  3.705 -100.00 -100.00 -100.00
  23    74.002 54879.11342565 13.04 230.904339  65.906187  3.722 -100.00 -100.00 -100.00
  23    73.210 54879.11342624 12.85 230.910699  65.905813  3.290 -100.00 -100.00 -100.00
  23    72.554 54879.11342683 12.74 230.917059  65.905440  2.971 -100.00 -100.00 -100.00
  23    72.096 54879.11342742 12.73 230.923419  65.905065  2.919 -100.00 -100.00 -100.00
  24    74.607 54889.02906996 12.90 230.900737  65.904660  3.950 -100.00 -100.00 -100.00
  24    74.000 54889.02907055 12.50 230.907098  65.904287  3.031 -100.00 -100.00 -100.00
  24    73.692 54889.02907114 12.84 230.913457  65.903913  3.584 -100.00 -100.00 -100.00
  24    73.085 54889.02907173 12.35 230.919817  65.903539  2.787 -100.00 -100.00 -100.00
  24    72.338 54889.02907232 12.38 230.926177  65.903165  3.493 -100.00 -100.00 -100.00
  25    74.416 54898.94471204 12.20 230.907558  65.902356  3.288 -100.00 -100.00 -100.00
  25    74.128 54898.94471263 12.27 230.913918  65.901982  4.086 -100.00 -100.00 -100.00
  25    73.457 54898.94471322 12.05 230.920277  65.901608  3.543 -100.00 -100.00 -100.00
  25    73.068 54898.94471381 11.99 230.926636  65.901234  2.994 -100.00 -100.00 -100.00
  26    74.667 54908.86035088 12.11 230.905721  65.901998  3.509 -100.00 -100.00 -100.00
  26    74.158 54908.86035147 11.95 230.912081  65.901624  3.182 -100.00 -100.00 -100.00
  26    73.595 54908.86035206 11.71 230.918440  65.901250  3.202 -100.00 -100.00 -100.00
  26    73.037 54908.86035265 11.76 230.924799  65.900876  2.671 -100.00 -100.00 -100.00
  27    74.598 54918.77598821 12.31 230.901596  65.903095  3.746 -100.00 -100.00 -100.00
  27    74.422 54918.77598881 11.74 230.907955  65.902721  2.990 -100.00 -100.00 -100.00
  27    73.878 54918.77598940 11.64 230.914315  65.902347  2.817 -100.00 -100.00 -100.00
  27    73.466 54918.77598999 11.67 230.920674  65.901973  2.738 -100.00 -100.00 -100.00
  27    72.862 54918.77599058 11.55 230.927033  65.901599  2.654 -100.00 -100.00 -100.00
  28    74.308 54928.69162594 11.82 230.903925  65.903820  3.394 -100.00 -100.00 -100.00
  28    73.830 54928.69162653 11.54 230.910284  65.903446  3.874 -100.00 -100.00 -100.00
  28    73.234 54928.69162713 11.42 230.916644  65.903073  2.990 -100.00 -100.00 -100.00
  28    72.636 54928.69162772 11.12 230.923003  65.902699  2.875 -100.00 -100.00 -100.00
  29    75.083 54938.60726266 11.39 230.903324  65.903587  3.079 -100.00 -100.00 -100.00
  29    75.133 54938.60726325 11.44 230.909683  65.903214  3.414 -100.00 -100.00 -100.00
  29    73.907 54938.60726384 11.11 230.916042  65.902841  2.679 -100.00 -100.00 -100.00
  29    72.978 54938.60726443 11.18 230.922401  65.902467  2.857 -100.00 -100.00 -100.00
  30    86.651 54948.52289783  0.89 230.904083  65.902595  2.693 -100.00 -100.00 -100.00
  30    86.554 54948.52289842  1.01 230.910442  65.902222  2.923 -100.00 -100.00 -100.00
  30    85.355 54948.52289901  1.16 230.916801  65.901849  3.028 -100.00 -100.00 -100.00
  30    85.770 54948.52289960  1.20 230.923159  65.901475  2.751 -100.00 -100.00 -100.00
  31    86.480 54958.43853457 26.02 230.906413  65.901694 18.040 -100.00 -100.00 -100.00
  31    86.216 54958.43853516 21.75 230.912772  65.901320 10.182 -100.00 -100.00 -100.00
  31    86.026 54958.43853575 22.93 230.919130  65.900947 13.191 -100.00 -100.00 -100.00
  31    86.078 54958.43853635 19.22 230.925488  65.900574  8.386 -100.00 -100.00 -100.00
  32    86.506 54968.35418315 20.21 230.907084  65.901847 13.272 -100.00 -100.00 -100.00
  32    86.284 54968.35418374 15.60 230.913442  65.901474  7.599 -100.00 -100.00 -100.00
  32    86.058 54968.35418433 13.99 230.919800  65.901101  4.366 -100.00 -100.00 -100.00
  32   106.415 54968.35418492 13.42 230.926158  65.900727  6.267 -100.00 -100.00 -100.00
  33    98.615 54978.26983049 27.83 230.906727  65.902920 27.693 -100.00 -100.00 -100.00
  33    95.027 54978.26983108 24.60 230.913086  65.902546 22.268 -100.00 -100.00 -100.00
  33    87.730 54978.26983167 27.78 230.919444  65.902173   -100 -100.00 -100.00 -100.00
  33    84.342 54978.26983226 28.96 230.925802  65.901799   -100 -100.00 -100.00 -100.00
  34    29.239 54988.18547746 43.04 230.902454  65.904121 16.337 -100.00 -100.00 -100.00
  34    28.442 54988.18547805 46.18 230.908813  65.903748 31.330 -100.00 -100.00 -100.00
  34    28.375 54988.18547864 52.03 230.915172  65.903375   -100 -100.00 -100.00 -100.00
  34    28.344 54988.18547923 53.11 230.921531  65.903001  2.405 -100.00 -100.00 -100.00
  35    75.838 54998.10112488 13.23 230.901281  65.904464  5.978 -100.00 -100.00 -100.00
  35    84.375 54998.10112547 11.93 230.907640  65.904091  4.175 -100.00 -100.00 -100.00
  35    83.759 54998.10112606 12.36 230.913999  65.903718  6.056 -100.00 -100.00 -100.00
  35    76.569 54998.10112665 11.03 230.920359  65.903344  3.674 -100.00 -100.00 -100.00
  35    76.321 54998.10112724 10.68 230.926717  65.902970  3.935 -100.00 -100.00 -100.00
  36    71.354 55008.01677067 23.92 230.901518  65.904538 13.736 -100.00 -100.00 -100.00
  36    73.489 55008.01677126 24.91 230.907877  65.904165 13.257 -100.00 -100.00 -100.00
  36    74.208 55008.01677185 31.88 230.914237  65.903791   -100 -100.00 -100.00 -100.00
  36    74.270 55008.01677244 34.02 230.920596  65.903418   -100 -100.00 -100.00 -100.00
  36    74.620 55008.01677303 16.25 230.926955  65.903044 12.075 -100.00 -100.00 -100.00
  37    98.922 55017.93241447 27.99 230.901625  65.904854 14.315 -100.00 -100.00 -100.00
  37    99.024 55017.93241506 27.82 230.907985  65.904480 15.334 -100.00 -100.00 -100.00
  37    91.339 55017.93241565 29.87 230.914344  65.904107   -100 -100.00 -100.00 -100.00
  37    88.085 55017.93241624 26.38 230.920704  65.903733 32.263 -100.00 -100.00 -100.00
  38    86.179 55027.84805692 16.99 230.902340  65.905745  8.306 -100.00 -100.00 -100.00
  38    85.961 55027.84805751 15.09 230.908700  65.905371  6.912 -100.00 -100.00 -100.00
  38    85.739 55027.84805810 13.79 230.915060  65.904998  4.950 -100.00 -100.00 -100.00
  38    85.267 55027.84805869 13.18 230.921419  65.904624  4.480 -100.00 -100.00 -100.00
  39    94.113 55037.76369873 27.90 230.901340  65.906974   -100 -100.00 -100.00 -100.00
  39    90.579 55037.76369932 20.47 230.907700  65.906600 15.319 -100.00 -100.00 -100.00
  39    87.103 55037.76369991 31.05 230.914060  65.906227   -100 -100.00 -100.00 -100.00
  39    86.672 55037.76370050 23.32 230.920420  65.905853 21.157 -100.00 -100.00 -100.00
  40    93.091 55047.67933925 30.60 230.897901  65.907644   -100 -100.00 -100.00 -100.00
  40    93.144 55047.67933984 28.50 230.904262  65.907271 32.580 -100.00 -100.00 -100.00
  40    85.870 55047.67934043 30.74 230.910622  65.906898   -100 -100.00 -100.00 -100.00
  40    86.419 55047.67934102 31.10 230.916982  65.906524   -100 -100.00 -100.00 -100.00
  40    86.455 55047.67934161 12.47 230.923342  65.906151  4.509 -100.00 -100.00 -100.00
  41    86.178 55057.59497827 17.88 230.898769  65.906505  9.877 -100.00 -100.00 -100.00
  41    85.919 55057.59497886 16.20 230.905129  65.906133  8.408 -100.00 -100.00 -100.00
  41    85.620 55057.59497945 14.65 230.911489  65.905759  5.882 -100.00 -100.00 -100.00
  41    85.425 55057.59498004 13.45 230.917849  65.905386  5.170 -100.00 -100.00 -100.00
  41    85.155 55057.59498063 12.82 230.924208  65.905012  4.710 -100.00 -100.00 -100.00
  42    86.067 55067.51061613 18.41 230.901721  65.904155  7.610 -100.00 -100.00 -100.00
  42    86.190 55067.51061672 16.27 230.908081  65.903782  5.637 -100.00 -100.00 -100.00
  42    85.845 55067.51061731 16.18 230.914440  65.903409  6.759 -100.00 -100.00 -100.00
  42    85.476 55067.51061791 14.68 230.920799  65.903036  5.713 -100.00 -100.00 -100.00
  43    86.419 55077.42626687 18.68 230.906345  65.901991  8.025 -100.00 -100.00 -100.00
  43    86.217 55077.42626747 16.64 230.912704  65.901617  6.291 -100.00 -100.00 -100.00
  43    86.119 55077.42626806 15.70 230.919062  65.901244  5.708 -100.00 -100.00 -100.00
  43    85.916 55077.42626865 15.19 230.925420  65.900870  5.648 -100.00 -100.00 -100.00
  44    90.207 55087.34191467 27.14 230.906777  65.901796 26.877 -100.00 -100.00 -100.00
  44    90.620 55087.34191526 26.03 230.913136  65.901422 23.984 -100.00 -100.00 -100.00
  44    90.582 55087.34191585 29.31 230.919494  65.901049 25.580 -100.00 -100.00 -100.00
  44    87.097 55087.34191644 28.17 230.925852  65.900675   -100 -100.00 -100.00 -100.00
  45    87.644 55097.25756035 21.44 230.902314  65.903214 12.488 -100.00 -100.00 -100.00
  45    88.488 55097.25756094 29.48 230.908673  65.902841   -100 -100.00 -100.00 -100.00
  45    88.715 55097.25756153 22.03 230.915032  65.902467 16.016 -100.00 -100.00 -100.00
  45    88.920 55097.25756212 15.01 230.921391  65.902093  5.339 -100.00 -100.00 -100.00
  46    85.848 55107.17320631 21.34 230.905407  65.904048 12.494 -100.00 -100.00 -100.00
  46    85.926 55107.17320690 20.27 230.911767  65.903674  9.420 -100.00 -100.00 -100.00
  46    85.351 55107.17320749 19.88 230.918126  65.903301 11.491 -100.00 -100.00 -100.00
  46    85.144 55107.17320808 18.42 230.924485  65.902926  8.707 -100.00 -100.00 -100.00
  47    75.181 55117.08885099 23.15 230.900751  65.903862 10.611 -100.00 -100.00 -100.00
  47    74.785 55117.08885158 22.04 230.907111  65.903489  9.400 -100.00 -100.00 -100.00
  47    74.315 55117.08885217 20.69 230.913470  65.903115  7.932 -100.00 -100.00 -100.00
  47    74.187 55117.08885276 19.22 230.919830  65.902742  6.852 -100.00 -100.00 -100.00
  47    74.147 55117.08885335 18.11 230.926189  65.902367  6.362 -100.00 -100.00 -100.00
  48    74.572 55127.00449447 26.49 230.907550  65.901848 12.907 -100.00 -100.00 -100.00
  48    74.087 55127.00449506 26.00 230.913910  65.901475 12.629 -100.00 -100.00 -100.00
  48    73.505 55127.00449565 25.38 230.920269  65.901101 12.353 -100.00 -100.00 -100.00
  48    73.194 55127.00449624 25.64 230.926628  65.900727 13.962 -100.00 -100.00 -100.00
  49    74.712 55136.92013500 27.32 230.907599  65.900647 13.489 -100.00 -100.00 -100.00
  49    74.292 55136.92013559 27.02 230.913958  65.900274 13.553 -100.00 -100.00 -100.00
  49    74.015 55136.92013618 26.32 230.920317  65.899900 10.601 -100.00 -100.00 -100.00
  49    73.394 55136.92013677 26.78 230.926676  65.899526 13.692 -100.00 -100.00 -100.00
  50    74.675 55146.83577350 28.01 230.906821  65.901095 15.439 -100.00 -100.00 -100.00
  50    74.123 55146.83577409 27.61 230.913180  65.900721 14.939 -100.00 -100.00 -100.00
  50    73.987 55146.83577468 26.15 230.919539  65.900348 11.597 -100.00 -100.00 -100.00
  50    73.300 55146.83577527 25.16 230.925899  65.899974  8.896 -100.00 -100.00 -100.00
  51    74.561 55156.75141120 21.12 230.905226  65.903121  5.161 -100.00 -100.00 -100.00
  51    74.234 55156.75141179 20.52 230.911586  65.902747  5.373 -100.00 -100.00 -100.00
  51    73.810 55156.75141238 19.93 230.917946  65.902374  4.449 -100.00 -100.00 -100.00
  51    73.419 55156.75141297 19.60 230.924305  65.902000  4.504 -100.00 -100.00 -100.00
  52    74.586 55166.66704875 18.72 230.901731  65.904986  4.426 -100.00 -100.00 -100.00
  52    74.201 55166.66704934 18.12 230.908091  65.904613  4.030 -100.00 -100.00 -100.00
  52    73.683 55166.66704993 17.43 230.914451  65.904239  3.246 -100.00 -100.00 -100.00
  52    73.165 55166.66705052 17.30 230.920811  65.903865  3.454 -100.00 -100.00 -100.00
  53    74.461 55176.58268647 17.58 230.903540  65.905570  4.336 -100.00 -100.00 -100.00
  53    73.901 55176.58268706 17.14 230.909900  65.905197  3.749 -100.00 -100.00 -100.00
  53    73.384 55176.58268766 16.79 230.916260  65.904823  3.273 -100.00 -100.00 -100.00
  53    72.811 55176.58268825 16.69 230.922620  65.904450  3.206 -100.00 -100.00 -100.00
  54    74.608 55186.49832894 17.24 230.901508  65.905089  4.353 -100.00 -100.00 -100.00
  54    74.079 55186.49832953 16.64 230.907868  65.904716  3.614 -100.00 -100.00 -100.00
  54    73.659 55186.49833012 16.69 230.914228  65.904343  3.540 -100.00 -100.00 -100.00
  54    73.118 55186.49833071 16.31 230.920587  65.903969  3.131 -100.00 -100.00 -100.00
  55    74.839 55196.41397977 16.82 230.899359  65.904892  3.619 -100.00 -100.00 -100.00
  55    74.323 55196.41398036 16.82 230.905719  65.904519  3.812 -100.00 -100.00 -100.00
  55    73.886 55196.41398095 16.34 230.912078  65.904145  3.461 -100.00 -100.00 -100.00
  55    73.370 55196.41398154 15.94 230.918437  65.903772  2.808 -100.00 -100.00 -100.00
  55    72.802 55196.41398213 15.94 230.924797  65.903398  3.303 -100.00 -100.00 -100.00
  56    74.877 55206.32962973 16.44 230.901452  65.905549  4.195 -100.00 -100.00 -100.00
  56    73.771 55206.32963032 16.45 230.907812  65.905176  4.754 -100.00 -100.00 -100.00
  56    73.273 55206.32963091 16.04 230.914171  65.904802  3.039 -100.00 -100.00 -100.00
  56    73.172 55206.32963150 15.73 230.920531  65.904429  3.124 -100.00 -100.00 -100.00
  57    74.144 55216.24527888 15.80 230.901751  65.906945  3.224 -100.00 -100.00 -100.00
  57    73.804 55216.24527947 15.53 230.908111  65.906571  3.558 -100.00 -100.00 -100.00
  57    73.373 55216.24528006 15.48 230.914471  65.906198  2.821 -100.00 -100.00 -100.00
  57    72.576 55216.24528065 15.48 230.920831  65.905824  3.198 -100.00 -100.00 -100.00
  58    74.520 55226.16092696 14.05 230.896542  65.907584  3.382 -100.00 -100.00 -100.00
  58    74.304 55226.16092755 14.27 230.902903  65.907211  3.483 -100.00 -100.00 -100.00
  58    72.980 55226.16092814 13.96 230.909263  65.906837  3.405 -100.00 -100.00 -100.00
  58    72.705 55226.16092873 13.96 230.915624  65.906464  2.856 -100.00 -100.00 -100.00
  58    72.100 55226.16092932 13.81 230.921984  65.906090  3.127 -100.00 -100.00 -100.00
  59    74.077 55236.07657377 14.53 230.902620  65.905566  3.239 -100.00 -100.00 -100.00
  59    73.727 55236.07657436 14.07 230.908980  65.905193  3.045 -100.00 -100.00 -100.00
  59    73.443 55236.07657495 14.34 230.915340  65.904819  3.373 -100.00 -100.00 -100.00
  59    72.510 55236.07657554 14.22 230.921700  65.904445  2.723 -100.00 -100.00 -100.00
  60    74.507 55245.99221684 14.81 230.904333  65.902691  3.731 -100.00 -100.00 -100.00
  60    74.295 55245.99221743 14.26 230.910693  65.902318  3.236 -100.00 -100.00 -100.00
  60    73.730 55245.99221802 14.11 230.917052  65.901944  2.897 -100.00 -100.00 -100.00
  60    72.984 55245.99221862 13.91 230.923411  65.901570  3.005 -100.00 -100.00 -100.00
  61    74.881 55255.90785730 14.53 230.907026  65.900525  3.593 -100.00 -100.00 -100.00
  61    74.105 55255.90785789 14.17 230.913385  65.900151  3.397 -100.00 -100.00 -100.00
  61    73.574 55255.90785848 13.94 230.919744  65.899778  3.156 -100.00 -100.00 -100.00
  61    73.204 55255.90785907 13.73 230.926103  65.899403  2.965 -100.00 -100.00 -100.00
  62    74.905 55265.82349619 13.87 230.907557  65.900938  3.317 -100.00 -100.00 -100.00
  62    74.494 55265.82349678 13.89 230.913916  65.900565  3.291 -100.00 -100.00 -100.00
  62    73.622 55265.82349737 13.90 230.920274  65.900191  3.214 -100.00 -100.00 -100.00
  62    73.380 55265.82349796 13.81 230.926633  65.899816  3.399 -100.00 -100.00 -100.00
  63    74.839 55275.73913374 14.03 230.902328  65.903392  3.786 -100.00 -100.00 -100.00
  63    74.217 55275.73913433 13.97 230.908688  65.903018  3.475 -100.00 -100.00 -100.00
  63    74.092 55275.73913492 13.64 230.915047  65.902645  3.369 -100.00 -100.00 -100.00
  63    73.859 55275.73913551 13.71 230.921406  65.902271  3.278 -100.00 -100.00 -100.00
  64    74.956 55285.65477064 13.93 230.899324  65.904985  4.193 -100.00 -100.00 -100.00
  64    74.745 55285.65477123 13.35 230.905684  65.904612  3.668 -100.00 -100.00 -100.00
  64    73.860 55285.65477182 13.20 230.912044  65.904238  3.246 -100.00 -100.00 -100.00
  64    73.349 55285.65477241 13.14 230.918403  65.903864  3.096 -100.00 -100.00 -100.00
  64    72.582 55285.65477300 12.93 230.924762  65.903490  2.952 -100.00 -100.00 -100.00
  65    74.415 55295.57040645 12.74 230.905076  65.903998  3.231 -100.00 -100.00 -100.00
  65    73.846 55295.57040704 12.79 230.911435  65.903624  3.301 -100.00 -100.00 -100.00
  65    73.706 55295.57040763 12.37 230.917794  65.903251  3.066 -100.00 -100.00 -100.00
  65    72.821 55295.57040822 12.10 230.924153  65.902877  2.672 -100.00 -100.00 -100.00
  66    75.885 55305.48604597  7.26 230.906067  65.901795  6.953 -100.00 -100.00 -100.00
  66    76.653 55305.48604656  6.30 230.912425  65.901421  4.682 -100.00 -100.00 -100.00
  66    76.769 55305.48604715  5.53 230.918784  65.901048  4.134 -100.00 -100.00 -100.00
  66    76.239 55305.48604774  5.66 230.925142  65.900674  4.287 -100.00 -100.00 -100.00
  67    86.613 55315.40169342 21.18 230.909249  65.900099  9.217 -100.00 -100.00 -100.00
  67    86.452 55315.40169401 22.22 230.915607  65.899726 12.744 -100.00 -100.00 -100.00
  67    86.163 55315.40169460 18.39 230.921964  65.899352  6.825 -100.00 -100.00 -100.00
  68    86.437 55325.31733887 16.79 230.908961  65.900899  7.890 -100.00 -100.00 -100.00
  68    86.393 55325.31733946 15.56 230.915319  65.900526  6.662 -100.00 -100.00 -100.00
  68    85.928 55325.31734005 14.65 230.921676  65.900152  6.308 -100.00 -100.00 -100.00
  69    86.153 55335.23298277 20.75 230.905873  65.903304  7.780 -100.00 -100.00 -100.00
  69    85.945 55335.23298336 19.70 230.912232  65.902930  7.918 -100.00 -100.00 -100.00
  69    85.593 55335.23298395 19.33 230.918591  65.902557  8.349 -100.00 -100.00 -100.00
  69    85.303 55335.23298455 17.80 230.924949  65.902183  6.296 -100.00 -100.00 -100.00
  70    94.790 55345.14862587 22.93 230.897869  65.905556 20.419 -100.00 -100.00 -100.00
  70    99.283 55345.14862646 28.15 230.904229  65.905183 14.721 -100.00 -100.00 -100.00
  70    95.546 55345.14862705 27.32 230.910588  65.904810 14.625 -100.00 -100.00 -100.00
  70    87.830 55345.14862764 25.79 230.916947  65.904436   -100 -100.00 -100.00 -100.00
  70    84.346 55345.14862823 26.46 230.923306  65.904062   -100 -100.00 -100.00 -100.00
  71    75.791 55355.06426927 13.56 230.902554  65.905466  5.956 -100.00 -100.00 -100.00
  71    84.307 55355.06426986 12.03 230.908914  65.905093  5.234 -100.00 -100.00 -100.00
  71    75.929 55355.06427045 11.42 230.915273  65.904720  3.992 -100.00 -100.00 -100.00
  71    84.700 55355.06427104 10.71 230.921633  65.904346  3.237 -100.00 -100.00 -100.00
  72    75.809 55364.97991016 14.40 230.901920  65.904971  7.308 -100.00 -100.00 -100.00
  72    75.106 55364.97991075 13.49 230.908280  65.904598  5.634 -100.00 -100.00 -100.00
  72    85.263 55364.97991134 12.79 230.914639  65.904225  5.410 -100.00 -100.00 -100.00
  72    75.969 55364.97991193 12.28 230.920999  65.903851  5.301 -100.00 -100.00 -100.00
  73    75.591 55374.89554941 12.93 230.900681  65.904779  5.602 -100.00 -100.00 -100.00
  73    75.150 55374.89555000 12.83 230.907040  65.904406  6.132 -100.00 -100.00 -100.00
  73    74.516 55374.89555059 12.17 230.913400  65.904033  5.187 -100.00 -100.00 -100.00
  73    75.063 55374.89555118 12.16 230.919759  65.903659  5.204 -100.00 -100.00 -100.00
  73    74.707 55374.89555177 11.27 230.926119  65.903285  4.696 -100.00 -100.00 -100.00
  74    74.985 55384.81118740 16.91 230.898097  65.905763  9.140 -100.00 -100.00 -100.00
  74    74.399 55384.81118799 16.61 230.904457  65.905391  9.076 -100.00 -100.00 -100.00
  74    73.780 55384.81118859 18.36 230.910817  65.905017 12.939 -100.00 -100.00 -100.00
  74    73.412 55384.81118918 16.33 230.917177  65.904644  9.217 -100.00 -100.00 -100.00
  74    75.585 55384.81118977 14.12 230.923536  65.904270  5.452 -100.00 -100.00 -100.00
  75   100.606 55394.72682460 15.09 230.896150  65.906999  6.371 -100.00 -100.00 -100.00
  75    65.794 55394.72682519 22.39 230.902511  65.906627 25.689 -100.00 -100.00 -100.00
  75    75.015 55394.72682578 14.36 230.908871  65.906254  6.980 -100.00 -100.00 -100.00
  75    73.993 55394.72682638 14.26 230.915231  65.905880  6.031 -100.00 -100.00 -100.00
  75    74.150 55394.72682697 14.06 230.921590  65.905507  6.626 -100.00 -100.00 -100.00
  76    75.560 55404.64246368 14.04 230.899077  65.907344  6.400 -100.00 -100.00 -100.00
  76    75.003 55404.64246427 13.34 230.905437  65.906971  6.147 -100.00 -100.00 -100.00
  76    74.007 55404.64246486 13.34 230.911797  65.906598  5.870 -100.00 -100.00 -100.00
  76    74.086 55404.64246545 12.65 230.918157  65.906225  5.506 -100.00 -100.00 -100.00
  76    73.921 55404.64246604 12.42 230.924516  65.905851  5.460 -100.00 -100.00 -100.00
  77    68.777 55414.55811534 25.98 230.899330  65.905815 24.220 -100.00 -100.00 -100.00
  77    74.549 55414.55811593 16.35 230.905690  65.905442 10.440 -100.00 -100.00 -100.00
  77    70.724 55414.55811652 30.58 230.912049  65.905069   -100 -100.00 -100.00 -100.00
  77    71.662 55414.55811711 27.14 230.918408  65.904696 18.542 -100.00 -100.00 -100.00
  77    72.742 55414.55811770 24.09 230.924768  65.904322 31.324 -100.00 -100.00 -100.00
  78    75.653 55424.47376419 15.15 230.902090  65.903018  8.225 -100.00 -100.00 -100.00
  78    74.741 55424.47376478 15.73 230.908448  65.902645  9.093 -100.00 -100.00 -100.00
  78    75.284 55424.47376537 13.81 230.914807  65.902271  7.083 -100.00 -100.00 -100.00
  78    75.846 55424.47376596 12.63 230.921165  65.901898  5.042 -100.00 -100.00 -100.00
  79    75.347 55434.38941080 23.21 230.909216  65.900549 12.833 -100.00 -100.00 -100.00
  79    73.178 55434.38941139 27.41 230.915574  65.900175 19.159 -100.00 -100.00 -100.00
  79    74.279 55434.38941198 22.03 230.921932  65.899801   -100 -100.00 -100.00 -100.00
  80    98.165 55444.30505473 25.17 230.904633  65.900995 21.139 -100.00 -100.00 -100.00
  80    98.828 55444.30505533 24.09 230.910991  65.900621 13.189 -100.00 -100.00 -100.00
  80    91.314 55444.30505592 22.58 230.917349  65.900248 26.561 -100.00 -100.00 -100.00
  80    84.387 55444.30505651 12.51 230.923707  65.899874  5.460 -100.00 -100.00 -100.00
  81    65.009 55454.22069771 24.87 230.903054  65.902808 25.928 -100.00 -100.00 -100.00
  81    65.650 55454.22069830 24.27 230.909413  65.902435 16.512 -100.00 -100.00 -100.00
  81    69.139 55454.22069889 29.43 230.915771  65.902061 26.182 -100.00 -100.00 -100.00
  81    72.718 55454.22069948 20.77 230.922130  65.901687 26.716 -100.00 -100.00 -100.00
  82    84.876 55464.13634018 12.79 230.904494  65.904481  5.049 -100.00 -100.00 -100.00
  82    78.860 55464.13634077 12.75 230.910854  65.904108  6.107 -100.00 -100.00 -100.00
  82    84.090 55464.13634136 11.41 230.917213  65.903734  3.834 -100.00 -100.00 -100.00
  82    78.242 55464.13634195 10.83 230.923573  65.903360  3.764 -100.00 -100.00 -100.00
  83    91.413 55474.05197986 24.32 230.902166  65.904359 16.573 -100.00 -100.00 -100.00
  83    91.728 55474.05198045 23.17 230.908526  65.903986 16.003 -100.00 -100.00 -100.00
  83    87.962 55474.05198104 29.28 230.914885  65.903613   -100 -100.00 -100.00 -100.00
  83    84.640 55474.05198163 23.81 230.921245  65.903239   -100 -100.00 -100.00 -100.00
  84    74.559 55483.96761719 25.83 230.905324  65.902315 11.354 -100.00 -100.00 -100.00
  84    74.265 55483.96761778 25.35 230.911683  65.901941 13.108 -100.00 -100.00 -100.00
  84    73.732 55483.96761837 24.63 230.918043  65.901568 11.185 -100.00 -100.00 -100.00
  84    73.408 55483.96761896 22.96 230.924402  65.901194  9.502 -100.00 -100.00 -100.00
  85    74.876 55493.88325256 21.39 230.909951  65.900334  7.949 -100.00 -100.00 -100.00
  85    74.710 55493.88325315 20.87 230.916310  65.899960  5.037 -100.00 -100.00 -100.00
  85    74.747 55493.88325374 20.16 230.922669  65.899587  4.721 -100.00 -100.00 -100.00
  86    74.626 55503.79888615 22.19 230.908734  65.901110  7.025 -100.00 -100.00 -100.00
  86    74.528 55503.79888674 21.30 230.915093  65.900736  6.635 -100.00 -100.00 -100.00
  86    74.143 55503.79888733 20.64 230.921452  65.900363  6.176 -100.00 -100.00 -100.00
  87    71.506 55513.71453363 27.44 230.901160  65.903819 22.018 -100.00 -100.00 -100.00
  87    71.542 55513.71453422 26.84 230.907520  65.903446 24.571 -100.00 -100.00 -100.00
  87    73.588 55513.71453481 20.45 230.913880  65.903072 10.463 -100.00 -100.00 -100.00
  87    73.610 55513.71453540 19.53 230.920240  65.902699  7.775 -100.00 -100.00 -100.00
  87    73.403 55513.71453599 18.05 230.926599  65.902325  4.573 -100.00 -100.00 -100.00
  88    74.458 55523.63018331 16.70 230.902633  65.905872  4.177 -100.00 -100.00 -100.00
  88    73.904 55523.63018390 16.76 230.908993  65.905499  4.695 -100.00 -100.00 -100.00
  88    74.911 55523.63018449 27.29 230.915353  65.905125 28.394 -100.00 -100.00 -100.00
  88    72.946 55523.63018508 16.30 230.921713  65.904752  3.571 -100.00 -100.00 -100.00
  89    74.318 55533.54583097 15.32 230.899767  65.906554  5.959 -100.00 -100.00 -100.00
  89    74.319 55533.54583156 14.54 230.906127  65.906181  5.042 -100.00 -100.00 -100.00
  89    73.562 55533.54583215 13.88 230.912488  65.905808  4.324 -100.00 -100.00 -100.00
  89    73.014 55533.54583274 13.71 230.918848  65.905434  4.155 -100.00 -100.00 -100.00
  89    72.529 55533.54583333 13.80 230.925207  65.905060  3.853 -100.00 -100.00 -100.00
  90    74.434 55543.46147731 14.74 230.901686  65.905519  3.898 -100.00 -100.00 -100.00
  90    73.822 55543.46147790 14.36 230.908046  65.905146  3.786 -100.00 -100.00 -100.00
  90    73.285 55543.46147849 14.39 230.914405  65.904772  3.379 -100.00 -100.00 -100.00
  90    72.802 55543.46147908 14.58 230.920765  65.904399  3.743 -100.00 -100.00 -100.00
  91    74.529 55553.37712132 15.41 230.899777  65.904899  4.364 -100.00 -100.00 -100.00
  91    74.439 55553.37712191 14.49 230.906137  65.904525  3.658 -100.00 -100.00 -100.00
  91    73.523 55553.37712250 14.45 230.912496  65.904152  3.168 -100.00 -100.00 -100.00
  91    72.975 55553.37712309 14.33 230.918856  65.903778  2.896 -100.00 -100.00 -100.00
  91    72.064 55553.37712368 14.55 230.925215  65.903404  3.417 -100.00 -100.00 -100.00
  92    74.499 55563.29276417 15.99 230.898284  65.905422  4.309 -100.00 -100.00 -100.00
  92    74.331 55563.29276476 15.37 230.904644  65.905049  3.581 -100.00 -100.00 -100.00
  92    73.597 55563.29276535 14.88 230.911004  65.904675  3.393 -100.00 -100.00 -100.00
  92    73.082 55563.29276594 15.15 230.917363  65.904302  3.527 -100.00 -100.00 -100.00
  92    72.327 55563.29276653 14.94 230.923722  65.903928  3.126 -100.00 -100.00 -100.00
  93    74.357 55573.20840650 14.48 230.898350  65.906395  4.445 -100.00 -100.00 -100.00
  93    74.224 55573.20840709 14.38 230.904710  65.906022  4.958 -100.00 -100.00 -100.00
  93    73.321 55573.20840768 13.68 230.911071  65.905649  3.235 -100.00 -100.00 -100.00
  93    72.925 55573.20840827 13.76 230.917431  65.905275  3.072 -100.00 -100.00 -100.00
  93    72.255 55573.20840886 13.54 230.923790  65.904901  3.138 -100.00 -100.00 -100.00
  94    74.193 55583.12404776 14.80 230.901061  65.906265  4.110 -100.00 -100.00 -100.00
  94    74.020 55583.12404835 14.47 230.907421  65.905892  3.384 -100.00 -100.00 -100.00
  94    73.182 55583.12404894 14.35 230.913781  65.905519  3.402 -100.00 -100.00 -100.00
  94    72.358 55583.12404954 14.42 230.920141  65.905145  3.311 -100.00 -100.00 -100.00
  94    71.790 55583.12405013 14.47 230.926501  65.904771  3.065 -100.00 -100.00 -100.00
  95    74.529 55593.03968543 13.95 230.900991  65.904827  3.727 -100.00 -100.00 -100.00
  95    74.050 55593.03968602 13.80 230.907351  65.904453  3.394 -100.00 -100.00 -100.00
  95    73.722 55593.03968661 13.51 230.913711  65.904080  2.914 -100.00 -100.00 -100.00
  95    72.799 55593.03968720 13.60 230.920071  65.903706  3.161 -100.00 -100.00 -100.00
  95    71.992 55593.03968779 14.07 230.926431  65.903333  3.757 -100.00 -100.00 -100.00
  96    74.696 55602.95531994 13.78 230.902525  65.902691  4.093 -100.00 -100.00 -100.00
  96    74.065 55602.95532053 13.61 230.908885  65.902318  3.993 -100.00 -100.00 -100.00
  96    73.695 55602.95532112 13.06 230.915244  65.901945  3.248 -100.00 -100.00 -100.00
  96    73.131 55602.95532171 13.09 230.921604  65.901572  3.058 -100.00 -100.00 -100.00
  97    74.685 55612.87095261 12.16 230.907038  65.901322  4.146 -100.00 -100.00 -100.00
  97    74.408 55612.87095320 11.67 230.913397  65.900949  3.172 -100.00 -100.00 -100.00
  97    73.870 55612.87095379 11.51 230.919757  65.900575  3.251 -100.00 -100.00 -100.00
  97    73.497 55612.87095438 11.70 230.926116  65.900202  3.675 -100.00 -100.00 -100.00
  98    77.663 55622.78658795  9.71 230.903515  65.902107  3.697 -100.00 -100.00 -100.00
  98    77.162 55622.78658854  9.62 230.909874  65.901734  3.507 -100.00 -100.00 -100.00
  98    76.922 55622.78658913  9.25 230.916233  65.901361  3.223 -100.00 -100.00 -100.00
  98    76.021 55622.78658972  9.13 230.922593  65.900987  2.862 -100.00 -100.00 -100.00
  99    77.426 55632.70224068 10.21 230.902268  65.903542  3.201 -100.00 -100.00 -100.00
  99    76.943 55632.70224127 10.38 230.908628  65.903169  3.269 -100.00 -100.00 -100.00
  99    76.357 55632.70224186 10.03 230.914988  65.902795  2.749 -100.00 -100.00 -100.00
  99    75.843 55632.70224245  9.97 230.921347  65.902422  2.647 -100.00 -100.00 -100.00
 100    77.022 55642.61789117 10.20 230.900912  65.904392  3.299 -100.00 -100.00 -100.00
 100    76.321 55642.61789176  9.87 230.907272  65.904019  2.749 -100.00 -100.00 -100.00
 100    76.045 55642.61789235  9.81 230.913631  65.903646  2.846 -100.00 -100.00 -100.00
 100    74.996 55642.61789294  9.81 230.919990  65.903272  2.500 -100.00 -100.00 -100.00
 100    74.640 55642.61789353  9.97 230.926349  65.902898  2.731 -100.00 -100.00 -100.00
 101    77.262 55652.53353903  9.91 230.901593  65.903885  3.584 -100.00 -100.00 -100.00
 101    77.052 55652.53353963  9.66 230.907953  65.903512  2.950 -100.00 -100.00 -100.00
 101    76.531 55652.53354022  9.59 230.914312  65.903139  3.014 -100.00 -100.00 -100.00
 101    75.648 55652.53354081  9.52 230.920671  65.902765  2.784 -100.00 -100.00 -100.00
 101    74.936 55652.53354140  9.60 230.927029  65.902391  2.664 -100.00 -100.00 -100.00
 102    78.340 55662.44918321 10.18 230.907114  65.901896  3.217 -100.00 -100.00 -100.00
 102    77.441 55662.44918380 10.02 230.913472  65.901523  2.497 -100.00 -100.00 -100.00
 102    76.205 55662.44918439 10.09 230.919830  65.901149  2.545 -100.00 -100.00 -100.00
 102    75.898 55662.44918498 10.06 230.926188  65.900775  2.813 -100.00 -100.00 -100.00
 103    77.748 55672.36482353  9.02 230.904554  65.901144  3.327 -100.00 -100.00 -100.00
 103    77.122 55672.36482412  8.93 230.910913  65.900770  3.090 -100.00 -100.00 -100.00
 103    76.780 55672.36482471  8.64 230.917270  65.900397  2.605 -100.00 -100.00 -100.00
 103    76.143 55672.36482530  8.66 230.923628  65.900023  2.554 -100.00 -100.00 -100.00
 104    77.170 55682.28046287  8.67 230.908346  65.901551  3.457 -100.00 -100.00 -100.00
 104    76.778 55682.28046347  8.20 230.914704  65.901177  2.947 -100.00 -100.00 -100.00
 104    75.036 55682.28046406  8.53 230.921062  65.900804  2.845 -100.00 -100.00 -100.00
 105    74.493 55692.19609952  3.24 230.900425  65.904069  4.690 -100.00 -100.00 -100.00
 105    73.650 55692.19610011  5.00 230.906785  65.903696  7.195 -100.00 -100.00 -100.00
 105    73.942 55692.19610070  2.96 230.913144  65.903323  4.535 -100.00 -100.00 -100.00
 105    77.563 55692.19610129  7.44 230.919503  65.902950 10.271 -100.00 -100.00 -100.00
 105    78.194 55692.19610188  8.23 230.925861  65.902576 11.119 -100.00 -100.00 -100.00
 106    86.142 55702.11173508 31.15 230.898089  65.906107 17.672 -100.00 -100.00 -100.00
 106    86.106 55702.11173567 28.74 230.904449  65.905734 14.373 -100.00 -100.00 -100.00
 106    85.887 55702.11173626 28.08 230.910809  65.905361 13.602 -100.00 -100.00 -100.00
 106   106.276 55702.11173685 24.51 230.917169  65.904988  7.634 -100.00 -100.00 -100.00
 106   106.568 55702.11173744 26.46 230.923528  65.904614 13.026 -100.00 -100.00 -100.00
 107    85.434 55712.02737734 22.57 230.896017  65.906873 11.725 -100.00 -100.00 -100.00
 107    85.563 55712.02737793 20.78 230.902378  65.906501 10.188 -100.00 -100.00 -100.00
 107    75.127 55712.02737852 20.67 230.908738  65.906128  9.606 -100.00 -100.00 -100.00
 107    74.621 55712.02737911 20.23 230.915098  65.905755 10.232 -100.00 -100.00 -100.00
 107    76.025 55712.02737970 18.49 230.921458  65.905381  8.417 -100.00 -100.00 -100.00
 108    86.222 55721.94302734 16.62 230.900625  65.906041  6.762 -100.00 -100.00 -100.00
 108    85.694 55721.94302793 16.09 230.906986  65.905668  7.737 -100.00 -100.00 -100.00
 108    85.326 55721.94302852 14.42 230.913346  65.905294  5.417 -100.00 -100.00 -100.00
 108    85.254 55721.94302911 13.59 230.919706  65.904921  4.689 -100.00 -100.00 -100.00
 108    84.604 55721.94302970 13.08 230.926065  65.904547  3.882 -100.00 -100.00 -100.00
 109    75.997 55731.85867488 15.84 230.900454  65.905570  7.488 -100.00 -100.00 -100.00
 109    75.549 55731.85867547 14.85 230.906814  65.905197  6.310 -100.00 -100.00 -100.00
 109    75.540 55731.85867606 14.13 230.913174  65.904823  6.400 -100.00 -100.00 -100.00
 109    76.180 55731.85867665 12.74 230.919534  65.904450  4.608 -100.00 -100.00 -100.00
 109    77.742 55731.85867724 12.15 230.925893  65.904076  3.781 -100.00 -100.00 -100.00
 110    75.680 55741.77432131 12.51 230.901971  65.905422  5.851 -100.00 -100.00 -100.00
 110    75.245 55741.77432190 12.02 230.908331  65.905049  4.516 -100.00 -100.00 -100.00
 110    74.863 55741.77432249 11.44 230.914691  65.904675  4.678 -100.00 -100.00 -100.00
 110    75.561 55741.77432309 10.83 230.921050  65.904302  3.767 -100.00 -100.00 -100.00
 111    74.160 55751.68996619 19.29 230.900330  65.905623 17.078 -100.00 -100.00 -100.00
 111    74.028 55751.68996678 18.03 230.906689  65.905250 13.975 -100.00 -100.00 -100.00
 111    73.703 55751.68996737 16.42 230.913049  65.904877 10.523 -100.00 -100.00 -100.00
 111    73.355 55751.68996796 16.75 230.919409  65.904503 10.647 -100.00 -100.00 -100.00
 111    72.914 55751.68996855 14.74 230.925768  65.904129  6.970 -100.00 -100.00 -100.00
 112    85.970 55761.60560902 14.99 230.901483  65.905136  7.561 -100.00 -100.00 -100.00
 112    85.386 55761.60560961 15.64 230.907843  65.904763  8.720 -100.00 -100.00 -100.00
 112    73.699 55761.60561020 16.65 230.914202  65.904389 10.651 -100.00 -100.00 -100.00
 112    80.185 55761.60561079 13.61 230.920561  65.904016  6.419 -100.00 -100.00 -100.00
 113    74.630 55771.52124927 16.84 230.905312  65.903880 12.695 -100.00 -100.00 -100.00
 113    74.382 55771.52124986 15.34 230.911671  65.903507  9.159 -100.00 -100.00 -100.00
 113    73.980 55771.52125045 14.40 230.918030  65.903133  7.511 -100.00 -100.00 -100.00
 113    75.768 55771.52125104 12.88 230.924388  65.902759  6.615 -100.00 -100.00 -100.00
 114    75.005 55781.43688544 18.38 230.902600  65.902508 12.917 -100.00 -100.00 -100.00
 114    74.527 55781.43688603 17.55 230.908958  65.902135 10.798 -100.00 -100.00 -100.00
 114    74.111 55781.43688662 16.66 230.915317  65.901761  9.988 -100.00 -100.00 -100.00
 114    75.374 55781.43688721 15.82 230.921675  65.901388  9.666 -100.00 -100.00 -100.00
 115    74.700 55791.35251944 17.30 230.905216  65.901787 11.260 -100.00 -100.00 -100.00
 115    74.520 55791.35252003 18.48 230.911574  65.901414 12.844 -100.00 -100.00 -100.00
 115    73.927 55791.35252062 17.43 230.917932  65.901041  9.777 -100.00 -100.00 -100.00
 115    73.627 55791.35252121 15.40 230.924290  65.900667  7.301 -100.00 -100.00 -100.00
 116    68.003 55801.26815178 22.26 230.903631  65.902504 16.022 -100.00 -100.00 -100.00
 116    70.717 55801.26815237 21.49 230.909990  65.902131  9.802 -100.00 -100.00 -100.00
 116    71.588 55801.26815296 28.23 230.916349  65.901758 24.450 -100.00 -100.00 -100.00
 116    73.382 55801.26815355 29.33 230.922707  65.901385   -100 -100.00 -100.00 -100.00
 117    67.676 55811.18380162 21.70 230.903510  65.903498 19.608 -100.00 -100.00 -100.00
 117    68.625 55811.18380221 21.33 230.909869  65.903125 12.324 -100.00 -100.00 -100.00
 117    71.469 55811.18380280 26.15 230.916229  65.902752   -100 -100.00 -100.00 -100.00
 117    73.456 55811.18380339 16.68 230.922588  65.902378 19.959 -100.00 -100.00 -100.00
 118    75.885 55821.09945043 11.76 230.905332  65.903967  4.793 -100.00 -100.00 -100.00
 118    75.642 55821.09945102 11.36 230.911692  65.903593  4.105 -100.00 -100.00 -100.00
 118    78.576 55821.09945161 11.22 230.918051  65.903220  4.365 -100.00 -100.00 -100.00
 118    77.140 55821.09945220 10.43 230.924411  65.902846  3.011 -100.00 -100.00 -100.00
 119    85.501 55831.01509388 14.23 230.900071  65.903899  6.400 -100.00 -100.00 -100.00
 119    85.073 55831.01509447 13.93 230.906431  65.903526  7.125 -100.00 -100.00 -100.00
 119    84.509 55831.01509506 13.20 230.912791  65.903153  5.890 -100.00 -100.00 -100.00
 119    78.711 55831.01509565 12.01 230.919150  65.902779  5.016 -100.00 -100.00 -100.00
 119    78.317 55831.01509624 11.50 230.925510  65.902405  4.271 -100.00 -100.00 -100.00
 120    68.832 55840.93073393 24.50 230.907208  65.902394 19.920 -100.00 -100.00 -100.00
 120    69.017 55840.93073452 23.42 230.913568  65.902021 17.548 -100.00 -100.00 -100.00
 120    75.415 55840.93073511 14.86 230.919927  65.901647  9.561 -100.00 -100.00 -100.00
 120    75.836 55840.93073570 13.60 230.926287  65.901274  7.708 -100.00 -100.00 -100.00
 121    75.103 55850.84637016 21.21 230.906191  65.901944 10.824 -100.00 -100.00 -100.00
 121    74.672 55850.84637075 19.51 230.912551  65.901571  7.805 -100.00 -100.00 -100.00
 121    74.518 55850.84637134 19.45 230.918911  65.901198  9.040 -100.00 -100.00 -100.00
 121    74.106 55850.84637193 17.88 230.925270  65.900824  6.098 -100.00 -100.00 -100.00
 122    74.677 55860.76200415 29.33 230.903122  65.903214 15.502 -100.00 -100.00 -100.00
 122    74.280 55860.76200474 28.40 230.909482  65.902841 14.957 -100.00 -100.00 -100.00
 122    73.891 55860.76200533 26.35 230.915842  65.902468 11.662 -100.00 -100.00 -100.00
 122    73.512 55860.76200592 25.08 230.922201  65.902094  9.408 -100.00 -100.00 -100.00
 123    74.596 55870.67765600 20.72 230.900478  65.904914  6.226 -100.00 -100.00 -100.00
 123    74.288 55870.67765659 20.30 230.906839  65.904541  5.875 -100.00 -100.00 -100.00
 123    73.974 55870.67765718 20.39 230.913199  65.904167  5.408 -100.00 -100.00 -100.00
 123    73.445 55870.67765777 19.06 230.919559  65.903794  4.355 -100.00 -100.00 -100.00
 123    73.112 55870.67765836 18.69 230.925919  65.903420  3.749 -100.00 -100.00 -100.00
 133    74.553 55969.83409692 12.68 230.903524  65.902213  3.909 -100.00 -100.00 -100.00
 133    74.305 55969.83409751 12.39 230.909884  65.901840  3.870 -100.00 -100.00 -100.00
 133    73.931 55969.83409810 12.28 230.916243  65.901466  3.765 -100.00 -100.00 -100.00
 133    73.199 55969.83409869 11.85 230.922603  65.901093  3.546 -100.00 -100.00 -100.00
 134    74.325 55979.74973346 12.90 230.905842  65.903291  4.119 -100.00 -100.00 -100.00
 134    74.028 55979.74973405 12.45 230.912202  65.902917  4.039 -100.00 -100.00 -100.00
 134    73.509 55979.74973464 12.03 230.918562  65.902544  3.785 -100.00 -100.00 -100.00
 134    72.920 55979.74973523 12.18 230.924921  65.902170  3.432 -100.00 -100.00 -100.00
 135    73.794 55989.66536886 12.70 230.904580  65.903957  4.378 -100.00 -100.00 -100.00
 135    73.605 55989.66536945 12.24 230.910940  65.903584  3.512 -100.00 -100.00 -100.00
 135    73.268 55989.66537004 11.92 230.917299  65.903211  3.386 -100.00 -100.00 -100.00
 135    72.733 55989.66537063 11.91 230.923659  65.902837  4.069 -100.00 -100.00 -100.00
 136    74.409 55999.58101177 12.52 230.901866  65.903742  3.773 -100.00 -100.00 -100.00
 136    74.059 55999.58101236 12.68 230.908225  65.903369  4.323 -100.00 -100.00 -100.00
 136    73.755 55999.58101295 12.07 230.914585  65.902996  3.412 -100.00 -100.00 -100.00
 136    73.300 55999.58101354 11.90 230.920943  65.902623  2.951 -100.00 -100.00 -100.00
 137    74.600 56009.49666275 12.85 230.903178  65.902646  4.070 -100.00 -100.00 -100.00
 137    74.368 56009.49666335 12.35 230.909537  65.902273  3.607 -100.00 -100.00 -100.00
 137    73.705 56009.49666394 12.54 230.915895  65.901900  3.907 -100.00 -100.00 -100.00
 137    73.114 56009.49666453 12.03 230.922254  65.901526  3.431 -100.00 -100.00 -100.00
 138    74.886 56019.41230949 12.61 230.903444  65.902168  3.646 -100.00 -100.00 -100.00
 138    74.451 56019.41231008 12.67 230.909803  65.901795  4.509 -100.00 -100.00 -100.00
 138    73.901 56019.41231067 12.24 230.916161  65.901421  3.606 -100.00 -100.00 -100.00
 138    73.300 56019.41231126 12.28 230.922519  65.901048  3.389 -100.00 -100.00 -100.00
 139    74.745 56029.32795307 12.77 230.902055  65.902765  4.199 -100.00 -100.00 -100.00
 139    74.614 56029.32795366 12.03 230.908414  65.902392  3.569 -100.00 -100.00 -100.00
 139    74.145 56029.32795425 11.83 230.914772  65.902018  3.454 -100.00 -100.00 -100.00
 139    73.521 56029.32795484 11.60 230.921130  65.901644  3.035 -100.00 -100.00 -100.00
 141    86.850 56049.15923517  0.28 230.906668  65.904974  4.443 -100.00 -100.00 -100.00
 141    86.170 56049.15923576  0.72 230.913027  65.904600  5.158 -100.00 -100.00 -100.00
 141    83.894 56049.15923695  0.75 230.925745  65.903853  5.779 -100.00 -100.00 -100.00
 142    86.650 56059.07487148  7.55 230.897532  65.906314  4.336 -100.00 -100.00 -100.00
 142    86.287 56059.07487207  7.15 230.903892  65.905941  3.599 -100.00 -100.00 -100.00
 142    85.950 56059.07487266  6.39 230.910252  65.905568  3.063 -100.00 -100.00 -100.00
 142    81.541 56059.07487325  7.03 230.916611  65.905194  4.623 -100.00 -100.00 -100.00
 142    71.278 56059.07487384 16.16 230.922971  65.904821 10.469 -100.00 -100.00 -100.00
 143    86.433 56068.99050587 26.49 230.899873  65.906210 12.657 -100.00 -100.00 -100.00
 143    86.063 56068.99050646 24.27 230.906233  65.905837 10.572 -100.00 -100.00 -100.00
 143    85.880 56068.99050705 22.47 230.912593  65.905464  8.265 -100.00 -100.00 -100.00
 143   102.491 56068.99050764 20.76 230.918953  65.905091  6.538 -100.00 -100.00 -100.00
 143   107.138 56068.99050823 25.40 230.925313  65.904717 13.260 -100.00 -100.00 -100.00
 144   103.062 56078.90615715 23.99 230.901027  65.905846 13.063 -100.00 -100.00 -100.00
 144    74.843 56078.90615774 20.98 230.907387  65.905473 11.278 -100.00 -100.00 -100.00
 144    74.472 56078.90615833 20.33 230.913747  65.905100 10.644 -100.00 -100.00 -100.00
 144    79.065 56078.90615892 18.41 230.920107  65.904726  8.274 -100.00 -100.00 -100.00
 144    84.628 56078.90615951 17.25 230.926466  65.904353  6.905 -100.00 -100.00 -100.00
 145    84.918 56088.82180573 15.65 230.902424  65.905821  6.781 -100.00 -100.00 -100.00
 145    84.619 56088.82180632 16.18 230.908784  65.905448  8.163 -100.00 -100.00 -100.00
 145    83.593 56088.82180691 14.67 230.915143  65.905075  6.519 -100.00 -100.00 -100.00
 145    82.997 56088.82180750 13.37 230.921503  65.904701  4.418 -100.00 -100.00 -100.00
 146    96.377 56098.73745169 23.60 230.902408  65.906188  7.921 -100.00 -100.00 -100.00
 146   103.517 56098.73745228 25.94 230.908768  65.905815 14.220 -100.00 -100.00 -100.00
 146   100.158 56098.73745287 25.11 230.915128  65.905441 21.407 -100.00 -100.00 -100.00
 146    92.736 56098.73745346 18.48 230.921487  65.905068 18.740 -100.00 -100.00 -100.00
 147    71.243 56108.65309510 23.09 230.899820  65.905822 25.547 -100.00 -100.00 -100.00
 147    73.777 56108.65309569 18.46 230.906180  65.905449 15.859 -100.00 -100.00 -100.00
 147    74.699 56108.65309628 12.40 230.912539  65.905075  5.267 -100.00 -100.00 -100.00
 147    74.738 56108.65309687 11.53 230.918899  65.904702  4.999 -100.00 -100.00 -100.00
 147    74.817 56108.65309746 15.08 230.925258  65.904328  8.170 -100.00 -100.00 -100.00
 148    75.067 56118.56872472 15.66 230.903724  65.904033  9.503 -100.00 -100.00 -100.00
 148    74.749 56118.56872531 15.09 230.910083  65.903660  8.229 -100.00 -100.00 -100.00
 148    74.178 56118.56872590 14.19 230.916442  65.903286  6.886 -100.00 -100.00 -100.00
 148    73.960 56118.56872649 13.73 230.922801  65.902913  7.003 -100.00 -100.00 -100.00
 149    74.866 56128.48436227 16.24 230.907868  65.902105  9.417 -100.00 -100.00 -100.00
 149    74.410 56128.48436286 16.00 230.914226  65.901732  8.400 -100.00 -100.00 -100.00
 149    71.704 56128.48436345 18.89 230.920584  65.901359 13.192 -100.00 -100.00 -100.00
 149    71.881 56128.48436404 16.80 230.926942  65.900985 10.022 -100.00 -100.00 -100.00
 150    69.943 56138.39999596 23.82 230.908604  65.901409 11.430 -100.00 -100.00 -100.00
 150    71.300 56138.39999655 21.45 230.914962  65.901035 30.220 -100.00 -100.00 -100.00
 150    71.612 56138.39999714 23.14 230.921320  65.900662   -100 -100.00 -100.00 -100.00
 151    74.978 56148.31564277 16.87 230.902393  65.902660 11.031 -100.00 -100.00 -100.00
 151    74.954 56148.31564336 16.35 230.908751  65.902287  9.595 -100.00 -100.00 -100.00
 151    74.615 56148.31564395 14.48 230.915110  65.901913  8.366 -100.00 -100.00 -100.00
 151    75.837 56148.31564454 13.38 230.921468  65.901540  5.412 -100.00 -100.00 -100.00
 152    74.972 56158.23129180 14.38 230.902190  65.904134  7.459 -100.00 -100.00 -100.00
 152    74.662 56158.23129239 14.24 230.908549  65.903761  7.480 -100.00 -100.00 -100.00
 152    74.118 56158.23129298 14.46 230.914908  65.903387  8.014 -100.00 -100.00 -100.00
 152    75.720 56158.23129357 13.43 230.921267  65.903014  6.314 -100.00 -100.00 -100.00
 153    85.893 56168.14694002 14.64 230.904705  65.904536  5.775 -100.00 -100.00 -100.00
 153    85.765 56168.14694061 13.61 230.911065  65.904162  4.582 -100.00 -100.00 -100.00
 153    85.558 56168.14694120 13.14 230.917424  65.903789  4.289 -100.00 -100.00 -100.00
 153    85.233 56168.14694179 12.34 230.923783  65.903415  3.658 -100.00 -100.00 -100.00
 154    85.932 56178.06258535 12.57 230.906301  65.903438  5.591 -100.00 -100.00 -100.00
 154    85.719 56178.06258594 12.62 230.912661  65.903065  6.541 -100.00 -100.00 -100.00
 154    85.546 56178.06258653 11.56 230.919020  65.902691  5.899 -100.00 -100.00 -100.00
 154    99.365 56178.06258712  9.97 230.925379  65.902317  4.523 -100.00 -100.00 -100.00
 155    86.385 56187.97822561 23.30 230.902075  65.902366 12.862 -100.00 -100.00 -100.00
 155    86.324 56187.97822620 20.09 230.908434  65.901993  8.652 -100.00 -100.00 -100.00
 155    86.211 56187.97822679 19.64 230.914794  65.901620  7.685 -100.00 -100.00 -100.00
 155    85.890 56187.97822739 17.12 230.921153  65.901246  5.114 -100.00 -100.00 -100.00
 156    86.480 56197.89386286 19.41 230.903053  65.901974  7.779 -100.00 -100.00 -100.00
 156    86.201 56197.89386345 18.03 230.909412  65.901601  6.676 -100.00 -100.00 -100.00
 156    86.243 56197.89386405 16.70 230.915771  65.901227  5.285 -100.00 -100.00 -100.00
 156    85.954 56197.89386464 16.12 230.922131  65.900854  5.591 -100.00 -100.00 -100.00
 157    86.337 56207.80949692 21.50 230.901303  65.903560 11.269 -100.00 -100.00 -100.00
 157    86.179 56207.80949751 19.58 230.907663  65.903187  9.329 -100.00 -100.00 -100.00
 157    86.018 56207.80949810 16.73 230.914023  65.902814  6.331 -100.00 -100.00 -100.00
 157    85.747 56207.80949869 15.57 230.920382  65.902441  5.645 -100.00 -100.00 -100.00
 157    85.506 56207.80949928 14.02 230.926742  65.902067  3.824 -100.00 -100.00 -100.00
 158    73.671 56217.72512939 22.75 230.899982  65.905902 20.272 -100.00 -100.00 -100.00
 158    74.443 56217.72512998 19.27 230.906343  65.905529 11.378 -100.00 -100.00 -100.00
 158    73.882 56217.72513057 18.13 230.912703  65.905156  9.261 -100.00 -100.00 -100.00
 158    74.468 56217.72513116 15.64 230.919063  65.904783  5.675 -100.00 -100.00 -100.00
 158    74.659 56217.72513175 15.74 230.925423  65.904409  5.724 -100.00 -100.00 -100.00
 159    74.262 56227.64077338 26.47 230.900127  65.907206 11.854 -100.00 -100.00 -100.00
 159    73.963 56227.64077397 25.94 230.906487  65.906834 13.946 -100.00 -100.00 -100.00
 159    73.467 56227.64077456 24.84 230.912848  65.906460 11.277 -100.00 -100.00 -100.00
 159    73.250 56227.64077515 23.28 230.919208  65.906087  9.014 -100.00 -100.00 -100.00
 159    72.785 56227.64077574 22.69 230.925569  65.905713  7.934 -100.00 -100.00 -100.00
 160    74.417 56237.55642754 24.74 230.896646  65.906951 13.626 -100.00 -100.00 -100.00
 160    74.042 56237.55642813 24.24 230.903006  65.906578 12.287 -100.00 -100.00 -100.00
 160    73.760 56237.55642872 23.38 230.909367  65.906205 11.759 -100.00 -100.00 -100.00
 160    73.286 56237.55642931 22.20 230.915727  65.905832  9.347 -100.00 -100.00 -100.00
 160    72.885 56237.55642990 21.41 230.922087  65.905458  8.874 -100.00 -100.00 -100.00
 161    74.567 56247.47207862 22.33 230.901469  65.905633  7.351 -100.00 -100.00 -100.00
 161    74.099 56247.47207922 21.56 230.907829  65.905259  6.594 -100.00 -100.00 -100.00
 161    73.645 56247.47207981 20.75 230.914189  65.904886  5.536 -100.00 -100.00 -100.00
 161    73.092 56247.47208040 20.29 230.920549  65.904513  5.413 -100.00 -100.00 -100.00
 162    74.462 56257.38772431 22.47 230.902538  65.905061  7.016 -100.00 -100.00 -100.00
 162    73.992 56257.38772491 21.43 230.908898  65.904688  5.846 -100.00 -100.00 -100.00
 162    73.585 56257.38772550 20.32 230.915257  65.904314  4.774 -100.00 -100.00 -100.00
 162    72.965 56257.38772609 20.18 230.921617  65.903941  4.807 -100.00 -100.00 -100.00
 163    74.369 56267.30336632 19.82 230.901010  65.905854  5.623 -100.00 -100.00 -100.00
 163    73.717 56267.30336691 19.96 230.907370  65.905481  5.267 -100.00 -100.00 -100.00
 163    73.636 56267.30336750 19.69 230.913730  65.905108  5.528 -100.00 -100.00 -100.00
 163    72.992 56267.30336809 18.59 230.920089  65.904734  4.195 -100.00 -100.00 -100.00
 163    72.472 56267.30336868 18.24 230.926449  65.904360  3.850 -100.00 -100.00 -100.00
 164    74.494 56277.21900661 19.87 230.899302  65.906637  5.733 -100.00 -100.00 -100.00
 164    74.081 56277.21900720 19.15 230.905662  65.906264  4.847 -100.00 -100.00 -100.00
 164    73.623 56277.21900779 18.27 230.912022  65.905890  4.131 -100.00 -100.00 -100.00
 164    73.142 56277.21900838 17.98 230.918382  65.905517  4.124 -100.00 -100.00 -100.00
 164    72.637 56277.21900897 17.67 230.924742  65.905143  3.538 -100.00 -100.00 -100.00
 165    74.958 56287.13465427 18.10 230.897378  65.906286  4.481 -100.00 -100.00 -100.00
 165    74.334 56287.13465486 18.40 230.903738  65.905913  4.590 -100.00 -100.00 -100.00
 165    73.902 56287.13465545 17.46 230.910099  65.905540  3.812 -100.00 -100.00 -100.00
 165    73.307 56287.13465604 17.19 230.916459  65.905166  3.386 -100.00 -100.00 -100.00
 165    72.557 56287.13465663 16.98 230.922819  65.904792  3.189 -100.00 -100.00 -100.00
 166    74.620 56297.05030441 18.11 230.903808  65.903765  4.985 -100.00 -100.00 -100.00
 166    74.275 56297.05030500 17.69 230.910168  65.903392  4.029 -100.00 -100.00 -100.00
 166    73.726 56297.05030559 17.44 230.916528  65.903018  3.917 -100.00 -100.00 -100.00
 166    73.292 56297.05030618 16.97 230.922888  65.902644  3.248 -100.00 -100.00 -100.00
 167    74.995 56306.96595030 18.08 230.907280  65.901271  4.215 -100.00 -100.00 -100.00
 167    74.495 56306.96595089 17.61 230.913639  65.900897  3.719 -100.00 -100.00 -100.00
 167    73.892 56306.96595149 17.70 230.919999  65.900524  4.047 -100.00 -100.00 -100.00
 167    73.489 56306.96595208 17.32 230.926358  65.900150  3.683 -100.00 -100.00 -100.00
 168    75.010 56316.88159309 17.96 230.909138  65.900478  4.702 -100.00 -100.00 -100.00
 168    74.548 56316.88159368 17.90 230.915497  65.900104  5.007 -100.00 -100.00 -100.00
 168    74.162 56316.88159427 17.14 230.921856  65.899730  3.522 -100.00 -100.00 -100.00
 169    75.040 56326.79723354 17.36 230.903264  65.902456  4.857 -100.00 -100.00 -100.00
 169    74.638 56326.79723413 17.90 230.909624  65.902082  5.465 -100.00 -100.00 -100.00
 169    74.054 56326.79723472 16.71 230.915984  65.901709  4.256 -100.00 -100.00 -100.00
 169    73.505 56326.79723531 16.48 230.922343  65.901335  3.564 -100.00 -100.00 -100.00
 170    74.750 56336.71287336 17.79 230.901399  65.904633  5.699 -100.00 -100.00 -100.00
 170    74.144 56336.71287395 17.62 230.907759  65.904259  6.448 -100.00 -100.00 -100.00
 170    73.806 56336.71287454 16.49 230.914119  65.903886  5.246 -100.00 -100.00 -100.00
 170    73.515 56336.71287513 16.23 230.920479  65.903512  5.482 -100.00 -100.00 -100.00
 170    72.728 56336.71287572 15.66 230.926838  65.903138  4.325 -100.00 -100.00 -100.00
 171    74.874 56346.62851185 17.45 230.900978  65.905368  7.153 -100.00 -100.00 -100.00
 171    74.223 56346.62851244 16.46 230.907338  65.904995  5.233 -100.00 -100.00 -100.00
 171    73.548 56346.62851303 16.68 230.913697  65.904621  5.445 -100.00 -100.00 -100.00
 171    73.233 56346.62851362 16.01 230.920057  65.904248  4.534 -100.00 -100.00 -100.00
 171    72.824 56346.62851421 15.25 230.926417  65.903874  4.334 -100.00 -100.00 -100.00
 172    74.466 56356.54414798 17.19 230.901390  65.904173  7.401 -100.00 -100.00 -100.00
 172    74.267 56356.54414857 16.36 230.907749  65.903800  5.958 -100.00 -100.00 -100.00
 172    74.006 56356.54414916 16.02 230.914108  65.903427  6.139 -100.00 -100.00 -100.00
 172    73.486 56356.54414975 15.63 230.920467  65.903054  5.755 -100.00 -100.00 -100.00
 172    72.991 56356.54415034 15.28 230.926826  65.902680  5.479 -100.00 -100.00 -100.00
 173    74.638 56366.45979596 13.39 230.904540  65.902134  5.421 -100.00 -100.00 -100.00
 173    74.401 56366.45979655 13.11 230.910898  65.901760  4.981 -100.00 -100.00 -100.00
 173    74.127 56366.45979714 12.94 230.917257  65.901387  4.753 -100.00 -100.00 -100.00
 173    73.452 56366.45979773 12.88 230.923615  65.901013  5.407 -100.00 -100.00 -100.00
 176    74.875 56396.20673316 12.88 230.898706  65.906195  5.122 -100.00 -100.00 -100.00
 176    74.741 56396.20673375 12.23 230.905066  65.905822  4.418 -100.00 -100.00 -100.00
 176    73.582 56396.20673434 12.20 230.911425  65.905448  3.967 -100.00 -100.00 -100.00
 176    73.008 56396.20673493 11.77 230.917784  65.905075  4.023 -100.00 -100.00 -100.00
 176    72.587 56396.20673552 11.56 230.924144  65.904701  3.857 -100.00 -100.00 -100.00
 177    86.944 56406.12237451  2.98 230.898580  65.907471  2.679 -100.00 -100.00 -100.00
 177    86.779 56406.12237510  3.11 230.904941  65.907098  2.519 -100.00 -100.00 -100.00
 177    86.566 56406.12237569  2.97 230.911301  65.906725  2.411 -100.00 -100.00 -100.00
 177    86.082 56406.12237628  3.21 230.917661  65.906351  2.575 -100.00 -100.00 -100.00
 177    85.771 56406.12237687  3.34 230.924020  65.905977  2.445 -100.00 -100.00 -100.00
 178    74.230 56416.03801254 10.18 230.899254  65.907156  4.632 -100.00 -100.00 -100.00
 178    73.856 56416.03801313  9.67 230.905614  65.906783  3.868 -100.00 -100.00 -100.00
 178    73.288 56416.03801372  9.47 230.911975  65.906410  3.897 -100.00 -100.00 -100.00
 178    72.772 56416.03801431  9.20 230.918335  65.906036  3.538 -100.00 -100.00 -100.00
 178    71.598 56416.03801490  9.03 230.924695  65.905662  3.162 -100.00 -100.00 -100.00
 179    74.856 56425.95364606 12.59 230.902369  65.905729  7.659 -100.00 -100.00 -100.00
 179    74.228 56425.95364665 10.73 230.908729  65.905356  6.372 -100.00 -100.00 -100.00
 179    73.400 56425.95364724  9.89 230.915089  65.904983  4.591 -100.00 -100.00 -100.00
 179    73.019 56425.95364783  9.49 230.921449  65.904610  4.239 -100.00 -100.00 -100.00
 180    86.590 56435.86929535 29.27 230.900165  65.904957 18.700 -100.00 -100.00 -100.00
 180    86.226 56435.86929594 28.05 230.906525  65.904584 15.538 -100.00 -100.00 -100.00
 180    86.010 56435.86929653 23.85 230.912884  65.904211  8.815 -100.00 -100.00 -100.00
 180   105.621 56435.86929712 22.76 230.919244  65.903837  7.894 -100.00 -100.00 -100.00
 180   106.375 56435.86929771 29.30 230.925603  65.903463 22.866 -100.00 -100.00 -100.00
 181    86.187 56445.78494746 22.56 230.903171  65.904975  9.387 -100.00 -100.00 -100.00
 181    85.858 56445.78494805 21.23 230.909531  65.904602  9.649 -100.00 -100.00 -100.00
 181    85.700 56445.78494864 19.63 230.915891  65.904228  7.432 -100.00 -100.00 -100.00
 181    85.433 56445.78494923 18.74 230.922250  65.903854  7.454 -100.00 -100.00 -100.00
 182    86.031 56455.70059670 17.43 230.901143  65.906067  8.178 -100.00 -100.00 -100.00
 182    85.903 56455.70059730 16.51 230.907503  65.905694  8.607 -100.00 -100.00 -100.00
 182    85.615 56455.70059789 14.87 230.913863  65.905320  5.715 -100.00 -100.00 -100.00
 182    85.221 56455.70059848 14.34 230.920222  65.904946  5.596 -100.00 -100.00 -100.00
 182    84.974 56455.70059907 13.26 230.926582  65.904572  4.121 -100.00 -100.00 -100.00
 183    96.163 56465.61624318 29.96 230.901749  65.905819 19.270 -100.00 -100.00 -100.00
 183    92.383 56465.61624377 16.90 230.908109  65.905445  6.871 -100.00 -100.00 -100.00
 183    85.689 56465.61624436 14.64 230.914468  65.905072  6.095 -100.00 -100.00 -100.00
 183    89.029 56465.61624495 28.36 230.920828  65.904698   -100 -100.00 -100.00 -100.00
 184    86.367 56475.53188568 23.02 230.899707  65.904180 14.953 -100.00 -100.00 -100.00
 184    86.268 56475.53188627 19.51 230.906066  65.903807 10.175 -100.00 -100.00 -100.00
 184    86.051 56475.53188686 18.63 230.912425  65.903434  9.394 -100.00 -100.00 -100.00
 184    85.732 56475.53188745 15.48 230.918784  65.903060  5.120 -100.00 -100.00 -100.00
 184    85.423 56475.53188804 14.35 230.925143  65.902686  4.252 -100.00 -100.00 -100.00
 185    86.531 56485.44752515 21.54 230.902753  65.901758 10.061 -100.00 -100.00 -100.00
 185    86.337 56485.44752574 20.70 230.909112  65.901384 11.136 -100.00 -100.00 -100.00
 185    86.131 56485.44752633 18.12 230.915470  65.901011  6.763 -100.00 -100.00 -100.00
 185    86.138 56485.44752692 16.27 230.921828  65.900637  4.613 -100.00 -100.00 -100.00
 187    92.035 56505.27879614 34.55 230.906988  65.902447  2.178 -100.00 -100.00 -100.00
 187    92.320 56505.27879673 25.07 230.913347  65.902074 20.522 -100.00 -100.00 -100.00
 187    88.786 56505.27879732 26.84 230.919705  65.901701 31.413 -100.00 -100.00 -100.00
 187    85.502 56505.27879791 25.43 230.926063  65.901327 27.865 -100.00 -100.00 -100.00
 188    94.489 56515.19442842 26.98 230.901066  65.905318 13.057 -100.00 -100.00 -100.00
 188    94.924 56515.19442902 26.01 230.907426  65.904945 12.733 -100.00 -100.00 -100.00
 188    98.182 56515.19442961 31.49 230.913785  65.904572   -100 -100.00 -100.00 -100.00
 188    91.264 56515.19443020 17.48 230.920145  65.904198 13.799 -100.00 -100.00 -100.00
 188    87.547 56515.19443079 26.13 230.926504  65.903825   -100 -100.00 -100.00 -100.00
 189    86.224 56525.11008151 20.01 230.897482  65.906236 10.618 -100.00 -100.00 -100.00
 189    86.211 56525.11008210 18.32 230.903842  65.905864  8.472 -100.00 -100.00 -100.00
 189    85.919 56525.11008269 17.21 230.910202  65.905491  5.794 -100.00 -100.00 -100.00
 189    85.529 56525.11008328 17.16 230.916562  65.905118  5.838 -100.00 -100.00 -100.00
 189    85.036 56525.11008387 18.65 230.922922  65.904744  8.482 -100.00 -100.00 -100.00
 190    93.015 56535.02573314 28.11 230.904557  65.904545 19.242 -100.00 -100.00 -100.00
 190    89.480 56535.02573373 28.90 230.910917  65.904172   -100 -100.00 -100.00 -100.00
 190    86.110 56535.02573432 16.77 230.917277  65.903799 10.301 -100.00 -100.00 -100.00
 190    86.174 56535.02573491 28.47 230.923636  65.903425   -100 -100.00 -100.00 -100.00
 192    86.516 56554.85702458 19.94 230.903018  65.902282  7.576 -100.00 -100.00 -100.00
 192    86.299 56554.85702517 16.86 230.909378  65.901908  6.083 -100.00 -100.00 -100.00
 192    86.205 56554.85702576 17.41 230.915737  65.901535  7.267 -100.00 -100.00 -100.00
 192    85.975 56554.85702635 15.39 230.922096  65.901161  4.995 -100.00 -100.00 -100.00
 193    86.044 56564.77266734 20.53 230.903230  65.904009 12.984 -100.00 -100.00 -100.00
 193    85.862 56564.77266793 17.64 230.909590  65.903636  6.993 -100.00 -100.00 -100.00
 193    85.789 56564.77266852 15.70 230.915950  65.903262  5.321 -100.00 -100.00 -100.00
 193    85.501 56564.77266911 15.14 230.922309  65.902888  5.263 -100.00 -100.00 -100.00
 194    85.824 56574.68830822 21.18 230.897755  65.906884 12.022 -100.00 -100.00 -100.00
 194    85.843 56574.68830881 18.09 230.904116  65.906511  6.713 -100.00 -100.00 -100.00
 194    85.647 56574.68830940 17.41 230.910476  65.906137  6.210 -100.00 -100.00 -100.00
 194    85.550 56574.68830999 16.15 230.916837  65.905764  4.958 -100.00 -100.00 -100.00
 194    85.192 56574.68831058 15.45 230.923197  65.905390  5.066 -100.00 -100.00 -100.00
 195    86.324 56584.60394661 18.12 230.895467  65.908482  7.314 -100.00 -100.00 -100.00
 195    86.008 56584.60394721 17.71 230.901828  65.908109  7.444 -100.00 -100.00 -100.00
 195    85.479 56584.60394780 17.10 230.908188  65.907736  6.833 -100.00 -100.00 -100.00
 195    85.226 56584.60394839 15.72 230.914549  65.907363  5.355 -100.00 -100.00 -100.00
 195    84.936 56584.60394898 15.12 230.920910  65.906989  5.404 -100.00 -100.00 -100.00
 196    74.689 56594.51958209 25.81 230.895660  65.908001 15.451 -100.00 -100.00 -100.00
 196    74.448 56594.51958268 25.21 230.902021  65.907628 14.367 -100.00 -100.00 -100.00
 196    74.212 56594.51958327 23.43 230.908381  65.907255 11.836 -100.00 -100.00 -100.00
 196    73.680 56594.51958386 23.80 230.914742  65.906882 11.611 -100.00 -100.00 -100.00
 196    73.058 56594.51958445 23.62 230.921102  65.906509 11.548 -100.00 -100.00 -100.00
 197    74.750 56604.43523556 29.61 230.898989  65.906018 17.667 -100.00 -100.00 -100.00
 197    74.448 56604.43523615 29.19 230.905349  65.905645 15.890 -100.00 -100.00 -100.00
 197    74.081 56604.43523674 28.04 230.911709  65.905272 13.294 -100.00 -100.00 -100.00
 197    73.757 56604.43523733 26.48 230.918069  65.904899 11.225 -100.00 -100.00 -100.00
 197    73.184 56604.43523792 26.36 230.924428  65.904525 12.983 -100.00 -100.00 -100.00
 198    74.894 56614.35088437 19.76 230.904179  65.904505  6.995 -100.00 -100.00 -100.00
 198    74.555 56614.35088496 19.34 230.910539  65.904132  5.919 -100.00 -100.00 -100.00
 198    74.088 56614.35088555 18.96 230.916898  65.903758  5.866 -100.00 -100.00 -100.00
 198    73.557 56614.35088614 17.93 230.923257  65.903384  5.068 -100.00 -100.00 -100.00
 199    75.150 56624.26652871 15.67 230.903691  65.904813  4.548 -100.00 -100.00 -100.00
 199    74.422 56624.26652930 15.10 230.910051  65.904440  4.118 -100.00 -100.00 -100.00
 199    74.010 56624.26652989 15.21 230.916410  65.904067  3.385 -100.00 -100.00 -100.00
 199    73.516 56624.26653048 14.94 230.922770  65.903693  3.077 -100.00 -100.00 -100.00
 200    75.171 56634.18217023 15.77 230.903386  65.905476  4.439 -100.00 -100.00 -100.00
 200    74.199 56634.18217082 15.49 230.909746  65.905103  4.698 -100.00 -100.00 -100.00
 200    73.728 56634.18217141 14.76 230.916106  65.904729  3.432 -100.00 -100.00 -100.00
 200    73.206 56634.18217200 15.05 230.922466  65.904356  4.270 -100.00 -100.00 -100.00
 201    75.074 56644.09780668 14.81 230.900395  65.905860  3.938 -100.00 -100.00 -100.00
 201    74.560 56644.09780727 14.63 230.906756  65.905487  3.970 -100.00 -100.00 -100.00
 201    74.047 56644.09780787 13.92 230.913116  65.905114  2.758 -100.00 -100.00 -100.00
 201    73.216 56644.09780846 14.04 230.919476  65.904740  2.747 -100.00 -100.00 -100.00
 201    73.032 56644.09780905 13.93 230.925836  65.904366  2.729 -100.00 -100.00 -100.00
 202    75.194 56654.01345963 14.90 230.902637  65.904159  3.954 -100.00 -100.00 -100.00
 202    74.381 56654.01346022 14.44 230.908997  65.903786  3.548 -100.00 -100.00 -100.00
 202    73.884 56654.01346081 14.24 230.915357  65.903412  3.266 -100.00 -100.00 -100.00
 202    73.369 56654.01346140 14.31 230.921717  65.903038  3.077 -100.00 -100.00 -100.00
 203    74.949 56663.92910895 14.93 230.907543  65.901930  3.678 -100.00 -100.00 -100.00
 203    74.497 56663.92910954 14.52 230.913903  65.901556  3.137 -100.00 -100.00 -100.00
 203    73.979 56663.92911013 14.47 230.920262  65.901183  2.761 -100.00 -100.00 -100.00
 203    73.389 56663.92911072 14.76 230.926621  65.900809  3.213 -100.00 -100.00 -100.00
 205    75.620 56683.76039964 14.33 230.904339  65.902432  3.175 -100.00 -100.00 -100.00
 205    75.407 56683.76040023 14.01 230.910698  65.902059  3.348 -100.00 -100.00 -100.00
 205    74.533 56683.76040083 14.19 230.917058  65.901685  3.205 -100.00 -100.00 -100.00
 205    73.894 56683.76040142 14.05 230.923417  65.901311  2.874 -100.00 -100.00 -100.00
 206    75.646 56693.67604204 14.24 230.900484  65.904477  4.527 -100.00 -100.00 -100.00
 206    74.915 56693.67604263 14.32 230.906844  65.904104  4.103 -100.00 -100.00 -100.00
 206    74.414 56693.67604322 13.58 230.913204  65.903731  3.488 -100.00 -100.00 -100.00
 206    73.777 56693.67604381 13.62 230.919563  65.903357  3.282 -100.00 -100.00 -100.00
 206    73.343 56693.67604440 13.29 230.925923  65.902983  3.025 -100.00 -100.00 -100.00
 207    75.391 56703.59168036 13.74 230.898995  65.905710  4.058 -100.00 -100.00 -100.00
 207    75.403 56703.59168095 13.23 230.905355  65.905337  3.261 -100.00 -100.00 -100.00
 207    74.294 56703.59168154 13.17 230.911715  65.904964  3.486 -100.00 -100.00 -100.00
 207    73.949 56703.59168213 12.73 230.918075  65.904590  3.077 -100.00 -100.00 -100.00
 207    73.419 56703.59168272 12.80 230.924434  65.904217  3.633 -100.00 -100.00 -100.00
 208    75.378 56713.50731377 13.67 230.900828  65.904997  4.058 -100.00 -100.00 -100.00
 208    74.260 56713.50731436 13.32 230.907188  65.904624  3.824 -100.00 -100.00 -100.00
 208    74.236 56713.50731495 12.99 230.913547  65.904251  3.797 -100.00 -100.00 -100.00
 208    73.409 56713.50731554 12.91 230.919907  65.903877  3.239 -100.00 -100.00 -100.00
 208    72.862 56713.50731613 12.46 230.926266  65.903504  3.260 -100.00 -100.00 -100.00
 209    42.287 56723.42296315 15.39 230.905662  65.903276  3.137 -100.00 -100.00 -100.00
 209    42.145 56723.42296374 15.67 230.912021  65.902902  3.674 -100.00 -100.00 -100.00
 209    42.176 56723.42296433 15.67 230.918380  65.902529  3.701 -100.00 -100.00 -100.00
 209    42.079 56723.42296492 15.44 230.924739  65.902155  3.168 -100.00 -100.00 -100.00
 210    74.910 56733.33861364 13.27 230.903481  65.902921  3.186 -100.00 -100.00 -100.00
 210    74.596 56733.33861423 13.33 230.909840  65.902548  3.168 -100.00 -100.00 -100.00
 210    73.808 56733.33861482 13.10 230.916198  65.902174  3.481 -100.00 -100.00 -100.00
 210    73.461 56733.33861541 13.00 230.922557  65.901800  2.781 -100.00 -100.00 -100.00
 211    75.008 56743.25426076 13.97 230.903008  65.904494  3.543 -100.00 -100.00 -100.00
 211    74.289 56743.25426135 13.48 230.909367  65.904121  3.409 -100.00 -100.00 -100.00
 211    73.804 56743.25426194 13.64 230.915726  65.903747  3.478 -100.00 -100.00 -100.00
 211    73.024 56743.25426253 13.49 230.922085  65.903373  3.079 -100.00 -100.00 -100.00
 212    74.556 56753.16990332 13.89 230.900289  65.906802  3.132 -100.00 -100.00 -100.00
 212    74.040 56753.16990391 13.69 230.906649  65.906429  3.017 -100.00 -100.00 -100.00
 212    74.057 56753.16990450 13.67 230.913009  65.906055  2.962 -100.00 -100.00 -100.00
 212    72.614 56753.16990509 13.53 230.919368  65.905681  2.891 -100.00 -100.00 -100.00
 212    72.023 56753.16990568 13.64 230.925728  65.905307  3.097 -100.00 -100.00 -100.00
 213    76.210 56763.08554060 11.10 230.898019  65.908115  4.600 -100.00 -100.00 -100.00
 213    75.659 56763.08554119 10.37 230.904379  65.907742  3.669 -100.00 -100.00 -100.00
 213    74.862 56763.08554178 10.21 230.910740  65.907369  3.566 -100.00 -100.00 -100.00
 213    74.099 56763.08554237  9.71 230.917100  65.906996  2.915 -100.00 -100.00 -100.00
 213    73.049 56763.08554296  9.91 230.923460  65.906622  2.985 -100.00 -100.00 -100.00
 214    76.405 56773.00117346  4.30 230.901028  65.907459  3.329 -100.00 -100.00 -100.00
 214    76.760 56773.00117405  4.39 230.907388  65.907086  3.957 -100.00 -100.00 -100.00
 214    75.057 56773.00117464  4.46 230.913749  65.906713  3.659 -100.00 -100.00 -100.00
 214    72.652 56773.00117523  7.29 230.920109  65.906339  7.495 -100.00 -100.00 -100.00
 214    72.180 56773.00117582  7.57 230.926469  65.905966  7.711 -100.00 -100.00 -100.00
 215    86.140 56782.91683113 27.32 230.900970  65.905777 19.394 -100.00 -100.00 -100.00
 215    86.099 56782.91683172 25.17 230.907331  65.905403 15.140 -100.00 -100.00 -100.00
 215    85.958 56782.91683231 22.57 230.913691  65.905030 11.717 -100.00 -100.00 -100.00
 215    85.597 56782.91683290 21.15 230.920050  65.904656 10.111 -100.00 -100.00 -100.00
 215    85.626 56782.91683349 20.30 230.926410  65.904282  9.616 -100.00 -100.00 -100.00
 216    97.764 56792.83248547 25.24 230.904588  65.904418 15.770 -100.00 -100.00 -100.00
 216   101.909 56792.83248606 26.03 230.910948  65.904045 12.369 -100.00 -100.00 -100.00
 216    94.300 56792.83248665 27.23 230.917307  65.903671 24.903 -100.00 -100.00 -100.00
 216    85.574 56792.83248724 16.71 230.923666  65.903297  6.489 -100.00 -100.00 -100.00
 217    93.898 56802.74813648 22.27 230.902746  65.904394  9.780 -100.00 -100.00 -100.00
 217    85.582 56802.74813707 22.38 230.909106  65.904020 11.306 -100.00 -100.00 -100.00
 217    85.633 56802.74813766 20.03 230.915465  65.903646  7.869 -100.00 -100.00 -100.00
 217    85.371 56802.74813825 20.28 230.921824  65.903272  8.680 -100.00 -100.00 -100.00
 218    94.599 56812.66377965 26.64 230.901089  65.904892 29.171 -100.00 -100.00 -100.00
 218    94.652 56812.66378024 25.50 230.907449  65.904519 26.723 -100.00 -100.00 -100.00
 218    91.058 56812.66378083 19.75 230.913808  65.904145 14.229 -100.00 -100.00 -100.00
 218    87.555 56812.66378143 21.59 230.920167  65.903771 19.665 -100.00 -100.00 -100.00
 218    87.813 56812.66378202 14.08 230.926526  65.903397  6.538 -100.00 -100.00 -100.00
 219    86.085 56822.57941961 15.65 230.904001  65.904559  7.679 -100.00 -100.00 -100.00
 219    85.706 56822.57942020 14.32 230.910361  65.904186  5.923 -100.00 -100.00 -100.00
 219    85.563 56822.57942079 13.41 230.916719  65.903812  4.952 -100.00 -100.00 -100.00
 219    85.437 56822.57942138 12.63 230.923078  65.903438  4.114 -100.00 -100.00 -100.00
 220    28.084 56832.49505518 43.96 230.904696  65.903607 25.324 -100.00 -100.00 -100.00
 220    27.628 56832.49505577 48.44 230.911054  65.903234   -100 -100.00 -100.00 -100.00
 220    27.531 56832.49505636 53.33 230.917413  65.902860 10.546 -100.00 -100.00 -100.00
 220    27.505 56832.49505695 55.37 230.923771  65.902486 32.146 -100.00 -100.00 -100.00
 221    86.176 56842.41068719 19.13 230.903742  65.902724 11.521 -100.00 -100.00 -100.00
 221    85.994 56842.41068778 16.65 230.910100  65.902351  6.656 -100.00 -100.00 -100.00
 221    74.418 56842.41068837 18.47 230.916458  65.901977  9.672 -100.00 -100.00 -100.00
 221    85.243 56842.41068896 17.34 230.922817  65.901604  7.849 -100.00 -100.00 -100.00
 222    86.071 56852.32632696 12.42 230.906267  65.902480  5.279 -100.00 -100.00 -100.00
 222    78.992 56852.32632755 11.77 230.912625  65.902107  4.238 -100.00 -100.00 -100.00
 222    78.636 56852.32632814 11.64 230.918983  65.901734  4.624 -100.00 -100.00 -100.00
 222    77.926 56852.32632873 11.56 230.925342  65.901360  4.976 -100.00 -100.00 -100.00
 223    69.974 56862.24198071 26.64 230.901805  65.903403 29.718 -100.00 -100.00 -100.00
 223    69.499 56862.24198130 26.51 230.908164  65.903030 31.619 -100.00 -100.00 -100.00
 223    68.817 56862.24198189 24.96 230.914522  65.902656 22.477 -100.00 -100.00 -100.00
 223    67.534 56862.24198248 24.04 230.920881  65.902282 23.354 -100.00 -100.00 -100.00
 224    68.418 56872.15763422 26.09 230.901307  65.904506 24.301 -100.00 -100.00 -100.00
 224    75.222 56872.15763481 15.03 230.907666  65.904132  8.220 -100.00 -100.00 -100.00
 224    74.495 56872.15763540 15.36 230.914025  65.903759  8.170 -100.00 -100.00 -100.00
 224    75.824 56872.15763600 15.46 230.920384  65.903385  7.959 -100.00 -100.00 -100.00
 224    73.262 56872.15763659 15.51 230.926743  65.903011  8.552 -100.00 -100.00 -100.00
 225    66.196 56882.07328455 23.84 230.899031  65.905004 17.969 -100.00 -100.00 -100.00
 225    66.411 56882.07328514 23.09 230.905391  65.904631 17.444 -100.00 -100.00 -100.00
 225    69.400 56882.07328573 29.07 230.911751  65.904257   -100 -100.00 -100.00 -100.00
 225    71.286 56882.07328632 23.51 230.918110  65.903883   -100 -100.00 -100.00 -100.00
 225    73.521 56882.07328691 18.83 230.924470  65.903509 20.273 -100.00 -100.00 -100.00
 226   101.309 56891.98893156 28.25 230.899896  65.904597 19.829 -100.00 -100.00 -100.00
 226    74.407 56891.98893215 19.00 230.906256  65.904224 13.983 -100.00 -100.00 -100.00
 226   101.432 56891.98893274 17.71 230.912615  65.903850  9.828 -100.00 -100.00 -100.00
 226   100.422 56891.98893333 15.58 230.918975  65.903476  8.000 -100.00 -100.00 -100.00
 226    66.085 56891.98893392 26.87 230.925334  65.903102 31.627 -100.00 -100.00 -100.00
 227    91.116 56901.90457562 26.27 230.901632  65.903814 20.390 -100.00 -100.00 -100.00
 227    95.073 56901.90457621 24.99 230.907991  65.903441 10.256 -100.00 -100.00 -100.00
 227    91.565 56901.90457680 25.83 230.914351  65.903067   -100 -100.00 -100.00 -100.00
 227    85.300 56901.90457739 12.68 230.920710  65.902693  5.710 -100.00 -100.00 -100.00
 227    83.865 56901.90457798 12.10 230.927069  65.902319  6.206 -100.00 -100.00 -100.00
 228    84.881 56911.82021785 13.49 230.904748  65.904089  5.471 -100.00 -100.00 -100.00
 228    77.259 56911.82021844 13.25 230.911108  65.903715  5.548 -100.00 -100.00 -100.00
 228    78.370 56911.82021903 12.44 230.917468  65.903341  4.222 -100.00 -100.00 -100.00
 228    76.895 56911.82021962 12.12 230.923827  65.902967  4.463 -100.00 -100.00 -100.00
 229    63.622 56921.73585766 24.23 230.899019  65.905640 26.101 -100.00 -100.00 -100.00
 229    65.698 56921.73585825 22.71 230.905379  65.905266 27.720 -100.00 -100.00 -100.00
 229    76.108 56921.73585884 11.50 230.911739  65.904893  5.794 -100.00 -100.00 -100.00
 229    76.947 56921.73585943 11.50 230.918099  65.904519  7.567 -100.00 -100.00 -100.00
 229    73.542 56921.73586002 13.86 230.924458  65.904145 12.259 -100.00 -100.00 -100.00
 230    85.690 56931.65149579 14.41 230.899178  65.907139  5.326 -100.00 -100.00 -100.00
 230    85.419 56931.65149638 15.17 230.905538  65.906766  7.105 -100.00 -100.00 -100.00
 230    85.405 56931.65149697 14.22 230.911898  65.906393  7.035 -100.00 -100.00 -100.00
 230    85.093 56931.65149756 13.09 230.918258  65.906019  5.290 -100.00 -100.00 -100.00
 230    84.631 56931.65149815 11.94 230.924618  65.905645  4.077 -100.00 -100.00 -100.00
 231    74.587 56941.56712873 28.48 230.898603  65.907735 15.223 -100.00 -100.00 -100.00
 231    74.216 56941.56712932 27.01 230.904963  65.907362 13.199 -100.00 -100.00 -100.00
 231    73.882 56941.56712991 26.02 230.911324  65.906989 10.648 -100.00 -100.00 -100.00
 231    73.386 56941.56713050 25.14 230.917684  65.906615 11.452 -100.00 -100.00 -100.00
 231    72.963 56941.56713109 24.11 230.924044  65.906241  9.086 -100.00 -100.00 -100.00
 232    74.563 56951.48277008 28.42 230.895811  65.907323 15.197 -100.00 -100.00 -100.00
 232    74.384 56951.48277067 27.67 230.902172  65.906951 13.944 -100.00 -100.00 -100.00
 232    73.981 56951.48277126 27.46 230.908532  65.906578 14.435 -100.00 -100.00 -100.00
 232    73.640 56951.48277185 25.93 230.914892  65.906205 12.626 -100.00 -100.00 -100.00
 232    73.139 56951.48277244 25.30 230.921252  65.905831 11.373 -100.00 -100.00 -100.00
 233    74.795 56961.39842165 24.98 230.898405  65.905921 12.318 -100.00 -100.00 -100.00
 233    74.419 56961.39842224 24.84 230.904764  65.905548 13.313 -100.00 -100.00 -100.00
 233    73.937 56961.39842283 22.53 230.911124  65.905174  9.445 -100.00 -100.00 -100.00
 233    73.550 56961.39842342 21.76 230.917483  65.904801  7.280 -100.00 -100.00 -100.00
 233    73.225 56961.39842401 21.22 230.923843  65.904427  6.621 -100.00 -100.00 -100.00
 234    74.848 56971.31406834 18.78 230.902211  65.905047  5.514 -100.00 -100.00 -100.00
 234    74.435 56971.31406893 17.73 230.908571  65.904673  5.950 -100.00 -100.00 -100.00
 234    73.205 56971.31406952 24.37 230.914930  65.904300 17.242 -100.00 -100.00 -100.00
 234    73.539 56971.31407011 17.48 230.921290  65.903926  4.160 -100.00 -100.00 -100.00
 235    74.831 56981.22971073 16.25 230.903715  65.904925  4.308 -100.00 -100.00 -100.00
 235    74.323 56981.22971132 15.74 230.910075  65.904552  4.326 -100.00 -100.00 -100.00
 235    73.725 56981.22971191 15.46 230.916435  65.904178  3.626 -100.00 -100.00 -100.00
 235    73.314 56981.22971250 15.09 230.922794  65.903804  3.336 -100.00 -100.00 -100.00
 236    74.712 56991.14534848 16.73 230.903034  65.905008  4.502 -100.00 -100.00 -100.00
 236    74.369 56991.14534907 16.33 230.909394  65.904635  4.439 -100.00 -100.00 -100.00
 236    73.883 56991.14534966 16.05 230.915753  65.904262  3.730 -100.00 -100.00 -100.00
 236    73.320 56991.14535025 16.06 230.922113  65.903888  3.829 -100.00 -100.00 -100.00
 237    74.761 57001.06098010 17.17 230.904711  65.904494  4.103 -100.00 -100.00 -100.00
 237    74.318 57001.06098069 17.06 230.911071  65.904121  4.297 -100.00 -100.00 -100.00
 237    73.900 57001.06098128 16.43 230.917431  65.903748  3.384 -100.00 -100.00 -100.00
 237    73.255 57001.06098187 16.45 230.923791  65.903374  3.454 -100.00 -100.00 -100.00
 238    74.857 57010.97663733 17.37 230.904961  65.903364  4.467 -100.00 -100.00 -100.00
 238    74.226 57010.97663792 17.11 230.911321  65.902990  4.008 -100.00 -100.00 -100.00
 238    73.941 57010.97663851 16.53 230.917681  65.902617  3.756 -100.00 -100.00 -100.00
 238    73.467 57010.97663910 16.49 230.924040  65.902243  3.763 -100.00 -100.00 -100.00
 239    74.826 57020.89228915 16.98 230.904700  65.902548  4.326 -100.00 -100.00 -100.00
 239    74.726 57020.89228974 16.38 230.911059  65.902174  3.605 -100.00 -100.00 -100.00
 239    74.167 57020.89229033 16.29 230.917419  65.901801  3.598 -100.00 -100.00 -100.00
 239    73.244 57020.89229092 16.36 230.923779  65.901427  3.606 -100.00 -100.00 -100.00
 240    75.063 57030.80793787 16.66 230.902486  65.903001  5.300 -100.00 -100.00 -100.00
 240    74.595 57030.80793846 16.70 230.908846  65.902628  5.468 -100.00 -100.00 -100.00
 240    74.153 57030.80793905 16.54 230.915205  65.902254  4.959 -100.00 -100.00 -100.00
 240    73.792 57030.80793964 15.41 230.921565  65.901881  4.206 -100.00 -100.00 -100.00
 241    74.830 57040.72358504 17.22 230.903311  65.903755  6.167 -100.00 -100.00 -100.00
 241    74.314 57040.72358563 16.81 230.909670  65.903382  4.917 -100.00 -100.00 -100.00
 241    74.308 57040.72358622 16.43 230.916030  65.903008  5.023 -100.00 -100.00 -100.00
 241    74.046 57040.72358681 15.74 230.922390  65.902634  3.903 -100.00 -100.00 -100.00
 242    74.876 57050.63922965 16.92 230.899418  65.904783  5.815 -100.00 -100.00 -100.00
 242    74.464 57050.63923024 16.22 230.905778  65.904409  5.292 -100.00 -100.00 -100.00
 242    74.029 57050.63923083 15.65 230.912137  65.904036  5.753 -100.00 -100.00 -100.00
 242    73.687 57050.63923142 15.19 230.918497  65.903662  4.375 -100.00 -100.00 -100.00
 242    72.659 57050.63923201 14.48 230.924856  65.903288  3.868 -100.00 -100.00 -100.00
 243    75.048 57060.55487050 15.80 230.899086  65.904851  5.655 -100.00 -100.00 -100.00
 243    74.363 57060.55487109 14.54 230.905446  65.904478  5.186 -100.00 -100.00 -100.00
 243    73.981 57060.55487168 14.12 230.911805  65.904104  4.748 -100.00 -100.00 -100.00
 243    73.362 57060.55487228 14.41 230.918165  65.903731  4.456 -100.00 -100.00 -100.00
 243    72.998 57060.55487287 14.03 230.924524  65.903357  4.588 -100.00 -100.00 -100.00
 244    74.592 57070.47050630 14.24 230.904658  65.904368  4.831 -100.00 -100.00 -100.00
 244    74.226 57070.47050689 13.87 230.911017  65.903995  4.641 -100.00 -100.00 -100.00
 244    73.518 57070.47050748 13.14 230.917376  65.903622  3.442 -100.00 -100.00 -100.00
 244    73.231 57070.47050807 13.13 230.923735  65.903248  3.705 -100.00 -100.00 -100.00
 245    74.617 57080.38613713 13.49 230.903521  65.904708  5.310 -100.00 -100.00 -100.00
 245    74.414 57080.38613772 12.62 230.909880  65.904335  3.657 -100.00 -100.00 -100.00
 245    73.688 57080.38613831 12.72 230.916239  65.903961  4.167 -100.00 -100.00 -100.00
 245    73.108 57080.38613890 12.35 230.922598  65.903588  3.845 -100.00 -100.00 -100.00
 246    74.668 57090.30177714 13.15 230.900972  65.905898  5.191 -100.00 -100.00 -100.00
 246    74.226 57090.30177773 12.54 230.907332  65.905526  4.407 -100.00 -100.00 -100.00
 246    73.801 57090.30177832 12.37 230.913691  65.905152  3.773 -100.00 -100.00 -100.00
 246    73.380 57090.30177891 12.38 230.920050  65.904779  4.915 -100.00 -100.00 -100.00
 246    72.793 57090.30177950 11.91 230.926410  65.904405  3.963 -100.00 -100.00 -100.00
 247    74.276 57100.21743476 13.30 230.899507  65.907087  5.468 -100.00 -100.00 -100.00
 247    74.013 57100.21743535 12.77 230.905868  65.906713  4.142 -100.00 -100.00 -100.00
 247    73.933 57100.21743594 11.90 230.912227  65.906340  3.822 -100.00 -100.00 -100.00
 247    73.006 57100.21743654 11.90 230.918587  65.905967  3.504 -100.00 -100.00 -100.00
 247    72.113 57100.21743713 11.89 230.924947  65.905593  4.351 -100.00 -100.00 -100.00
 248    74.339 57110.13308955 12.16 230.900482  65.907530  4.821 -100.00 -100.00 -100.00
 248    74.015 57110.13309014 11.84 230.906843  65.907157  4.580 -100.00 -100.00 -100.00
 248    73.436 57110.13309073 11.33 230.913203  65.906783  4.998 -100.00 -100.00 -100.00
 248    73.084 57110.13309132 10.71 230.919563  65.906409  3.520 -100.00 -100.00 -100.00
 248    72.427 57110.13309191 10.50 230.925923  65.906035  3.201 -100.00 -100.00 -100.00
 249    74.224 57120.04873867 13.54 230.899777  65.906880  6.372 -100.00 -100.00 -100.00
 249    74.205 57120.04873926 12.57 230.906138  65.906507  4.808 -100.00 -100.00 -100.00
 249    73.856 57120.04873985 11.75 230.912498  65.906134  4.351 -100.00 -100.00 -100.00
 249    73.220 57120.04874044 11.36 230.918858  65.905760  4.492 -100.00 -100.00 -100.00
 249    72.315 57120.04874103 11.33 230.925217  65.905386  3.782 -100.00 -100.00 -100.00
 250    75.023 57129.96438185 12.29 230.897962  65.905744  5.597 -100.00 -100.00 -100.00
 250    74.565 57129.96438244 12.14 230.904323  65.905371  5.569 -100.00 -100.00 -100.00
 250    74.242 57129.96438303 11.43 230.910683  65.904997  5.095 -100.00 -100.00 -100.00
 250    73.675 57129.96438362 11.56 230.917042  65.904624  5.628 -100.00 -100.00 -100.00
 250    73.514 57129.96438421 10.61 230.923402  65.904250  4.670 -100.00 -100.00 -100.00
