# NaN NaN NaN ;Mean Elev.(m), Avg Gradient(m/km), RMS Gradient(m/km) - SRTM1     
#   17.003  -1.164   9.693 ;Mean Elev.(m), Avg Gradient(m/km), RMS Gradient(m/km) - ASTER GDEM
#   40.011  -1.626   8.986 ;Mean Elev.(m), Avg Gradient(m/km), RMS Gradient(m/km) - GMTED2010 
   1 231.257733  65.718277    30.135    30.135  2 54661.90436488 20.837
   2 231.228700  65.716539    32.436    32.678 12 54671.82000740 23.978
   3 231.230114  65.717786     2.667     2.814 11 54681.73565130  8.981
   4 231.232835  65.718602    28.236    28.488 12 54691.65129410 31.567
   5 231.229858  65.717833     3.172     3.193 12 54701.56693395 15.713
   6 231.229980  65.716303    28.954    29.018 12 54711.48258118 29.213
   7 231.226209  65.714707     9.076     9.171 13 54721.39823187 12.296
   8 231.224446  65.713908    28.458    28.353 12 54731.31388021 33.897
   9 231.226447  65.714604    76.750    77.428 12 54741.22952735  7.881
  10 231.224819  65.715056    66.615    66.457 12 54751.14517410 17.757
  11 231.226350  65.715271    28.380    28.425 12 54761.06082096 37.683
  12 231.227038  65.714490    28.461    28.413 12 54770.97646531 47.186
  13 231.223069  65.713271    31.397    31.433 13 54780.89210602 35.548
  14 231.224122  65.712814    31.453    31.211 12 54790.80774462 28.057
  17 231.228678  65.715384    43.961    40.835 12 54820.55465973 17.309
  18 231.228759  65.715658    52.772    54.296 12 54830.47031195 16.257
  19 231.228939  65.716142    59.120    59.143 12 54840.38595071 14.715
  20 231.229192  65.717292    65.040    65.127 11 54850.30159977 12.945
  21 231.231853  65.718934    64.676    64.652 12 54860.21724866 13.108
  22 231.233289  65.719794    64.861    64.921 11 54870.13289752 12.017
  23 231.232035  65.718618    64.260    64.245 12 54880.04854483 12.169
  24 231.227679  65.715909    63.663    63.369 12 54889.96418861 11.866
  25 231.225477  65.713743    62.924    63.000 13 54899.87982950 11.642
  26 231.223946  65.713674    62.851    62.935 13 54909.79546834 11.358
  27 231.226569  65.715170    62.484    62.353 13 54919.71110636 11.449
  28 231.226600  65.715848    61.798    61.616 12 54929.62674374 10.839
  29 231.227306  65.714780    62.511    62.515 12 54939.54238013 10.925
  30 231.223408  65.712525    28.757    29.057 12 54949.45801440 23.570
  31 231.220968  65.711133    30.759    30.801 13 54959.37365219 39.964
  32 231.223123  65.712136    34.267    34.255 12 54969.28930098 46.661
  33 231.225578  65.714001    29.974    30.001 13 54979.20494870 29.958
  34 231.226320  65.715343    31.117    30.552 13 54989.12059613 24.847
  35 231.228850  65.715710    28.231    28.331 12 54999.03624376 31.008
  36 231.227254  65.715541    28.192    28.266 13 55008.95188921 32.668
  37 231.224570  65.715519    29.931    29.904 12 55018.86753275 26.154
  38 231.227994  65.716943    58.360    54.712 12 55028.78317554 19.330
  39 231.231191  65.718521    29.790    29.029 11 55038.69881776 25.832
  40 231.230484  65.718831    45.875    46.394 11 55048.61445834 20.510
  41 231.228839  65.717081    28.871    28.737 12 55058.53009670 29.640
  42 231.226331  65.714199    53.095    50.495 13 55068.44573506 18.845
  43 231.224132  65.712291    28.339    28.230 13 55078.36138472 34.626
  44 231.221785  65.712496    29.264    29.169 13 55088.27703222 29.281
  45 231.225734  65.714628    28.866    28.948 12 55098.19267889 31.088
  46 231.228227  65.716259    28.580    28.596 12 55108.10832493 34.246
  47 231.228107  65.715654    29.655    28.602 12 55118.02396975 33.729
  48 231.225364  65.713327    29.046    29.102 13 55127.93961193 39.065
  49 231.223711  65.711570    29.155    29.185 13 55137.85525204 44.499
  50 231.221193  65.711779    30.183    30.161 13 55147.77089045 35.313
  51 231.225128  65.714171    30.635    30.721 12 55157.68652890 44.939
  52 231.228912  65.716168    30.989    31.029 12 55167.60216717 38.144
  53 231.230439  65.716583    30.914    30.909 12 55177.51780460 34.297
  54 231.227334  65.715456    31.443    31.680 13 55187.43344819 35.053
  55 231.226580  65.715367    30.967    30.922 13 55197.34909898 29.889
  56 231.225444  65.716545    31.201    31.175 12 55207.26474870 27.758
  57 231.231049  65.718720    32.961    33.961 11 55217.18039853 24.015
  58 231.231775  65.719228    32.543    33.188 11 55227.09604720 21.632
  59 231.229052  65.717378    30.653    30.642 11 55237.01169276 21.986
  60 231.225250  65.714213    30.873    30.856 12 55246.92733472 26.848
  61 231.220809  65.711918    31.294    31.180 13 55256.84297408 26.076
  62 231.221210  65.712403    30.920    30.961 13 55266.75861295 20.075
  63 231.224986  65.714712    31.193    30.615 13 55276.67425155 21.592
  64 231.224853  65.715760    30.773    30.249 12 55286.58988867 20.732
  65 231.225106  65.714734    30.150    30.161 13 55296.50552355 22.774
  66 231.224253  65.712346    30.203    30.243 13 55306.42116382 35.204
  67 231.220593  65.710785    31.542    31.565 12 55316.33681021 38.657
  68 231.219746  65.711575    34.688    34.674 13 55326.25245563 45.963
  69 231.224081  65.714193    27.845    27.979 12 55336.16810054 34.476
  70 231.226235  65.716255    38.641    42.069 12 55346.08374478 20.491
  71 231.225988  65.716584    27.198    27.241 12 55355.99938751 34.113
  72 231.228163  65.716253    30.951    28.209 12 55365.91502841 27.700
  73 231.225940  65.715604    28.719    28.755 12 55375.83066739 29.760
  74 231.227286  65.716130    34.846    34.086 12 55385.74630573 24.435
  75 231.227682  65.716876    27.403    27.247 12 55395.66194310 33.073
  76 231.228561  65.717114    30.177    29.607 12 55405.57758356 24.103
  77 231.225615  65.715833    28.033    27.745 12 55415.49323460 35.400
  78 231.223715  65.713518    33.311    34.099 13 55425.40888248 23.210
  79 231.223889  65.711906    28.849    28.837 13 55435.32452794 28.976
  80 231.220617  65.711965    79.167    79.023 13 55445.24017181  9.558
  81 231.224081  65.713928    29.009    28.972 12 55455.15581548 25.485
  82 231.229351  65.715856    28.460    28.557 12 55465.07145859 26.161
  83 231.224194  65.714977    28.469    28.526 12 55474.98709781 28.409
  84 231.224789  65.712997    28.570    28.651 13 55484.90273447 36.873
  85 231.219249  65.710780    28.770    28.706 13 55494.81836844 36.356
  86 231.223922  65.711599    28.752    28.697 13 55504.73400250 39.822
  87 231.224825  65.714057    28.860    28.826 13 55514.64965261 43.934
  88 231.227747  65.716487    30.102    29.981 12 55524.56530257 27.915
  89 231.229258  65.717352    32.060    29.951 11 55534.48095048 21.300
  90 231.226064  65.716610    30.542    29.626 12 55544.39659597 25.015
  91 231.225308  65.716217    34.395    34.689 12 55554.31223980 23.423
  92 231.229066  65.716985    33.386    33.660 12 55564.22788310 19.862
  93 231.227681  65.717327    32.338    32.973 12 55574.14352532 18.332
  94 231.228690  65.716791    38.092    37.989 12 55584.05916626 17.179
  95 231.226718  65.714954    49.756    54.485 12 55593.97480346 14.265
  96 231.223775  65.712831    49.015    48.822 13 55603.89043723 14.905
  97 231.221657  65.711706    53.976    48.528 13 55613.80606900 13.803
  98 231.221985  65.712135    64.588    64.270 12 55623.72170655 11.699
  99 231.223529  65.713592    64.014    63.850 13 55633.63735942 11.780
 100 231.225102  65.714337    63.749    64.355 13 55643.55301001 10.956
 101 231.224841  65.713996    63.951    64.303 13 55653.46865753 10.555
 102 231.224090  65.712787    58.088    59.702 13 55663.38430059 11.550
 103 231.220891  65.712063    57.274    61.663 13 55673.29994048 10.811
 104 231.223090  65.712854    57.441    61.582 13 55683.21557944 10.523
 105 231.224048  65.714360    29.912    29.869 12 55693.13121695 30.190
 106 231.226210  65.715719    33.996    34.015 12 55703.04685304 44.113
 107 231.227723  65.716365    37.585    36.319 12 55712.96249732 22.081
 108 231.230540  65.716684    35.677    33.981 12 55722.87814695 24.291
 109 231.227964  65.716633    33.446    29.967 12 55732.79379406 22.479
 110 231.226790  65.716751    28.395    28.323 12 55742.70944004 30.673
 111 231.225824  65.716553    29.555    29.486 12 55752.62508468 26.968
 112 231.227206  65.715632    29.769    29.377 13 55762.54072720 28.333
 113 231.224828  65.713982    28.204    28.232 12 55772.45636654 31.448
 114 231.222283  65.712353    28.750    28.729 12 55782.37200238 30.808
 115 231.223965  65.712280    29.224    29.152 13 55792.28763610 28.948
 116 231.221721  65.712666    74.847    76.882 13 55802.20326966 15.554
 117 231.224208  65.713846    73.504    75.433 12 55812.11892001  6.736
 118 231.225950  65.714057    27.934    27.865 13 55822.03456864 34.372
 119 231.223099  65.713074    73.536    74.154 13 55831.95021200 10.459
 120 231.222378  65.712154    28.688    28.679 13 55841.86585105 34.072
 121 231.222684  65.712214    28.747    28.600 13 55851.78148714 35.140
 122 231.224251  65.713568    28.133    28.027 13 55861.69712127 37.874
 123 231.227723  65.715572    29.775    29.735 12 55871.61277561 41.733
 133 231.222288  65.712989    30.927    30.950 13 55970.76921438 31.562
 134 231.224849  65.714467    30.717    30.743 12 55980.68485083 29.707
 135 231.226685  65.714592    30.672    30.708 13 55990.60048607 28.763
 136 231.224741  65.713581    30.814    30.712 13 56000.51613060 27.753
 137 231.221166  65.712221    30.969    30.876 13 56010.43178068 29.199
 138 231.222760  65.712280    30.849    30.855 12 56020.34742734 28.388
 139 231.224870  65.713621    30.064    29.975 13 56030.26307115 29.331
 141 231.228488  65.716681    80.494    80.618 11 56050.09435278  2.238
 142 231.231267  65.716963    32.780    32.743 12 56060.00998992 28.272
 143 231.225365  65.715599    82.021    82.537 12 56069.92562528 16.626
 144 231.224674  65.715611    28.798    28.704 12 56079.84127619 29.111
 145 231.227151  65.716536    28.375    28.379 12 56089.75692468 29.187
 146 231.230388  65.717680    28.407    28.124 12 56099.67257077 31.182
 147 231.231325  65.717258    28.790    28.741 12 56109.58820255 26.054
 148 231.227782  65.714904    29.337    29.465 12 56119.50384242 23.884
 149 231.221346  65.711967    73.221    73.895 13 56129.41947834  9.096
 150 231.219900  65.710836    28.873    28.875 13 56139.33511156 29.940
 151 231.222027  65.712639    28.834    28.756 13 56149.25076112 32.189
 152 231.225877  65.715076    28.734    28.751 13 56159.16641067 29.849
 153 231.228048  65.715932    28.456    28.392 12 56169.08205873 33.802
 154 231.224384  65.714292    74.847    75.563 12 56178.99770291  7.271
 155 231.222131  65.712350    28.647    28.618 12 56188.91334290 32.892
 156 231.220716  65.711766    69.935    67.467 13 56198.82897976 12.753
 157 231.225023  65.713647    70.553    68.994 13 56208.74461447 14.504
 158 231.229632  65.716165    30.002    28.708 12 56218.66024750 32.769
 159 231.228728  65.717515    28.784    28.811 12 56228.57589365 45.707
 160 231.230731  65.717358    30.243    30.187 12 56238.49154778 32.635
 161 231.230132  65.716413    31.498    30.498 12 56248.40719777 22.539
 162 231.227049  65.715651    32.935    33.986 13 56258.32284264 21.420
 163 231.228399  65.716519    42.364    41.870 12 56268.23848489 18.735
 164 231.228165  65.717187    52.199    56.692 12 56278.15412529 18.460
 165 231.228993  65.717183    58.424    60.593 11 56288.06977441 16.987
 166 231.225076  65.714919    55.002    58.253 12 56297.98542299 16.889
 167 231.223847  65.712564    51.008    49.259 12 56307.90106787 16.888
 168 231.222189  65.711614    50.674    50.087 12 56317.81671008 16.973
 169 231.223085  65.713272    52.117    53.132 12 56327.73235127 15.985
 170 231.227547  65.715595    43.558    39.892 12 56337.64799181 15.940
 171 231.228773  65.716233    52.409    51.224 12 56347.56363019 15.291
 172 231.226038  65.714435    45.641    45.705 13 56357.47926545 15.994
 173 231.223769  65.712598    58.218    64.635 13 56367.39491409 14.190
 176 231.227782  65.717344    62.477    65.560 12 56397.14185206 12.376
 178 231.230884  65.718102    57.532    66.024 12 56416.97313107 11.113
 179 231.227805  65.716001    29.920    29.914 12 56426.88876346 36.869
 180 231.226192  65.715270    81.894    81.156 13 56436.80441476 27.000
 181 231.227248  65.716009    40.345    42.215 12 56446.72006649 26.002
 182 231.230776  65.717428    27.842    27.946 12 56456.63571617 30.761
 183 231.228327  65.717099    30.710    28.299 12 56466.55136207 27.086
 184 231.226732  65.715266    31.442    29.940 13 56476.46700403 28.155
 185 231.221842  65.712556    68.068    66.787 13 56486.38264206 13.498
 187 231.222094  65.712709    77.942    78.684 13 56506.21391235  8.823
 188 231.227817  65.714919    28.294    28.159 12 56516.12954694 29.653
 189 231.225712  65.715764    67.296    66.114 12 56526.04520142 14.650
 190 231.227072  65.715124    67.733    68.423 13 56535.96085208 13.486
 192 231.224911  65.713481    29.277    28.779 12 56555.79214261 28.934
 193 231.227008  65.715225    28.702    28.701 13 56565.70778561 33.294
 194 231.227221  65.717440    28.614    28.531 12 56575.62342709 29.320
 195 231.231832  65.718817    66.138    65.209 12 56585.53906581 15.695
 196 231.229870  65.717899    28.692    28.736 11 56595.45470281 30.712
 197 231.226087  65.716495    28.443    28.430 12 56605.37035498 43.428
 198 231.225952  65.715678    75.753    75.503 12 56615.28600270 18.274
 199 231.225163  65.715716    29.046    29.092 12 56625.20164672 43.804
 200 231.229472  65.716349    29.602    29.642 12 56635.11728847 28.011
 201 231.227209  65.715878    30.684    30.660 12 56645.03292637 39.993
 202 231.224218  65.714702    31.229    31.262 12 56654.94857878 39.823
 203 231.222596  65.713171    34.365    30.836 13 56664.86422701 30.388
 205 231.224299  65.713779    31.649    30.853 12 56684.69551754 23.209
 206 231.225732  65.715257    30.852    30.836 12 56694.61116029 22.872
 207 231.229938  65.716086    30.410    30.281 12 56704.52679882 22.050
 208 231.226876  65.714918    31.202    30.603 12 56714.44243122 19.593
 209 231.226320  65.714273    36.355    32.951 12 56724.35808195 20.445
 210 231.225285  65.714559    32.856    32.844 12 56734.27373205 18.452
 211 231.229997  65.716626    29.981    29.902 12 56744.18937939 19.860
 212 231.228887  65.718107    37.421    35.549 12 56754.10502189 15.753
 213 231.230952  65.718578    66.802    67.210 11 56764.02065919  5.911
 214 231.230773  65.717569    29.846    29.786 12 56773.93629422 31.006
 215 231.226080  65.716637    30.454    30.401 12 56783.85195099 34.864
 216 231.229779  65.716757    78.057    77.325 12 56793.76760491 19.484
 217 231.230490  65.717028    37.629    30.507 12 56803.68325540 26.704
 218 231.226661  65.716495    28.923    28.929 12 56813.59889785 24.768
 219 231.227135  65.715621    30.242    29.677 12 56823.51453718 25.605
 220 231.224496  65.714166    28.438    28.485 12 56833.43017210 31.168
 221 231.222577  65.713085    30.170    29.597 12 56843.34580368 25.873
 222 231.222768  65.713340    28.380    28.534 12 56853.26144542 34.079
 223 231.224622  65.714470    28.468    28.329 13 56863.17709966 32.307
 224 231.224824  65.715331    27.952    27.806 12 56873.09275318 33.670
 225 231.225470  65.715570    28.794    28.795 12 56883.00840357 30.555
 226 231.225286  65.715422    28.266    28.408 12 56892.92405040 33.860
 227 231.226503  65.715537    69.711    67.899 12 56902.83969420 11.460
 228 231.225321  65.716435    28.678    28.617 12 56912.75533586 27.818
 229 231.231965  65.718010    28.534    28.509 12 56922.67097660 33.439
 230 231.230248  65.718494    28.330    28.211 11 56932.58661419 28.831
 231 231.228028  65.717782    29.045    28.376 12 56942.50224642 35.900
 232 231.227789  65.716889    28.041    28.015 12 56952.41789030 34.731
 233 231.228982  65.716484    28.132    28.136 12 56962.33354120 43.692
 234 231.226894  65.716416    29.376    29.335 12 56972.24918694 40.057
 235 231.231279  65.716877    29.960    29.916 12 56982.16482913 40.738
 236 231.226597  65.715875    29.505    29.478 12 56992.08046593 35.133
 237 231.224762  65.714127    30.059    30.024 13 57001.99609914 36.584
 238 231.223401  65.713243    30.345    30.467 13 57011.91175630 35.452
 239 231.224325  65.713217    30.433    30.507 12 57021.82740793 32.580
 240 231.225024  65.714446    30.295    30.248 12 57031.74305675 29.406
 241 231.227416  65.715734    30.688    30.133 13 57041.65870371 25.768
 242 231.227771  65.716127    29.650    29.701 12 57051.57434834 21.787
 243 231.226044  65.715177    29.561    29.747 12 57061.48998848 22.530
 244 231.224918  65.714352    33.556    30.306 13 57071.40562322 16.686
 245 231.227084  65.714765    29.525    29.473 12 57081.32125410 20.716
 246 231.225493  65.716303    29.548    29.414 12 57091.23689707 20.413
 247 231.231696  65.718765    29.707    28.936 11 57101.15255528 18.927
 248 231.232557  65.719279    28.531    28.773 12 57111.06820967 18.655
 249 231.229049  65.717759    29.229    29.077 12 57120.98385785 16.955
 250 231.225675  65.715947    35.052    28.819 12 57130.89950031 19.868
