# NaN NaN NaN ;Mean Elev.(m), Avg Gradient(m/km), RMS Gradient(m/km) - SRTM1     
#   84.500  -4.097  12.171 ;Mean Elev.(m), Avg Gradient(m/km), RMS Gradient(m/km) - ASTER GDEM
#   90.664  -3.548  11.916 ;Mean Elev.(m), Avg Gradient(m/km), RMS Gradient(m/km) - GMTED2010 
   1 235.938114  63.879163   194.113   194.154  7 54668.93461349  5.952
   2 235.932167  63.880952   193.188   193.330  9 54678.85025700  4.974
   4 235.881050  63.894330   281.376   281.349 12 54698.68153524  1.810
   5 235.864616  63.896914   308.999   308.917  5 54708.59717683  0.418
  10 235.945724  63.875730   194.895   194.850  6 54758.17542832 11.087
  11 235.941619  63.876908   193.959   193.856  6 54768.09107256 11.021
  12 235.947936  63.874660   195.024   195.124  6 54778.00671471  5.589
  13 235.949575  63.873016   197.326   195.298  6 54787.92235400  5.319
  14 235.951211  63.872581   163.208   162.652  5 54797.83799221  5.404
  17 235.909876  63.885946   166.683   166.728 17 54827.58491283  6.139
  18 235.935548  63.880093   164.522   164.310  8 54837.50055477  6.019
  19 235.938203  63.878851   162.570   162.953  8 54847.41620452  6.116
  20 235.939102  63.878716   205.733   206.031  8 54857.33185338  3.640
  21 235.934780  63.880395   205.130   205.200  9 54867.24750164  3.462
  22 235.933515  63.880727   204.574   204.769  9 54877.16314964  3.675
  23 235.938330  63.878847   207.203   207.159  7 54887.07879538  2.445
  24 235.947381  63.874963   214.858   214.179  6 54896.99443830  1.925
  25 235.950569  63.872709   217.557   216.519  5 54906.91007795  1.619
  26 235.951088  63.872613   222.601   222.539  6 54916.82571603  1.503
  27 235.947622  63.874453   221.397   221.353  5 54926.74135346  0.884
  29 235.942212  63.877169   222.829   222.882  7 54946.57262545  1.594
  30 235.941744  63.876959   194.804   194.936  6 54956.48825860 17.084
  35 235.920743  63.882539   287.570   287.570  2 55006.06649388  0.485
  36 235.934184  63.880021   298.951   298.862  6 55015.98213921  1.498
  38 235.876634  63.892250   279.636   280.205  4 55035.81341747  0.656
  39 235.907780  63.886876   194.527   194.778 18 55045.72906207  6.649
  40 235.906815  63.887041   194.823   194.838 17 55055.64470148  6.584
  41 235.935276  63.880075   194.347   193.873  9 55065.56034190  5.639
  42 235.944382  63.876162   195.044   195.026  6 55075.47599154  5.777
  43 235.947780  63.874209   195.865   195.912  6 55085.39163987  5.415
  44 235.948062  63.874279   196.271   196.197  6 55095.30728605  3.483
  45 235.948134  63.874748   195.644   195.491  5 55105.22293196  6.448
  46 235.946123  63.875146   194.710   194.781  5 55115.13857742  9.496
  47 235.948393  63.874012   194.737   194.881  5 55125.05422099  9.951
  48 235.950446  63.873021   194.804   195.317  5 55134.96986189 10.947
  49 235.948697  63.873361   171.647   167.324  5 55144.88550023  2.789
  50 235.947182  63.874801   157.796   160.748  5 55154.80113789  5.306
  51 235.942325  63.877181   162.413   162.407  6 55164.71677548  3.923
  52 235.933863  63.880350   164.727   164.668  8 55174.63241248  3.099
  53 235.912568  63.885160   162.664   162.074 15 55184.54804983  5.080
  54 235.932122  63.880935   164.666   164.841  9 55194.46370320  3.654
  55 235.934498  63.880409   163.697   164.064  9 55204.37935334  4.288
  56 235.910963  63.885630   164.028   165.381 17 55214.29499991  4.920
  57 235.910244  63.885780   162.840   164.392 17 55224.21064849  4.785
  58 235.939098  63.878665   163.373   163.620  7 55234.12629867  3.538
  59 235.948378  63.874567   159.396   159.462  6 55244.04194358  3.951
  60 235.951382  63.872097   209.983   209.740  5 55253.95758475  0.636
  62 235.947166  63.874655   171.972   177.573  5 55273.78886084  3.483
  63 235.943185  63.876934   212.280   212.105  6 55283.70449775  0.277
  66 235.949211  63.872862   308.403   308.402  5 55313.45141934  3.026
  70 235.937023  63.879097   195.087   195.299  7 55353.11399472  7.221
  71 235.941472  63.878027   194.600   194.172  7 55363.02963664  6.317
  72 235.938599  63.878832   197.042   197.198  7 55372.94527588  4.684
  74 235.867367  63.895510   281.595   281.595  2 55392.77654375  0.188
  75 235.883582  63.893053   293.244   293.206 11 55402.69218147  2.187
  76 235.912124  63.885314   195.729   195.738 17 55412.60783646  3.734
  77 235.944847  63.875766   195.455   195.380  6 55422.52348960  4.797
  78 235.950402  63.872418    98.742   106.084  6 55432.43913700 16.367
  79 235.950903  63.872498   196.748   196.689  5 55442.35478162  6.483
  80 235.947025  63.874869    80.671    80.639  6 55452.27042410 41.516
  81 235.941130  63.877617   195.932   195.796  6 55462.18606556  5.787
  83 235.948171  63.874275   195.525   195.733  5 55482.01734474  8.070
  84 235.951378  63.872459   195.449   195.420  6 55491.93298067  7.783
  85 235.948274  63.874306   194.568   194.686  6 55501.84861399  9.428
  86 235.939910  63.878113   193.946   194.480  7 55511.76425757  5.851
  87 235.919592  63.883722   165.579   166.818 14 55521.67990490  6.385
  88 235.912581  63.885238   168.781   168.628 16 55531.59555258  4.558
  89 235.936647  63.879407   195.410   193.865  8 55541.51120208  5.752
  90 235.942209  63.877546   196.142   194.488  7 55551.42684742  5.562
  91 235.938003  63.878893   199.730   201.191  7 55561.34249007  5.724
  92 235.908568  63.886143   197.867   196.790 17 55571.25812911  2.642
  93 235.906757  63.887033   191.865   191.785 18 55581.17377008  3.183
  94 235.935140  63.879950   202.789   205.035  8 55591.08941144  2.576
  95 235.946086  63.875372   207.037   207.209  5 55601.00504781  5.051
  96 235.949804  63.873275   207.157   207.256  6 55610.92068115  3.740
  97 235.945786  63.875313   207.414   207.480  5 55620.83631242  2.974
  98 235.941421  63.877823   207.293   207.398  7 55630.75196455  3.095
  99 235.935195  63.880072   206.760   206.510  9 55640.66761474  2.379
 100 235.938679  63.878313   223.205   223.181  7 55650.58326355  2.115
 101 235.950277  63.873402   229.392   229.380  5 55660.49890978  1.357
 102 235.951140  63.871738   233.363   233.289  6 55670.41455129  1.449
 104 235.940608  63.877988    79.970    79.948  7 55690.24582665 39.146
 105 235.905524  63.887493   288.004   287.945 18 55700.16145852 12.186
 106 235.897336  63.889702   281.479   281.906 15 55710.07709677  4.075
 107 235.874113  63.892764   276.403   275.549  4 55719.99274456  1.769
 108 235.938381  63.879094   194.804   194.818  7 55729.90839956  9.036
 109 235.937080  63.879430   194.863   194.623  7 55739.82404607  8.352
 110 235.930806  63.881314   142.938   142.739 10 55749.73969079 24.269
 111 235.930426  63.881471   193.954   193.946  9 55759.65533384  4.222
 112 235.939828  63.878543   194.918   195.064  7 55769.57097521  9.313
 113 235.948120  63.874883   195.386   195.241  6 55779.48661324  7.305
 117 235.937063  63.879698   193.988   193.868  8 55819.14917446  9.815
 118 235.927408  63.881334   279.036   279.781  5 55829.06481793  1.066
 120 235.947418  63.874241   194.575   194.611  5 55848.89609753 14.515
 121 235.945780  63.875632   194.711   195.093  6 55858.81173233  9.945
 122 235.938379  63.879199   193.716   193.608  8 55868.72737944 10.020
 123 235.907445  63.887157   169.522   169.056 18 55878.64302752  5.934
 133 235.947565  63.874653   162.102   160.170  6 55977.79946083  5.297
 134 235.941266  63.877698   164.244   162.168  7 55987.71509621  5.361
 135 235.934223  63.880069   206.556   206.320  8 55997.63073494  2.253
 136 235.940797  63.877730   216.412   216.169  6 56007.54638714  2.305
 137 235.946024  63.875108   213.879   214.022  5 56017.46203503  0.820
 141 235.880884  63.891939   274.558   276.403  8 56057.12459262  2.315
 142 235.902702  63.888800   288.054   287.479 17 56067.04022831  5.290
 143 235.893201  63.889795   282.374   282.602 13 56076.95587597  3.231
 144 235.873322  63.892771   278.455   279.838  3 56086.87152284  2.310
 146 235.933667  63.880224   193.943   194.045  8 56106.70282039  6.422
 147 235.940768  63.878031   194.425   194.504  7 56116.61845122  6.411
 149 235.944234  63.875978   194.693   194.810  6 56136.44972353  5.831
 150 235.945845  63.875488   194.853   194.800  6 56146.36536743  4.519
 151 235.952901  63.874426    80.163    80.163  4 56156.28101761 54.354
 152 235.943373  63.876896   194.574   194.560  6 56166.19666502  6.918
 153 235.943093  63.876951   194.773   194.523  7 56176.11231115 12.622
 154 235.936969  63.877793   293.860   293.865  4 56186.02795171  1.187
 156 235.943693  63.876557    79.672    79.624  7 56205.85922441 40.688
 157 235.933347  63.880449    78.982    78.977  8 56215.77485622 53.113
 158 235.905003  63.888006   173.007   174.485 18 56225.69049234  4.080
 159 235.904719  63.888156   157.737   157.397 18 56235.60614772 10.965
 160 235.907104  63.886913   168.657   167.949 18 56245.52179957  6.089
 161 235.923667  63.882819   166.713   165.982 11 56255.43744785  6.892
 162 235.921917  63.883219   164.421   165.668 13 56265.35309008  6.798
 165 235.944401  63.876623   165.185   162.194  6 56295.10002942  5.188
 166 235.949176  63.873478   158.936   158.971  6 56305.01567651  5.158
 167 235.950811  63.872455   161.921   158.704  6 56314.93131955  4.280
 168 235.948527  63.874139   206.342   206.351  5 56324.84696011  3.985
 169 235.942422  63.877217   204.732   206.001  6 56334.76259946  2.864
 170 235.937077  63.879027   192.581   192.394  7 56344.67823813  3.018
 171 235.942572  63.877502   206.159   206.337  7 56354.59387575  1.979
 172 235.945570  63.875535   207.212   206.705  6 56364.50952091  1.383
 173 235.948262  63.874422   206.182   206.039  5 56374.42517021  1.380
 175 235.938358  63.879201   217.901   219.320  8 56394.25645873  0.853
 176 235.899069  63.888108   203.083   202.112 10 56404.17209633  0.972
 178 235.906411  63.886905   194.050   192.420 17 56424.00337016  7.332
 179 235.916617  63.884374   292.541   293.482 15 56433.91901646  5.684
 180 235.917355  63.883668   289.346   289.537  3 56443.83466884  0.850
 181 235.930344  63.881347   194.522   194.485  9 56453.75031997  8.884
 182 235.936421  63.879457   196.633   195.873  7 56463.66596772  6.552
 184 235.948436  63.873506   194.978   194.973  5 56483.49725315  8.566
 185 235.949617  63.873056   127.291   127.371  6 56493.41289008 29.614
 187 235.913647  63.885005    80.593    80.649 15 56513.24415295 53.443
 188 235.916253  63.884947   196.227   195.257 14 56523.15980232  2.155
 191 235.948595  63.874231   195.754   195.756  5 56552.90675116  4.336
 194 235.902376  63.889419   194.110   193.754 18 56582.65366939  5.975
 195 235.918939  63.886133   194.525   193.128 13 56592.56930625  6.481
 196 235.913618  63.885035   191.334   191.823 16 56602.48495689  9.524
 197 235.936861  63.879008   156.907   157.375  7 56612.40060889  8.949
 198 235.937051  63.879521   163.894   163.999  8 56622.31625380  6.841
 199 235.907588  63.886267   166.975   166.403 17 56632.23189252  7.211
 200 235.906825  63.886659   166.457   166.654 17 56642.14753008  6.726
 201 235.941102  63.877610   160.312   162.064  6 56652.06318328 10.096
 202 235.948752  63.873428   162.168   158.966  6 56661.97883406  6.118
 203 235.951544  63.871909   157.250   157.351  5 56671.89448124  6.294
 205 235.940542  63.878179   206.579   206.780  7 56691.72576794  2.409
 206 235.928359  63.881880   184.210   184.672 11 56701.64140582  5.407
 207 235.935845  63.879614   182.436   182.553  8 56711.55704111  5.756
 208 235.946964  63.875555   162.879   161.486  6 56721.47268736  5.838
 211 235.906522  63.886875   196.150   195.855 17 56751.21962575  3.493
 212 235.902598  63.889336   192.044   192.026 18 56761.13526366  3.894
 213 235.900262  63.889766   118.164   119.023 18 56771.05089524 11.082
 214 235.933718  63.880574   296.982   296.927  8 56780.96655332  5.218
 215 235.930064  63.879345   296.347   296.347  2 56790.88220796  0.395
 216 235.942876  63.876462   194.836   194.919  6 56800.79786119 13.186
 219 235.942469  63.877010   195.568   196.018  6 56830.54478237 10.914
 221 235.949105  63.874128   195.869   195.877  5 56850.37605129  4.798
 222 235.945602  63.875543   195.471   195.230  6 56860.29170525  4.996
 223 235.929676  63.880466   220.837   231.882  3 56870.20735697  4.488
 224 235.932896  63.880513   193.123   192.659  8 56880.12300821  6.066
 225 235.941891  63.877623   194.966   195.009  7 56890.03865664  6.173
 226 235.948248  63.874490   194.707   194.235  5 56899.95430207  7.307
 227 235.949669  63.873986   194.953   194.751  5 56909.86994471  6.413
 228 235.940888  63.877616   194.843   194.711  6 56919.78558441  5.236
 229 235.906334  63.887275   194.872   193.611 18 56929.70121914  4.329
 230 235.901491  63.889937   190.717   190.835 18 56939.61685254  6.682
 231 235.905763  63.888775   198.040   198.056 16 56949.53248974  2.645
 232 235.929492  63.881567   192.855   193.756  9 56959.44814496 10.144
 233 235.940401  63.877830   192.005   192.155  7 56969.36379356  7.933
 234 235.942077  63.877623   168.176   169.963  7 56979.27943705  7.817
 235 235.933468  63.880384   166.796   165.039  8 56989.19507488  4.808
 236 235.910877  63.885631   167.807   167.781 17 56999.11070495  4.903
 237 235.940624  63.878267   166.977   163.335  7 57009.02635985  5.285
 238 235.949171  63.874474   161.778   159.899  5 57018.94201359  5.469
 239 235.948150  63.873807   204.156   206.031  6 57028.85766314  2.881
 240 235.948914  63.874498   162.166   160.478  5 57038.77331111  5.115
 241 235.941652  63.877560   206.064   206.106  6 57048.68895578  2.411
 242 235.934372  63.880205   179.654   182.456  8 57058.60459659  4.162
 243 235.934562  63.880226   170.888   170.659  8 57068.52023263  4.061
 244 235.936822  63.879638   185.610   185.487  8 57078.43586458  4.117
 245 235.925612  63.882373   195.986   198.931 11 57088.35149806  1.130
 246 235.903302  63.887202   199.231   198.406 15 57098.26715401  1.133
 247 235.894968  63.889790   198.853   196.845 14 57108.18280846  0.763
 248 235.884337  63.892100   204.361   201.545 10 57118.09845761  0.382
 250 235.936151  63.879674   193.779   193.838  7 57137.92974639  9.625
