# NaN NaN NaN ;Mean Elev.(m), Avg Gradient(m/km), RMS Gradient(m/km) - SRTM1     
#  104.234  -6.782  10.204 ;Mean Elev.(m), Avg Gradient(m/km), RMS Gradient(m/km) - ASTER GDEM
#  121.124  -6.909   8.518 ;Mean Elev.(m), Avg Gradient(m/km), RMS Gradient(m/km) - GMTED2010 
   2 237.579274  62.139914   110.555   110.360 11 54672.91732834 22.925
   4 237.587186  62.139839   110.424   111.202 10 54692.74861498 22.276
   5 237.582318  62.141584    -0.288    -0.288  2 54702.66425426  0.737
   6 237.580583  62.140025   108.553   108.464 11 54712.57990311 53.034
   7 237.573490  62.139424    11.967    12.010 11 54722.49555351  3.812
   8 237.565147  62.139713   168.642   173.874 10 54732.41120115  8.634
   9 237.565759  62.139340   107.933   107.878  9 54742.32684803 54.378
  10 237.567181  62.139448   107.876   107.865 10 54752.24249471 53.770
  11 237.567250  62.139484   107.683   107.663  9 54762.15814097 41.891
  12 237.564800  62.139157   159.157   157.017  9 54772.07378459 21.053
  13 237.561210  62.139350   158.010   155.660 10 54781.98942508 23.906
  17 237.579993  62.139317   163.704   169.821 11 54821.65198147  7.590
  20 237.573262  62.139739   108.362   108.349 10 54851.39892075 13.973
  21 237.590415  62.135978   111.899   108.589  6 54861.31457127 11.886
  22 237.586677  62.137606   108.176   108.197  9 54871.23021929 11.850
  23 237.575218  62.139691   107.923   107.932 10 54881.14586498 11.363
  24 237.578710  62.136225   107.936   107.936  6 54891.06150941 11.834
  28 237.590311  62.133995   107.921   107.921  2 54930.72406590 10.839
  30 237.568332  62.139653   108.202   108.139 10 54950.55533390 19.611
  31 237.566143  62.139077   242.934   243.189 10 54960.47097379  9.587
  32 237.564843  62.139533   110.183   110.221  9 54970.38662226 52.042
  33 237.568501  62.140029   110.250   110.236 10 54980.30226993 53.348
  34 237.574857  62.139639   156.344   153.952 11 54990.21791765 27.086
  35 237.575132  62.139451   111.055   111.047 11 55000.13356466 45.659
  36 237.573052  62.139533   168.961   173.651 11 55010.04920966 13.326
  37 237.572200  62.139511   247.778   247.653 10 55019.96485320  3.363
  39 237.579306  62.140107   109.515   109.525 11 55039.79613807 52.555
  40 237.585807  62.139650   110.257   110.274 11 55049.71177927 23.735
  41 237.580409  62.140597   108.680   108.700 10 55059.62741711 54.476
  42 237.573723  62.139940   162.766   159.440 11 55069.54305678 26.993
  43 237.563885  62.139434   108.876   108.701  9 55079.45870554 26.607
  44 237.560340  62.139342   109.455   109.422  9 55089.37435273 46.678
  45 237.563403  62.139659   108.629   108.587 10 55099.28999918 54.436
  46 237.582228  62.136092   291.802   291.863  5 55109.20564695  2.273
  47 237.569572  62.139662   157.471   156.266 10 55119.12128975 27.941
  48 237.564207  62.139189   158.081   157.649  9 55129.03693123 26.830
  49 237.555831  62.139566   157.726   157.026  9 55138.95257032 24.517
  50 237.558979  62.139195   156.167   153.690  9 55148.86820927 19.950
  51 237.571163  62.138825   157.601   154.240 10 55158.78384871 22.067
  52 237.579247  62.139610   167.175   167.161 12 55168.69948738  4.919
  53 237.583903  62.139614   169.644   170.970 11 55178.61512496  5.234
  54 237.579371  62.139538   168.372   169.804 11 55188.53077010  5.632
  55 237.574957  62.139270   163.080   163.922 10 55198.44642047  6.572
  58 237.580414  62.139224   189.102   192.317 11 55228.19336830  3.556
  59 237.573512  62.139580   108.155   108.152 11 55238.10901304 15.574
  62 237.558000  62.139020   107.750   107.718  9 55267.85593185 14.970
  63 237.565520  62.139167   107.879   107.883 10 55277.77157093 13.460
  64 237.571754  62.139613   107.948   107.936 10 55287.68720866 12.904
  65 237.574406  62.139685   108.110   108.152 10 55297.60284374  7.279
  66 237.567987  62.139561   229.510   228.539 10 55307.51848515  1.692
  67 237.560370  62.139394   250.719   250.618 10 55317.43413100  4.550
  68 237.561479  62.138943   257.227   256.992  9 55327.34977646  1.889
  69 237.568127  62.139227   108.747   108.692 10 55337.26542142 51.355
  70 237.575874  62.139476   109.268   109.253 10 55347.18106601 53.045
  72 237.576328  62.139930   109.339   109.014 11 55367.01234871 44.732
  73 237.578803  62.138767   290.043   290.208 10 55376.92798800  0.519
  74 237.577041  62.139994   173.027   177.311 11 55386.84362581 13.938
  75 237.583575  62.139604   242.512   242.453 11 55396.75926370  1.587
  76 237.585153  62.139892   288.204   288.242 11 55406.67490617  1.685
  77 237.578861  62.139741   113.310   108.995 11 55416.59055689 25.921
  78 237.567730  62.139660   163.392   163.800 10 55426.50620377 15.341
  79 237.560899  62.139203   238.061   238.374  9 55436.42184834  7.588
  80 237.560062  62.139146   239.277   239.629  9 55446.33749201  5.946
  81 237.563513  62.139634   154.878   156.496  9 55456.25313540 26.012
  82 237.569921  62.139611   160.278   161.356 10 55466.16877840 27.780
  83 237.571941  62.139484   107.617   107.521 10 55476.08441793 40.749
  84 237.566971  62.139892   107.599   107.581 10 55486.00005361 48.704
  85 237.565179  62.139278   107.126   107.118 10 55495.91568762 40.448
  86 237.567925  62.139436   106.741   106.740  9 55505.83132265 36.053
  87 237.571538  62.139741   158.213   155.461 11 55515.74697356 22.695
  88 237.576379  62.140207   161.570   161.958 11 55525.66262367 15.111
  89 237.579298  62.139856   150.095   153.245 11 55535.57827171 11.322
  90 237.577470  62.139562   153.778   154.177 10 55545.49391720 10.987
  91 237.573723  62.139834   144.975   150.190 11 55555.40956055 12.280
  92 237.572852  62.140238   161.536   159.097  9 55565.32520316  8.132
  93 237.578991  62.139170   107.500   107.469 11 55575.24084593 24.326
  94 237.575570  62.139925   164.873   166.289 11 55585.15648596  6.354
  95 237.570652  62.140329   162.287   164.306 10 55595.07212257  5.217
  97 237.574975  62.137982   106.974   106.991  7 55614.90338898 17.149
  98 237.583760  62.136179   108.115   108.009  6 55624.81902976 12.079
  99 237.585586  62.135713   108.605   107.569  5 55634.73468252 11.226
 100 237.570782  62.139759   106.978   106.969 10 55644.65033108 11.548
 101 237.581491  62.135999   107.239   107.307  5 55654.56598002  8.138
 104 237.567407  62.139293   107.659   107.467 10 55684.31289960 27.515
 105 237.575254  62.139196   110.912   110.510 11 55694.22853734 33.520
 106 237.581981  62.139682   248.913   248.871 11 55704.14417351  5.348
 107 237.585974  62.139053   121.931   124.936 11 55714.05981985 22.274
 108 237.582507  62.139204   109.676   109.672 11 55723.97546856 52.805
 109 237.580878  62.139008   110.037   109.684 11 55733.89111559 47.519
 110 237.577584  62.139781   172.395   174.370 11 55743.80676114 11.310
 111 237.571446  62.141250   109.245   109.190  9 55753.72240493 55.414
 112 237.558903  62.143910   254.743   254.638  4 55763.63804573  1.347
 113 237.570017  62.139424   109.053   109.034 10 55773.55368668 54.317
 114 237.566972  62.139162   108.877   108.697 10 55783.46932242 27.065
 115 237.571065  62.138813   168.345   171.026 10 55793.38495628 26.083
 116 237.575588  62.139369   109.399   108.831 11 55803.30059207 28.813
 117 237.576285  62.139542   157.592   154.568 10 55813.21624177 26.390
 118 237.574577  62.139379   108.348   108.324 10 55823.13188943 50.602
 119 237.569762  62.139653   108.102   108.131  9 55833.04753201 55.085
 120 237.567373  62.139800   113.224   109.430 10 55842.96317059 27.628
 121 237.572540  62.139205   172.133   174.440 10 55852.87880696  9.629
 122 237.579953  62.139247   109.999   107.963 11 55862.79444309 28.372
 123 237.579812  62.139645   156.663   154.107 11 55872.71009733 22.929
 136 237.590745  62.135253   110.156   110.230  5 56001.61345447 10.990
 137 237.582769  62.134879   107.551   107.226  4 56011.52910398 12.409
 141 237.581108  62.139418   251.651   251.635 11 56051.19167350  5.600
 142 237.586034  62.139031   243.372   243.285 11 56061.10731026  3.393
 143 237.581396  62.140027   114.360   110.255 11 56071.02294756 26.125
 144 237.576835  62.139955   110.465   110.170 11 56080.93859780 35.611
 145 237.575427  62.140206   268.699   268.576 11 56090.85424570  1.936
 146 237.578142  62.140251   244.463   244.376 10 56100.76989162  1.965
 147 237.578502  62.139907   110.592   110.618 11 56110.68552323 52.233
 148 237.573122  62.139811   122.342   120.378 10 56120.60116262 18.012
 149 237.566429  62.139776   109.219   109.231 10 56130.51679817 52.618
 150 237.564907  62.139708   108.643   108.679  9 56140.43243166 54.416
 151 237.567138  62.139514   169.700   174.073 10 56150.34808282 14.834
 152 237.573775  62.139542   108.508   108.510 11 56160.26373240 52.151
 153 237.576956  62.139583   108.587   108.502 10 56170.17938010 52.684
 154 237.572889  62.139542   117.410   117.494 11 56180.09502336 26.785
 155 237.577483  62.136328   287.745   287.693  5 56190.01066373  0.560
 156 237.563760  62.139636   107.956   107.983  9 56199.92629878 55.424
 157 237.572376  62.139581   117.826   118.232 10 56209.84193381 24.638
 158 237.587667  62.138980   166.955   167.431 11 56219.75756774  6.585
 159 237.586101  62.140879   153.868   153.951 10 56229.67321628 25.086
 160 237.585735  62.139806   155.805   153.130 11 56239.58886991 22.000
 161 237.580595  62.139318   159.409   156.931 11 56249.50451910 17.336
 166 237.572672  62.139070   153.288   153.265 10 56299.08274387  8.040
 167 237.565552  62.138351   108.425   108.426  8 56308.99838776 16.128
 168 237.557769  62.139250   110.698   108.256  8 56318.91402903 12.272
 169 237.562575  62.139391   108.094   108.072  9 56328.82967056 13.910
 170 237.571144  62.139820   108.155   108.149 10 56338.74531155 14.773
 171 237.593661  62.135591   108.413   108.606  5 56348.66095234 13.116
 172 237.585131  62.137755   107.796   107.830  8 56358.57658665 13.405
 173 237.569880  62.138873   107.976   108.005 10 56368.49223572 14.252
 176 237.578722  62.139103   107.837   107.830 11 56398.23917318 10.006
 178 237.562899  62.146235   209.850   209.850  2 56418.07044859  1.266
 179 237.586237  62.139052   257.934   257.862 11 56427.98608365  7.953
 180 237.574821  62.139922   110.491   110.518 11 56437.90173630 50.872
 181 237.573742  62.139456   263.888   263.632 10 56447.81738767  3.459
 182 237.575652  62.139402   170.248   173.144 11 56457.73303708 12.724
 183 237.573141  62.139755   110.400   110.438 11 56467.64868281 53.186
 184 237.570970  62.139098   174.404   174.248 10 56477.56432461  4.649
 185 237.565246  62.139123   109.092   109.093 10 56487.47996222 54.936
 187 237.568524  62.139978   247.042   246.816 10 56507.31123202  1.857
 189 237.581498  62.139424   108.708   108.649 11 56527.14252393 44.009
 190 237.576631  62.139723   109.846   109.192 11 56537.05817345 25.110
 192 237.567544  62.139257   108.162   108.136 10 56556.88946242 53.804
 193 237.572780  62.139014   108.280   108.237 10 56566.80510557 53.408
 194 237.581740  62.139248   108.382   108.405 11 56576.72074771 52.321
 195 237.588779  62.139652   156.487   154.931 10 56586.63638627 27.451
 196 237.589208  62.139878   108.070   108.013 10 56596.55202576 53.082
 197 237.579691  62.140099   107.527   107.558 11 56606.46767696 48.952
 198 237.575862  62.139394   107.116   107.070 10 56616.38332383 44.215
 199 237.574028  62.139656   154.476   150.611 10 56626.29896722 13.758
 200 237.576813  62.139429   152.436   159.418 11 56636.21460830 13.023
 201 237.577326  62.139673   157.153   154.672 11 56646.13024823 11.813
 202 237.570775  62.139647   148.801   148.556 10 56656.04589989 10.554
 203 237.563558  62.139676   210.278   209.748 10 56665.96154720  2.674
 205 237.558935  62.141316   219.695   220.524  6 56685.79283639  1.551
 206 237.571476  62.139536   183.023   189.346 11 56695.70848017  5.633
 207 237.577002  62.139472   186.018   190.426 11 56705.62411860  4.369
 208 237.580333  62.139064   199.854   201.430 11 56715.53975136  3.115
 209 237.571318  62.139492   180.636   180.996 11 56725.45540378  5.438
 212 237.578886  62.139874   188.817   188.629 10 56755.20234226  3.299
 214 237.587655  62.139001   108.411   108.110 11 56775.03361743 35.183
 215 237.577422  62.139582   289.220   289.216 10 56784.94927325  2.917
 216 237.572743  62.139251   109.669   109.657 10 56794.86492609 39.657
 217 237.569587  62.139403   256.626   256.450 10 56804.78057531  2.026
 219 237.569448  62.139050   290.612   290.620 10 56824.61185685  4.702
 220 237.567097  62.139524   151.874   152.117  9 56834.52749171 27.947
 221 237.571315  62.139132   169.494   173.788 10 56844.44312383 11.238
 222 237.573480  62.139074   170.144   173.931 10 56854.35876831 12.552
 223 237.571688  62.139650   108.878   108.890 10 56864.27442172 54.159
 224 237.571506  62.139506   108.318   108.232 10 56874.19007467 52.026
 225 237.568790  62.139756   108.058   108.047 10 56884.10572418 51.748
 226 237.566513  62.139838   170.992   173.923 10 56894.02137055  7.801
 227 237.567116  62.139519   160.552   161.382  9 56903.93701408  7.396
 228 237.569878  62.139608   107.682   107.711 10 56913.85265580 52.266
 229 237.576307  62.139503   159.545   161.051 10 56923.76829621  9.282
 230 237.581667  62.139858   191.111   191.242 11 56933.68393394  3.727
 231 237.586777  62.139665   155.638   154.953 11 56943.59956643 26.920
 232 237.583337  62.139493   169.471   169.961 12 56953.51521289  4.620
 233 237.576731  62.139569   107.267   107.257 11 56963.43086261 45.724
 234 237.574708  62.139656   158.286   155.871 11 56973.34650789 19.702
 235 237.576669  62.139687   161.295   163.013 10 56983.26214918 24.234
 236 237.578420  62.139700   159.147   157.385 11 56993.17778569  9.530
 237 237.578027  62.139241   152.415   153.090 11 57003.09342182 10.152
 238 237.566444  62.139772   139.852   145.174 10 57013.00907730 12.115
 239 237.563316  62.139557   142.140   145.179 10 57022.92472826 10.763
 240 237.568761  62.139187   143.723   145.417 10 57032.84037746 10.708
 241 237.573743  62.139358   144.394   148.678 11 57042.75602440 11.048
 242 237.575547  62.139458   151.578   158.579 10 57052.67166879 10.574
 243 237.574364  62.139211   193.990   196.291 10 57062.58730855  5.260
 244 237.572525  62.139563   107.346   107.306 11 57072.50294290 13.616
 245 237.578563  62.139386   107.404   107.385 11 57082.41857398 13.974
 246 237.584027  62.139445   108.350   108.069 11 57092.33422080 12.238
 247 237.605476  62.134114   107.569   107.552  3 57102.24988048 12.079
 248 237.584215  62.139841   107.775   107.778 11 57112.16553148 15.511
 250 237.574011  62.139523   168.927   169.583 11 57131.99682040  5.761
