# NaN NaN NaN ;Mean Elev.(m), Avg Gradient(m/km), RMS Gradient(m/km) - SRTM1     
#  130.008  -0.824   2.971 ;Mean Elev.(m), Avg Gradient(m/km), RMS Gradient(m/km) - ASTER GDEM
#  143.000  -0.801   2.488 ;Mean Elev.(m), Avg Gradient(m/km), RMS Gradient(m/km) - GMTED2010 
   1   141.951 54667.75755282 29.93 241.940969  61.427769 29.079  259.83  257.00  256.71
   1   141.387 54667.75755341 27.13 241.945548  61.429216 23.552  259.83  257.00  256.71
   1   141.519 54667.75755400 25.94 241.950128  61.430664 18.720  259.83  257.00  256.71
   1   141.604 54667.75755459 27.10 241.954708  61.432112 21.353  259.83  257.00  256.71
   2   141.470 54677.67319758 28.95 241.942569  61.429692 13.094  259.99  259.70  255.87
   2   141.395 54677.67319817 28.38 241.947149  61.431140 11.226  259.99  259.70  255.87
   2   141.538 54677.67319876 30.80 241.951729  61.432588 16.872  259.99  259.70  255.87
   4   141.398 54697.50448172 36.29 241.940079  61.431100   -100  250.88  248.56  244.60
   4   141.373 54697.50448231 28.43 241.944658  61.432548 20.898  250.88  248.56  244.60
   4   141.283 54697.50448290 26.38 241.949238  61.433996 16.645  250.88  248.56  244.60
   5   -11.026 54707.42012328  0.72 241.942450  61.430174  3.884  247.19  243.60  240.98
   5   -11.036 54707.42012387  1.66 241.947029  61.431622  3.665  247.19  243.60  240.98
   5   -11.109 54707.42012446  2.03 241.951609  61.433070  4.430  247.19  243.60  240.98
   6   140.920 54717.33577503 32.73 241.943534  61.428695 29.867  249.23  246.35  242.82
   6   140.939 54717.33577563 31.20 241.948113  61.430143 24.211  249.23  246.35  242.82
   6   140.746 54717.33577622 34.94 241.952693  61.431591   -100  249.23  246.35  242.82
   7     3.551 54727.25142369  1.90 241.939655  61.425767  2.787  253.13  253.34  250.97
   7     9.027 54727.25142428  3.16 241.944233  61.427215  3.346  253.13  253.34  250.97
   7    11.972 54727.25142487  4.41 241.948813  61.428662  3.196  253.13  253.34  250.97
   7    11.944 54727.25142546  4.03 241.953392  61.430110  2.836  253.13  253.34  250.97
   8   141.048 54737.16707197 36.92 241.943126  61.427281 23.999  248.10  245.95  243.96
   8   140.729 54737.16707256 49.36 241.947705  61.428729   -100  248.10  245.95  243.96
   8   140.734 54737.16707315 52.30 241.952285  61.430176   -100  248.10  245.95  243.96
   9   141.863 54747.08271928 28.73 241.940059  61.428542 15.320  246.87  244.78  243.81
   9   141.008 54747.08271987 28.37 241.944639  61.429990 17.890  246.87  244.78  243.81
   9   140.728 54747.08272046 31.02 241.949219  61.431437 30.354  246.87  244.78  243.81
   9   140.850 54747.08272105 36.12 241.953800  61.432884   -100  246.87  244.78  243.81
  10   141.355 54756.99836666 28.49 241.940661  61.430717 16.048  245.92  243.54  243.33
  10   141.216 54756.99836725 27.27 241.945242  61.432164 13.719  245.92  243.54  243.33
  10   140.763 54756.99836784 32.44 241.949822  61.433612   -100  245.92  243.54  243.33
  11   141.058 54766.91401166 38.63 241.939610  61.430141 23.246  252.00  249.74  249.86
  11   141.198 54766.91401225 39.58 241.944190  61.431588 23.781  252.00  249.74  249.86
  11   140.822 54766.91401284 40.91 241.948771  61.433036   -100  252.00  249.74  249.86
  11   140.736 54766.91401343 40.28 241.953352  61.434484   -100  252.00  249.74  249.86
  12   140.803 54776.82965367 35.79 241.942325  61.428472 24.682  252.97  251.53  250.75
  12   140.919 54776.82965426 35.08 241.946905  61.429919 21.179  252.97  251.53  250.75
  12   140.770 54776.82965485 33.61 241.951486  61.431367 18.164  252.97  251.53  250.75
  13   140.044 54786.74529296 27.91 241.942953  61.426274  9.953  251.99  249.92  247.76
  13   139.714 54786.74529355 29.87 241.947533  61.427721 13.558  251.99  249.92  247.76
  13   139.890 54786.74529414 30.53 241.952113  61.429169 15.023  251.99  249.92  247.76
  14   140.312 54796.66093078 25.89 241.939887  61.424860  8.593 -100.00 -100.00 -100.00
  14   140.494 54796.66093137 25.82 241.944467  61.426308  9.076 -100.00 -100.00 -100.00
  14   140.260 54796.66093196 27.52 241.949047  61.427756 12.279 -100.00 -100.00 -100.00
  14   140.356 54796.66093255 27.15 241.953628  61.429204 10.204  252.08  249.64  245.99
  17   141.808 54826.40785423 27.21 241.938937  61.428252 13.045  244.65  239.78  228.04
  17   141.688 54826.40785482 29.16 241.943516  61.429700 19.552  244.65  239.78  228.04
  17   141.690 54826.40785541 27.78 241.948096  61.431148 14.119  244.65  239.78  228.04
  17   141.578 54826.40785600 27.06 241.952677  61.432596 12.981  244.65  239.78  228.04
  18   141.649 54836.32349397 24.58 241.942758  61.429924  9.036  244.05  238.88  224.78
  18   141.364 54836.32349456 26.71 241.947338  61.431371 14.376  244.05  238.88  224.78
  18   141.522 54836.32349515 24.99 241.951918  61.432819 10.305  244.05  238.88  224.78
  19   141.226 54846.23914341 24.60 241.940978  61.430546 11.513  247.49  244.21  229.80
  19   141.342 54846.23914400 25.18 241.945558  61.431994 12.562  247.49  244.21  229.80
  19   141.426 54846.23914459 22.49 241.950139  61.433441  7.485  247.49  244.21  229.80
  20   141.079 54856.15479223 18.29 241.938719  61.431282  4.143  241.57  234.52  221.12
  20   141.187 54856.15479282 17.78 241.943299  61.432730  3.791  241.57  234.52  221.12
  20   141.308 54856.15479341 17.85 241.947880  61.434178  4.721  241.57  234.52  221.12
  20   141.235 54856.15479400 18.24 241.952462  61.435625  4.734  241.57  234.52  221.12
  21   141.125 54866.07044146 17.90 241.939389  61.433162  4.019  243.50  238.91  223.46
  21   141.084 54866.07044205 18.49 241.943970  61.434609  5.570  243.50  238.91  223.46
  21   141.226 54866.07044264 18.11 241.948551  61.436057  4.824  243.50  238.91  223.46
  22   141.086 54875.98608979 17.79 241.937903  61.432986  4.819  244.48  236.74  221.26
  22   141.078 54875.98609038 17.78 241.942484  61.434434  4.522  244.48  236.74  221.26
  22   140.971 54875.98609097 17.90 241.947065  61.435881  4.243  244.48  236.74  221.26
  22   141.074 54875.98609156 17.79 241.951647  61.437329  4.053  244.48  236.74  221.26
  23   141.178 54885.90173528 17.25 241.938376  61.431764  4.540  243.28  233.95  216.80
  23   141.112 54885.90173587 16.97 241.942957  61.433212  4.176  243.28  233.95  216.80
  23   141.235 54885.90173646 17.65 241.947538  61.434659  4.346  243.28  233.95  216.80
  23   141.134 54885.90173705 17.43 241.952120  61.436107  4.539  243.28  233.95  216.80
  24   141.237 54895.81737747 17.31 241.940936  61.430252  4.282  243.03  233.31  216.20
  24   141.233 54895.81737806 17.23 241.945516  61.431700  4.577  243.03  233.31  216.20
  24   141.296 54895.81737865 17.29 241.950098  61.433147  4.016  243.03  233.31  216.20
  25   141.269 54905.73301645 15.87 241.939128  61.427979  3.868  240.34  230.41  211.65
  25   141.215 54905.73301704 15.92 241.943709  61.429427  3.583  240.34  230.41  211.65
  25   141.219 54905.73301763 16.14 241.948290  61.430875  3.725  240.34  230.41  211.65
  25   141.256 54905.73301822 16.22 241.952871  61.432322  4.260  240.34  230.41  211.65
  26   141.309 54915.64865485 15.37 241.941163  61.428240  3.549  241.82  231.87  213.84
  26   141.457 54915.64865544 15.66 241.945744  61.429688  3.710  241.82  231.87  213.84
  26   141.326 54915.64865603 15.66 241.950325  61.431135  3.795  241.82  231.87  213.84
  27   141.254 54925.56429259 15.81 241.939783  61.428365  3.727 -100.00 -100.00 -100.00
  27   141.410 54925.56429318 15.78 241.944363  61.429813  3.577  242.60  232.10  213.78
  27   141.285 54925.56429377 16.06 241.948943  61.431260  3.680  242.60  232.10  213.78
  27   141.356 54925.56429436 16.11 241.953525  61.432708  3.993  242.60  232.10  213.78
  28   141.222 54935.47993009  9.34 241.942440  61.429289  5.190  255.93  250.19  235.51
  28   141.230 54935.47993068  8.20 241.947020  61.430736  4.838  255.93  250.19  235.51
  28   141.546 54935.47993127  7.46 241.951600  61.432184  3.872  255.93  250.19  235.51
  29   141.283 54945.39556515 25.21 241.942533  61.427955   -100  238.47  221.98  198.56
  29   141.378 54945.39556574 25.25 241.947112  61.429402   -100  238.47  221.98  198.56
  29   141.489 54945.39556633 23.38 241.951692  61.430850 24.844  238.47  221.98  198.56
  30   142.017 54955.31119748 39.80 241.942038  61.424918   -100  238.15  240.44  243.05
  30   142.190 54955.31119807 41.71 241.946617  61.426366   -100  238.15  240.44  243.05
  30   142.011 54955.31119866 40.07 241.951196  61.427814   -100  238.15  240.44  243.05
  30   141.973 54955.31119925 44.15 241.955775  61.429261 20.857  238.15  240.44  243.05
  31   143.405 54965.22684431 44.96 241.940503  61.423583   -100  231.40  231.81  234.74
  31   143.301 54965.22684490 43.42 241.945081  61.425031   -100  231.40  231.81  234.74
  31   143.335 54965.22684549 47.30 241.949660  61.426478   -100  231.40  231.81  234.74
  31   143.388 54965.22684608 47.35 241.954240  61.427926   -100  231.40  231.81  234.74
  32   142.909 54975.14249252 32.88 241.941146  61.424692 11.891  233.78  233.38  234.26
  32   142.657 54975.14249311 31.48 241.945725  61.426140  8.858  233.78  233.38  234.26
  32   142.666 54975.14249370 39.75 241.950304  61.427588   -100  233.78  233.38  234.26
  32   142.769 54975.14249429 39.54 241.954884  61.429035 29.624  233.78  233.38  234.26
  33   142.170 54985.05814090 31.84 241.943594  61.427625  8.675  244.57  244.94  243.97
  33   141.879 54985.05814149 30.71 241.948174  61.429073  6.868  244.57  244.94  243.97
  33   142.221 54985.05814208 31.56 241.952753  61.430521  7.431  244.57  244.94  243.97
  34   129.282 54994.97378832 15.25 241.939169  61.428052  3.613  253.59  254.73  252.83
  34   129.391 54994.97378891 16.18 241.943748  61.429500  4.515  253.59  254.73  252.83
  34   129.361 54994.97378950 18.40 241.948328  61.430948  7.162  253.59  254.73  252.83
  34   129.382 54994.97379009 18.44 241.952909  61.432396  6.991  253.59  254.73  252.83
  35   142.182 55004.88943494 41.21 241.940232  61.429409 31.994  253.27  253.51  253.54
  35   141.868 55004.88943553 31.45 241.944812  61.430857 11.209  253.27  253.51  253.54
  35   141.865 55004.88943612 31.34 241.949392  61.432305 10.883  253.27  253.51  253.54
  35   141.875 55004.88943671 31.77 241.953972  61.433752 10.498  253.27  253.51  253.54
  36   141.931 55014.80507932 36.82 241.941562  61.430254   -100  251.97  252.20  252.52
  36   141.868 55014.80507991 28.31 241.946142  61.431702 19.761  251.97  252.20  252.52
  36   141.816 55014.80508050 29.12 241.950723  61.433150 20.553  251.97  252.20  252.52
  37   141.992 55024.72072197 30.41 241.940636  61.430293 30.039  251.38  250.39  248.80
  37   141.691 55024.72072256 25.13 241.945216  61.431741 15.853  251.38  250.39  248.80
  37   141.645 55024.72072315 31.15 241.949796  61.433188   -100  251.38  250.39  248.80
  38   141.781 55034.63636394 37.26 241.938606  61.430632   -100  253.94  253.34  249.02
  38   141.721 55034.63636453 29.46 241.943186  61.432080 21.605  253.94  253.34  249.02
  38   141.585 55034.63636512 27.88 241.947767  61.433527 18.044  253.94  253.34  249.02
  38   142.035 55034.63636572 38.92 241.952348  61.434975   -100  253.94  253.34  249.02
  39   141.766 55044.55200564 40.07 241.941095  61.431647   -100  251.95  251.01  244.23
  39   142.206 55044.55200623 44.11 241.945675  61.433094   -100  251.95  251.01  244.23
  39   141.709 55044.55200683 55.48 241.950256  61.434542   -100  251.95  251.01  244.23
  40   141.571 55054.46764524 28.20 241.942141  61.430499 21.708  255.55  256.91  255.61
  40   141.336 55054.46764583 29.04 241.946721  61.431947 25.956  255.55  256.91  255.61
  40   141.331 55054.46764642 32.43 241.951301  61.433395   -100  255.55  256.91  255.61
  41   141.686 55064.38328203 28.97 241.940080  61.427050 21.398  254.09  254.25  247.94
  41   141.334 55064.38328262 26.88 241.944659  61.428498 18.435  254.09  254.25  247.94
  41   141.299 55064.38328321 26.44 241.949238  61.429946 16.915  254.09  254.25  247.94
  41   141.212 55064.38328380 33.46 241.953818  61.431394   -100  254.09  254.25  247.94
  42   141.796 55074.29892852 35.05 241.940273  61.425957 25.253  254.59  252.53  248.56
  42   141.290 55074.29892911 30.25 241.944852  61.427405 19.974  254.59  252.53  248.56
  42   141.144 55074.29892970 30.35 241.949431  61.428853 22.528  254.59  252.53  248.56
  42   141.281 55074.29893029 32.09 241.954011  61.430300 27.336  254.59  252.53  248.56
  43   142.071 55084.21457692 38.95 241.943317  61.427222 16.171  249.40  248.60  245.87
  43   141.403 55084.21457751 52.22 241.947896  61.428669  8.987  249.40  248.60  245.87
  43   141.325 55084.21457810 51.37 241.952476  61.430117 13.672  249.40  248.60  245.87
  44   141.371 55094.13022314 37.03 241.940066  61.427544 22.173  249.29  248.31  246.77
  44   142.132 55094.13022373 41.04 241.944645  61.428992 22.109  249.29  248.31  246.77
  44   141.492 55094.13022432 38.79 241.949225  61.430439   -100  249.29  248.31  246.77
  44   141.287 55094.13022491 35.68 241.953805  61.431886   -100  249.29  248.31  246.77
  45   141.543 55104.04586972 28.90 241.940620  61.428726 25.493  247.17  246.45  247.12
  45   141.320 55104.04587031 25.40 241.945200  61.430174 14.822  247.17  246.45  247.12
  45   141.196 55104.04587090 26.96 241.949780  61.431621 18.603  247.17  246.45  247.12
  45   141.075 55104.04587149 30.39 241.954361  61.433068   -100  247.17  246.45  247.12
  46   140.777 55113.96151585 36.25 241.939977  61.428819   -100  244.85  241.53  241.78
  46   141.018 55113.96151644 31.64 241.944557  61.430266 22.240  244.85  241.53  241.78
  46   140.973 55113.96151703 30.54 241.949137  61.431714 20.418  244.85  241.53  241.78
  46   140.985 55113.96151762 30.48 241.953718  61.433161 20.490  244.85  241.53  241.78
  47   141.099 55123.87715976 41.69 241.942204  61.428587   -100  248.31  246.87  248.18
  47   141.081 55123.87716035 44.23 241.946784  61.430035   -100  248.31  246.87  248.18
  47   140.839 55123.87716094 47.30 241.951365  61.431482   -100  248.31  246.87  248.18
  48   140.907 55133.79280068 41.90 241.943794  61.427841   -100  248.51  246.00  247.37
  48   140.991 55133.79280127 43.82 241.948375  61.429289  4.765  248.51  246.00  247.37
  48   141.114 55133.79280186 44.57 241.952955  61.430736   -100  248.51  246.00  247.37
  49   140.598 55143.70843888 31.59 241.940737  61.426064 13.941  250.17  247.66  247.83
  49   140.635 55143.70843947 32.72 241.945317  61.427512 17.563  250.17  247.66  247.83
  49   140.867 55143.70844006 33.29 241.949897  61.428959 18.058  250.17  247.66  247.83
  49   140.770 55143.70844065 33.05 241.954478  61.430407 15.173  250.17  247.66  247.83
  50   140.556 55153.62407721 26.70 241.942937  61.427232  7.939  252.94  249.94  249.13
  50   140.479 55153.62407780 28.27 241.947517  61.428680 11.966  252.94  249.94  249.13
  50   140.465 55153.62407839 28.89 241.952098  61.430128 13.712  252.94  249.94  249.13
  51   140.281 55163.53971554 26.71 241.942422  61.427831 11.528  253.52  250.81  247.47
  51   140.222 55163.53971613 27.17 241.947001  61.429279 12.499  253.52  250.81  247.47
  51   140.166 55163.53971672 28.25 241.951582  61.430727 12.155  253.52  250.81  247.47
  52   141.231 55173.45535325 29.69 241.939567  61.427431 17.953  250.19  247.09  243.16
  52   141.259 55173.45535384 29.94 241.944147  61.428879 17.600  250.19  247.09  243.16
  52   141.458 55173.45535443 29.59 241.948727  61.430327 16.631  250.19  247.09  243.16
  52   141.434 55173.45535502 30.63 241.953307  61.431775 19.329  250.19  247.09  243.16
  53   141.612 55183.37099129 31.05 241.943060  61.428163 24.918  247.26  244.35  238.43
  53   141.574 55183.37099188 29.85 241.947640  61.429611 19.750  247.26  244.35  238.43
  53   141.694 55183.37099247 29.38 241.952220  61.431059 18.337  247.26  244.35  238.43
  54   141.456 55193.28664217 25.59 241.939611  61.428393 11.468  249.99  247.08  239.24
  54   141.380 55193.28664276 25.62 241.944190  61.429841 12.995  249.99  247.08  239.24
  54   141.593 55193.28664335 24.58 241.948770  61.431289 10.231  249.99  247.08  239.24
  54   141.504 55193.28664394 24.09 241.953351  61.432736  8.597  249.99  247.08  239.24
  55   141.309 55203.20229247 22.20 241.940460  61.430599  6.793  246.24  242.04  231.86
  55   141.434 55203.20229306 22.19 241.945040  61.432047  6.838  246.24  242.04  231.86
  55   141.486 55203.20229365 22.09 241.949621  61.433494  6.319  246.24  242.04  231.86
  56   141.322 55213.11794172 20.34 241.937908  61.431575  6.539  249.38  245.08  233.47
  56   141.301 55213.11794231 19.99 241.942488  61.433023  5.062  249.38  245.08  233.47
  56   141.257 55213.11794290 20.84 241.947069  61.434471  6.295  249.38  245.08  233.47
  56   141.312 55213.11794349 20.40 241.951650  61.435918  6.088  249.38  245.08  233.47
  57   141.337 55223.03359077 20.19 241.938358  61.432167  6.446  249.62  243.89  230.65
  57   141.230 55223.03359136 20.57 241.942938  61.433615  6.478  249.62  243.89  230.65
  57   141.377 55223.03359196 20.70 241.947519  61.435062  6.427  249.62  243.89  230.65
  57   141.275 55223.03359255 20.80 241.952101  61.436510  6.656  249.62  243.89  230.65
  58   141.124 55232.94923808 21.97 241.937963  61.430709  9.109  249.67  244.42  229.78
  58   141.211 55232.94923867 20.82 241.942543  61.432157  7.404  249.67  244.42  229.78
  58   141.292 55232.94923926 19.62 241.947124  61.433605  5.442  249.67  244.42  229.78
  58   141.197 55232.94923985 20.28 241.951705  61.435053  5.889  249.67  244.42  229.78
  59   141.047 55242.86488219 20.67 241.938800  61.428455  7.820  254.39  248.44  233.03
  59   141.239 55242.86488278 20.18 241.943380  61.429903  5.926  254.39  248.44  233.03
  59   141.223 55242.86488337 20.76 241.947961  61.431351  7.460  254.39  248.44  233.03
  59   141.380 55242.86488396 20.09 241.952542  61.432799  5.480  254.39  248.44  233.03
  60   141.362 55252.78052360 20.57 241.943536  61.428437  6.953  248.84  241.31  221.73
  60   141.401 55252.78052419 19.94 241.948117  61.429885  4.718  248.84  241.31  221.73
  60   141.379 55252.78052479 20.56 241.952698  61.431332  5.860  248.84  241.31  221.73
  61   141.255 55262.69616213 20.55 241.941617  61.428090  7.981  253.35  247.24  228.22
  61   141.318 55262.69616272 19.73 241.946198  61.429537  6.038  253.35  247.24  228.22
  61   141.307 55262.69616331 21.05 241.950779  61.430985  8.926  253.35  247.24  228.22
  62   141.279 55272.61179994 16.36 241.941261  61.429163  5.792  244.85  234.96  211.91
  62   141.327 55272.61180053 16.27 241.945842  61.430610  5.072  244.85  234.96  211.91
  62   141.377 55272.61180112 16.52 241.950423  61.432058  5.501  244.85  234.96  211.91
  63   141.168 55282.52743732 16.53 241.940773  61.428974  4.858  237.66  226.61  203.32
  63   141.380 55282.52743791 16.97 241.945353  61.430422  5.536  237.66  226.61  203.32
  63   141.425 55282.52743850 16.71 241.949933  61.431870  4.044  237.66  226.61  203.32
  64   141.269 55292.44307328 12.37 241.940376  61.427046  3.041 -100.00 -100.00 -100.00
  64   141.318 55292.44307387 12.64 241.944956  61.428494  3.694 -100.00 -100.00 -100.00
  64   141.405 55292.44307446 12.32 241.949536  61.429942  3.487 -100.00 -100.00 -100.00
  64   141.482 55292.44307505 12.39 241.954116  61.431389  3.649  250.98  240.17  218.06
  65   141.521 55302.35870842 34.98 241.942482  61.425145   -100  262.23  255.02  238.86
  65   141.307 55302.35870901 37.08 241.947061  61.426593   -100  262.23  255.02  238.86
  65   141.514 55302.35870960 35.53 241.951640  61.428041   -100  262.23  255.02  238.86
  66   142.640 55312.27435608 39.28 241.943176  61.424950   -100  241.32  241.75  243.57
  66   142.717 55312.27435667 38.91 241.947754  61.426398   -100  241.32  241.75  243.57
  66   142.496 55312.27435726 40.86 241.952334  61.427846   -100  241.32  241.75  243.57
  67   144.316 55322.19000166 43.89 241.943637  61.426194   -100  227.76  225.48  228.20
  67   143.963 55322.19000225 48.50 241.948216  61.427642 18.190  227.76  225.48  228.20
  67   143.887 55322.19000284 53.57 241.952796  61.429090   -100  227.76  225.48  228.20
  68   142.228 55332.10564601 29.45 241.942662  61.427855 12.643  241.18  240.73  240.24
  68   142.100 55332.10564660 28.31 241.947242  61.429303 10.022  241.18  240.73  240.24
  68   141.954 55332.10564719 32.15 241.951821  61.430751 19.320  241.18  240.73  240.24
  69   141.121 55342.02129016 36.90 241.940425  61.428792   -100  245.18  242.38  244.63
  69   140.669 55342.02129076 35.35 241.945005  61.430240 31.172  245.18  242.38  244.63
  69   140.563 55342.02129135 37.65 241.949585  61.431687   -100  245.18  242.38  244.63
  69   140.593 55342.02129194 40.27 241.954165  61.433135   -100  245.18  242.38  244.63
  70   141.809 55351.93693409 31.52 241.939422  61.428663 31.626  252.75  251.34  246.26
  70   141.709 55351.93693468 27.69 241.944002  61.430111 22.002  252.75  251.34  246.26
  70   141.185 55351.93693527 29.84 241.948582  61.431559   -100  252.75  251.34  246.26
  70   141.337 55351.93693586 29.60 241.953162  61.433006   -100  252.75  251.34  246.26
  71   141.345 55361.85257616 35.58 241.941584  61.428930   -100 -100.00 -100.00 -100.00
  71   141.267 55361.85257675 28.18 241.946164  61.430377 21.709  255.71  254.35  255.39
  71   141.456 55361.85257734 27.40 241.950744  61.431825 19.878  255.71  254.35  255.39
  72   142.106 55371.76821563 31.71 241.939280  61.428329  6.808  262.13  262.05  259.05
  72   141.211 55371.76821622 31.16 241.943859  61.429777  5.975  262.13  262.05  259.05
  72   141.338 55371.76821681 31.96 241.948439  61.431225  6.779  262.13  262.05  259.05
  72   141.289 55371.76821741 39.29 241.953020  61.432673 25.130  262.13  262.05  259.05
  74   141.346 55391.59949182 39.40 241.940931  61.430456   -100  256.78  257.46  251.11
  74   141.195 55391.59949241 33.59 241.945511  61.431904 28.996  256.78  257.46  251.11
  74   141.012 55391.59949300 44.47 241.950091  61.433352 27.003  256.78  257.46  251.11
  75   141.112 55401.51512769 37.11 241.939679  61.429093   -100  251.99  250.74  245.74
  75   141.377 55401.51512828 30.54 241.944258  61.430541 22.188  251.99  250.74  245.74
  75   141.002 55401.51512887 32.33 241.948838  61.431989 28.514  251.99  250.74  245.74
  75   140.816 55401.51512946 32.24 241.953418  61.433437 32.350  251.99  250.74  245.74
  76   140.620 55411.43077739 37.19 241.940904  61.427767   -100 -100.00 -100.00 -100.00
  76   141.175 55411.43077798 43.24 241.945483  61.429215   -100 -100.00 -100.00 -100.00
  76   140.759 55411.43077857 53.66 241.950062  61.430663   -100  249.64  249.56  244.31
  76   140.950 55411.43077916 53.64 241.954642  61.432111   -100  249.64  249.56  244.31
  77   141.002 55421.34642669 38.10 241.940089  61.425342 29.991 -100.00 -100.00 -100.00
  77   140.628 55421.34642728 41.35 241.944668  61.426790  0.281  251.52  251.32  246.75
  77   140.441 55421.34642787 40.65 241.949246  61.428238  6.896  251.52  251.32  246.75
  77   140.712 55421.34642846 37.99 241.953826  61.429685   -100  251.52  251.32  246.75
  78   141.820 55431.26207338 37.08 241.939821  61.424424 19.603 -100.00 -100.00 -100.00
  78   141.849 55431.26207397 41.18 241.944399  61.425872 17.462  247.72  247.00  242.85
  78   140.828 55431.26207456 52.60 241.948978  61.427320   -100  247.72  247.00  242.85
  78   140.904 55431.26207515 52.21 241.953557  61.428767   -100  247.72  247.00  242.85
  79   140.776 55441.17771864 39.34 241.942862  61.427150 28.424  243.62  242.93  240.81
  79   140.766 55441.17771923 49.17 241.947441  61.428597  5.113  243.62  242.93  240.81
  79   140.837 55441.17771982 51.89 241.952020  61.430045   -100  243.62  242.93  240.81
  80   140.678 55451.09336191 37.94 241.941232  61.428895   -100  244.73  244.58  243.31
  80   140.689 55451.09336250 33.21 241.945812  61.430343 19.918  244.73  244.58  243.31
  80   140.822 55451.09336309 41.47 241.950392  61.431790   -100  244.73  244.58  243.31
  81   140.807 55461.00900461 39.36 241.941379  61.429693   -100  242.74  241.74  244.00
  81   140.322 55461.00900520 35.59 241.945959  61.431141   -100  242.74  241.74  244.00
  81   140.493 55461.00900579 37.71 241.950539  61.432588   -100  242.74  241.74  244.00
  82   141.698 55470.92464559 39.13 241.940168  61.427565 30.805  248.14  247.20  250.10
  82   140.782 55470.92464618 42.12 241.944747  61.429013   -100  248.14  247.20  250.10
  82   140.360 55470.92464677 40.06 241.949327  61.430461   -100  248.14  247.20  250.10
  82   140.423 55470.92464736 47.53 241.953908  61.431908 15.069  248.14  247.20  250.10
  83   140.819 55480.84028407 41.40 241.943513  61.426034   -100  242.79  243.22  245.49
  83   140.659 55480.84028466 42.26 241.948092  61.427482   -100  242.79  243.22  245.49
  83   140.621 55480.84028525 39.93 241.952672  61.428930  0.093  242.79  243.22  245.49
  84   140.703 55490.75591937 38.28 241.940750  61.423495   -100  244.73  243.36  243.84
  84   140.811 55490.75591997 40.15 241.945329  61.424943   -100  244.73  243.36  243.84
  84   140.642 55490.75592056 43.15 241.949908  61.426391   -100  244.73  243.36  243.84
  84   140.425 55490.75592115 46.64 241.954488  61.427839 24.050  244.73  243.36  243.84
  85   140.512 55500.67155303 41.07 241.939752  61.423584   -100  245.79  244.06  243.67
  85   140.496 55500.67155362 41.06 241.944331  61.425032   -100  245.79  244.06  243.67
  85   140.514 55500.67155421 41.65 241.948911  61.426480   -100  245.79  244.06  243.67
  85   140.573 55500.67155480 42.72 241.953490  61.427928   -100  245.79  244.06  243.67
  86   140.158 55510.58719632 36.38 241.943742  61.427334 23.357  248.32  246.12  245.38
  86   140.097 55510.58719691 36.61 241.948322  61.428782 25.979  248.32  246.12  245.38
  86   139.834 55510.58719750 37.60 241.952902  61.430230 32.050  248.32  246.12  245.38
  87   140.537 55520.50284562 38.22 241.938696  61.428172 23.879  246.60  243.49  242.20
  87   140.364 55520.50284621 42.14 241.943275  61.429620   -100  246.60  243.49  242.20
  87   140.452 55520.50284680 42.66 241.947855  61.431068   -100  246.60  243.49  242.20
  87   140.734 55520.50284740 40.02 241.952436  61.432516 31.037  246.60  243.49  242.20
  88   140.343 55530.41849450 31.59 241.939950  61.429386 13.556  249.66  247.87  245.80
  88   140.529 55530.41849509 32.85 241.944530  61.430834 17.730  249.66  247.87  245.80
  88   140.454 55530.41849568 32.00 241.949110  61.432282 14.687  249.66  247.87  245.80
  88   140.177 55530.41849627 33.15 241.953691  61.433729 19.497  249.66  247.87  245.80
  89   140.659 55540.33414136 25.86 241.939536  61.428936  7.237  241.46  237.79  233.36
  89   140.716 55540.33414195 25.56 241.944116  61.430384  5.553  241.46  237.79  233.36
  89   140.599 55540.33414255 26.68 241.948696  61.431832  7.876  241.46  237.79  233.36
  89   140.509 55540.33414314 27.73 241.953276  61.433279 10.846  241.46  237.79  233.36
  90   140.587 55550.24978663 25.34 241.942960  61.430039  5.796  248.81  246.49  242.21
  90   140.482 55550.24978722 25.09 241.947540  61.431486  6.118  248.81  246.49  242.21
  90   140.471 55550.24978782 25.89 241.952121  61.432934  7.099  248.81  246.49  242.21
  91   140.490 55560.16542973 25.07 241.940425  61.430563  6.024  248.13  244.71  237.82
  91   140.468 55560.16543032 25.29 241.945006  61.432011  5.922  248.13  244.71  237.82
  91   140.348 55560.16543091 25.95 241.949586  61.433458  7.166  248.13  244.71  237.82
  92   140.255 55570.08107205 24.29 241.937811  61.431189  5.384  250.76  246.91  238.50
  92   140.457 55570.08107264 24.35 241.942391  61.432637  5.820  250.76  246.91  238.50
  92   140.253 55570.08107323 24.86 241.946972  61.434085  6.465  250.61  246.88  238.68
  92   140.302 55570.08107382 25.51 241.951553  61.435532  7.643  250.61  246.88  238.68
  93   140.243 55579.99671357 24.05 241.938108  61.430986  6.458  243.12  237.76  225.05
  93   140.301 55579.99671416 24.09 241.942688  61.432434  6.026  243.12  237.76  225.05
  93   140.374 55579.99671475 24.71 241.947269  61.433882  6.984  243.12  237.76  225.05
  93   140.171 55579.99671534 25.55 241.951850  61.435329  9.221  243.12  237.76  225.05
  94   140.502 55589.91235220 24.44 241.939765  61.428637  7.061  247.96  242.20  229.43
  94   140.629 55589.91235279 23.95 241.944345  61.430085  6.213  247.96  242.20  229.43
  94   140.710 55589.91235338 25.21 241.948926  61.431533  7.771  247.96  242.20  229.43
  94   140.619 55589.91235397 25.39 241.953507  61.432981  8.451  247.92  242.17  230.18
  95   140.830 55599.82798740 21.70 241.940244  61.424695  5.274  243.64  237.25  224.46
  95   140.736 55599.82798799 22.12 241.944824  61.426143  6.002  243.64  237.25  224.46
  95   140.809 55599.82798858 22.12 241.949403  61.427591  5.799  243.64  237.25  224.46
  95   140.707 55599.82798917 22.73 241.953984  61.429039  5.988  243.64  237.25  224.46
  96   140.761 55609.74362029 21.05 241.939746  61.422103  4.538  239.05  230.96  215.98
  96   140.867 55609.74362088 21.44 241.944325  61.423551  4.990  239.05  230.96  215.98
  96   140.688 55609.74362147 21.78 241.948905  61.424999  5.519  239.05  230.96  215.98
  96   140.783 55609.74362206 21.46 241.953485  61.426447  5.475  239.05  230.96  215.98
  97   140.835 55619.65925210 18.14 241.940182  61.422685  4.781 -100.00 -100.00 -100.00
  97   140.877 55619.65925269 20.60 241.944761  61.424133  8.536  240.97  232.12  216.43
  97   140.902 55619.65925328 18.91 241.949340  61.425582  5.401  240.97  232.12  216.43
  97   140.897 55619.65925387 18.65 241.953920  61.427030  4.940  240.97  232.12  216.43
  98   140.791 55629.57490274 18.53 241.942890  61.427184  5.104  239.08  229.53  211.93
  98   140.736 55629.57490333 18.42 241.947470  61.428632  4.831  239.08  229.53  211.93
  98   140.841 55629.57490392 18.06 241.952050  61.430080  4.469  239.08  229.53  211.93
  99   140.625 55639.49055363 18.43 241.941484  61.428563  4.600  241.73  232.73  213.79
  99   140.660 55639.49055422 18.47 241.946064  61.430011  4.387  241.73  232.73  213.79
  99   140.756 55639.49055481 18.99 241.950644  61.431459  5.372  241.73  232.73  213.79
 100   140.672 55649.40620211 16.36 241.942287  61.427687  4.230  252.12  246.02  233.86
 100   140.675 55649.40620270 16.98 241.946867  61.429135  5.550  252.12  246.02  233.86
 100   140.650 55649.40620329 16.92 241.951447  61.430582  4.912  252.12  246.02  233.86
 101   140.759 55659.32184669 15.14 241.939189  61.424274  4.192  247.30  238.88  220.45
 101   140.712 55659.32184728 15.11 241.943768  61.425721  4.513  247.30  238.88  220.45
 101   140.734 55659.32184787 14.73 241.948347  61.427169  3.676  247.30  238.88  220.45
 101   140.868 55659.32184846 15.34 241.952926  61.428617  5.104  247.30  238.88  220.45
 102   140.810 55669.23748857 11.81 241.942136  61.424264  4.590  233.67  220.74  202.30
 102   140.632 55669.23748916 11.59 241.946715  61.425711  3.846  233.67  220.74  202.30
 102   140.620 55669.23748975 11.76 241.951295  61.427159  3.353  233.67  220.74  202.30
 102   140.661 55669.23749034 11.84 241.955874  61.428606  4.132  233.67  220.74  202.30
 103   140.837 55679.15312822 32.25 241.942090  61.425734   -100  265.29  263.92  261.41
 103   140.873 55679.15312881 34.39 241.946669  61.427182   -100  265.29  263.92  261.41
 103   140.985 55679.15312940 38.54 241.951248  61.428629   -100  265.29  263.92  261.41
 103   140.725 55679.15312999 41.36 241.955828  61.430077 29.156  265.29  263.92  261.41
 104   141.380 55689.06876617 40.22 241.942608  61.428220   -100  241.27  243.12  247.30
 104   141.143 55689.06876676 40.64 241.947187  61.429668   -100  241.27  243.12  247.30
 104   141.131 55689.06876735 42.09 241.951767  61.431115  5.955  241.27  243.12  247.30
 105   142.251 55698.98440238 29.22 241.941846  61.429137 16.080  237.64  237.87  242.34
 105   142.234 55698.98440297 27.75 241.946426  61.430585 12.042  237.64  237.87  242.34
 105   141.888 55698.98440356 29.30 241.951006  61.432033 13.888  237.64  237.87  242.34
 106   141.515 55708.90004000 29.91 241.943434  61.428887 20.555  246.37  244.38  244.79
 106   141.628 55708.90004059 28.81 241.948013  61.430335 19.822  246.37  244.38  244.79
 106   140.902 55708.90004118 34.54 241.952593  61.431783   -100  246.37  244.38  244.79
 107   142.014 55718.81569040 31.21 241.941007  61.427865 27.935  248.28  246.94  249.09
 107   141.736 55718.81569099 29.30 241.945586  61.429313 21.653  248.28  246.94  249.09
 107   141.146 55718.81569158 32.05 241.950166  61.430761   -100  248.28  246.94  249.09
 107   141.110 55718.81569217 36.73 241.954747  61.432209   -100  248.28  246.94  249.09
 108   141.846 55728.73133871 30.75 241.941033  61.428365 21.108 -100.00 -100.00 -100.00
 108   141.661 55728.73133930 28.35 241.945612  61.429813 18.186 -100.00 -100.00 -100.00
 108   141.097 55728.73133989 31.64 241.950193  61.431261 31.294  254.27  252.87  252.94
 109   141.532 55738.64698572 38.39 241.942118  61.429950 25.907  249.61  245.81  245.56
 109   141.689 55738.64698631 39.26 241.946698  61.431398 24.768  249.61  245.81  245.56
 109   141.817 55738.64698690 44.28 241.951279  61.432845 27.581  249.61  245.81  245.56
 110   140.862 55748.56263111 38.30 241.940454  61.430696 28.561  252.87  252.45  247.44
 110   141.769 55748.56263170 43.60 241.945034  61.432144 25.233  252.87  252.45  247.44
 110   141.300 55748.56263229 54.81 241.949614  61.433592   -100  252.87  252.45  247.44
 111   141.413 55758.47827442 27.68 241.942157  61.430974 18.573  253.49  253.06  250.85
 111   141.189 55758.47827501 28.46 241.946737  61.432422 23.660  253.49  253.06  250.85
 111   141.137 55758.47827560 32.37 241.951317  61.433869   -100  253.49  253.06  250.85
 112   141.733 55768.39391421 31.75 241.939686  61.427982   -100  254.94  254.81  247.81
 112   141.210 55768.39391480 26.52 241.944265  61.429430 21.747  254.94  254.81  247.81
 112   141.034 55768.39391540 29.46 241.948845  61.430877   -100  254.94  254.81  247.81
 112   141.171 55768.39391599 33.85 241.953425  61.432325   -100  254.94  254.81  247.81
 113   141.144 55778.30955148 27.69 241.942810  61.425793 21.175  255.01  253.80  248.46
 113   141.165 55778.30955207 28.31 241.947389  61.427241 24.227  255.01  253.80  248.46
 113   141.270 55778.30955266 29.42 241.951968  61.428688 25.179  255.01  253.80  248.46
 114   141.029 55788.22518601 34.20 241.943048  61.423707   -100  255.11  255.40  252.10
 114   141.094 55788.22518661 30.27 241.947627  61.425154 28.668  255.11  255.40  252.10
 114   141.217 55788.22518720 30.32 241.952206  61.426602 27.279  255.11  255.40  252.10
 115   142.176 55798.14081916 38.36 241.940327  61.423057 17.143  255.80  255.21  251.51
 115   141.390 55798.14081975 42.13 241.944905  61.424505   -100  255.80  255.21  251.51
 115   141.182 55798.14082034 42.82 241.949484  61.425953   -100  255.80  255.21  251.51
 115   140.944 55798.14082093 36.39 241.954063  61.427400   -100  255.80  255.21  251.51
 116   141.893 55808.05646385 34.71 241.940010  61.425290 20.136  257.03  256.25  253.77
 116   140.971 55808.05646444 34.13 241.944589  61.426738   -100  257.03  256.25  253.77
 116   141.180 55808.05646503 30.60 241.949168  61.428186 25.416  257.03  256.25  253.77
 116   141.317 55808.05646562 35.06 241.953747  61.429633   -100  257.03  256.25  253.77
 117   140.895 55817.97211361 30.25 241.943327  61.428238   -100  251.43  246.57  246.43
 117   141.126 55817.97211420 26.89 241.947906  61.429686 23.294  251.43  246.57  246.43
 117   141.184 55817.97211479 34.46 241.952486  61.431134   -100  251.43  246.57  246.43
 118   140.846 55827.88775834 34.75 241.940278  61.426329 24.756  252.27  251.48  253.06
 118   142.051 55827.88775893 40.48 241.944857  61.427777 18.349  252.27  251.48  253.06
 118   141.025 55827.88775952 50.36 241.949436  61.429225 31.996  252.27  251.48  253.06
 118   141.188 55827.88776011 50.96 241.954016  61.430672   -100  252.27  251.48  253.06
 119   141.073 55837.80339899 35.63 241.940860  61.424290   -100  250.89  249.39  251.01
 119   140.917 55837.80339958 38.99 241.945439  61.425738  1.180  250.89  249.39  251.01
 119   140.848 55837.80340017 37.33 241.950018  61.427186 11.945  250.89  249.39  251.01
 119   141.069 55837.80340077 36.43 241.954598  61.428634   -100  250.89  249.39  251.01
 120   141.647 55847.71903682 39.28 241.943264  61.423499 28.055  247.04  246.52  247.91
 120   141.260 55847.71903741 46.77 241.947843  61.424947   -100  247.04  246.52  247.91
 120   141.078 55847.71903800 41.67 241.952423  61.426395   -100  247.04  246.52  247.91
 121   140.954 55857.63467213 41.22 241.941984  61.423929   -100  243.82  241.58  240.94
 121   140.965 55857.63467272 44.35 241.946564  61.425377   -100  243.82  241.58  240.94
 121   141.036 55857.63467331 42.80 241.951143  61.426825   -100  243.82  241.58  240.94
 121   141.124 55857.63467390 44.81 241.955723  61.428273   -100  243.82  241.58  240.94
 122   140.740 55867.55031780 38.02 241.940768  61.426657 30.439  246.60  244.25  242.83
 122   140.533 55867.55031839 40.41 241.945347  61.428106   -100  246.60  244.25  242.83
 122   140.640 55867.55031898 41.46 241.949927  61.429554   -100  246.60  244.25  242.83
 122   140.776 55867.55031957 39.20 241.954507  61.431001   -100  246.60  244.25  242.83
 123   141.696 55877.46597011 35.40 241.941245  61.429727 25.835  248.60  246.14  245.66
 123   142.173 55877.46597070 35.83 241.945825  61.431176 22.350  248.60  246.14  245.66
 123   142.211 55877.46597129 36.66 241.950405  61.432623 27.442  248.60  246.14  245.66
 133   141.327 55976.62240016 15.03 241.941690  61.425853  5.095 -100.00 -100.00 -100.00
 133   141.371 55976.62240075 15.05 241.946270  61.427301  3.719 -100.00 -100.00 -100.00
 133   141.483 55976.62240134 15.48 241.950850  61.428749  5.198  243.56  236.76  220.73
 133   141.349 55976.62240193 15.15 241.955431  61.430197  4.552  243.56  236.76  220.73
 134   141.229 55986.53803658 15.28 241.942980  61.427176  4.456  242.13  233.45  216.52
 134   141.298 55986.53803717 16.55 241.947559  61.428625  6.534  242.13  233.45  216.52
 134   141.218 55986.53803776 16.47 241.952140  61.430072  5.707  242.13  233.45  216.52
 135   141.266 55996.45367350 15.27 241.942463  61.426847  4.410  242.93  234.00  217.04
 135   141.327 55996.45367409 15.34 241.947042  61.428296  4.366  242.93  234.00  217.04
 135   141.329 55996.45367468 15.75 241.951622  61.429743  5.002  242.93  234.00  217.04
 136   141.352 56006.36932493 14.29 241.942232  61.426567  3.182  242.50  232.51  213.71
 136   141.245 56006.36932552 15.25 241.946811  61.428015  4.357  242.50  232.51  213.71
 136   141.381 56006.36932611 14.94 241.951390  61.429463  4.066  242.50  232.51  213.71
 137   141.492 56016.28497220 15.55 241.941819  61.425457  4.826  253.05  247.98  235.91
 137   141.535 56016.28497280 15.46 241.946398  61.426905  4.513  253.05  247.98  235.91
 137   141.589 56016.28497339 15.71 241.950977  61.428352  4.234  253.05  247.98  235.91
 137   141.738 56016.28497398 15.53 241.955557  61.429800  4.016  253.05  247.98  235.91
 139   141.536 56036.11625963 10.16 241.939285  61.426774  5.732  254.64  249.06  242.81
 139   141.567 56036.11626022 10.50 241.943864  61.428222  6.693  254.64  249.06  242.81
 139   141.635 56036.11626081 10.15 241.948444  61.429670  6.108  254.64  249.06  242.81
 139   141.783 56036.11626140 10.25 241.953024  61.431117  5.794  254.64  249.06  242.81
 141   142.516 56055.94753925 40.49 241.940990  61.429761   -100  243.11  246.76  249.51
 141   142.478 56055.94753984 39.89 241.945570  61.431209   -100  243.11  246.76  249.51
 141   142.677 56055.94754043 42.71 241.950150  61.432657   -100  243.11  246.76  249.51
 142   141.866 56065.86317332 34.41 241.942164  61.429146 21.102  228.90  230.94  236.02
 142   142.060 56065.86317391 30.97 241.946744  61.430594 13.813  228.90  230.94  236.02
 142   142.114 56065.86317450 31.03 241.951324  61.432042 11.206  228.90  230.94  236.02
 143   141.767 56075.77881965 31.22 241.941543  61.428776 23.185  244.96  244.46  247.65
 143   141.701 56075.77882024 29.66 241.946123  61.430224 16.493  244.96  244.46  247.65
 143   141.566 56075.77882083 31.12 241.950703  61.431672 21.221  244.96  244.46  247.65
 144   141.894 56085.69446864 32.82 241.938819  61.428710   -100  250.71  252.22  249.66
 144   141.574 56085.69446923 30.61 241.943398  61.430158   -100  250.71  252.22  249.66
 144   141.684 56085.69446982 32.48 241.947978  61.431606   -100  250.71  252.22  249.66
 144   141.767 56085.69447041 33.08 241.952559  61.433054   -100  250.71  252.22  249.66
 145   141.858 56095.61011586 32.02 241.941607  61.430011  6.328  246.80  246.91  245.15
 145   141.365 56095.61011645 32.00 241.946187  61.431459  6.527  246.80  246.91  245.15
 145   141.899 56095.61011704 32.55 241.950767  61.432907  7.192  246.80  246.91  245.15
 146   141.673 56105.52576062 30.55 241.942626  61.430099 23.953  254.24  256.70  255.45
 146   141.669 56105.52576121 29.35 241.947205  61.431547 17.160  254.24  256.70  255.45
 146   141.584 56105.52576180 32.89 241.951786  61.432994   -100  254.31  257.27  256.69
 147   141.480 56115.44139059 38.65 241.942369  61.428666 32.019  247.13  246.69  241.17
 147   141.682 56115.44139118 50.18 241.946948  61.430114   -100  247.13  246.69  241.17
 147   141.887 56115.44139177 54.85 241.951528  61.431561   -100  247.13  246.69  241.17
 148   141.516 56125.35702828 28.26 241.941594  61.426647 18.783  253.61  253.47  246.98
 148   141.584 56125.35702887 26.37 241.946173  61.428095 13.588  253.61  253.47  246.98
 148   141.557 56125.35702946 26.04 241.950752  61.429543 11.304  253.61  253.47  246.98
 148   141.534 56125.35703005 32.76 241.955332  61.430990   -100  253.61  253.47  246.98
 149   141.507 56135.27266232 39.74 241.943298  61.425228   -100  260.14  261.82  257.35
 149   141.730 56135.27266291 42.91 241.947876  61.426676   -100  260.14  261.82  257.35
 149   141.450 56135.27266350 46.11 241.952455  61.428123 18.498  260.14  261.82  257.35
 150   141.370 56145.18830355 29.43 241.939956  61.424088 10.179 -100.00 -100.00 -100.00
 150   141.072 56145.18830414 28.96 241.944534  61.425536  9.543  254.01  252.19  248.63
 150   141.269 56145.18830473 27.61 241.949112  61.426984  6.967  254.01  252.19  248.63
 150   141.358 56145.18830532 34.91 241.953692  61.428431 20.208  254.01  252.19  248.63
 151   141.477 56155.10395392 37.69 241.941404  61.425967 17.376  259.70  259.01  255.07
 151   141.882 56155.10395451 42.64 241.945983  61.427415 25.506  259.70  259.01  255.07
 151   141.364 56155.10395510 54.14 241.950562  61.428863 25.945  259.70  259.01  255.07
 151   141.272 56155.10395569 53.25 241.955142  61.430310   -100  259.70  259.01  255.07
 152   141.152 56165.01960321 30.31 241.942348  61.427713  7.941  262.29  261.27  258.63
 152   141.236 56165.01960380 29.92 241.946928  61.429160  7.070  262.29  261.27  258.63
 152   141.268 56165.01960439 29.80 241.951507  61.430608  6.815  262.29  261.27  258.63
 153   141.638 56174.93524973 27.26 241.939486  61.427247  5.949  258.95  255.70  251.47
 153   141.296 56174.93525032 25.94 241.944065  61.428695  4.049  258.95  255.70  251.47
 153   141.279 56174.93525091 25.97 241.948645  61.430143  4.397  258.95  255.70  251.47
 153   141.458 56174.93525150 30.79 241.953225  61.431591 11.302  258.95  255.70  251.47
 154   141.347 56184.85089142 26.29 241.940190  61.426695 20.562  252.10  252.28  253.39
 154   141.185 56184.85089202 25.77 241.944769  61.428143 20.322  252.10  252.28  253.39
 154   141.174 56184.85089261 28.74 241.949349  61.429591 31.818  252.10  252.28  253.39
 154   141.049 56184.85089320 32.07 241.953929  61.431038   -100  252.10  252.28  253.39
 155   141.816 56194.76652946 36.86 241.942461  61.426218 26.122  256.86  257.37  255.81
 155   141.330 56194.76653005 31.53 241.947041  61.427666 23.095  256.86  257.37  255.81
 155   141.096 56194.76653064 32.79 241.951621  61.429114 28.872  256.86  257.37  255.81
 156   141.573 56204.68216417 37.79 241.941031  61.425512   -100  245.04  241.73  243.21
 156   141.089 56204.68216476 42.01 241.945610  61.426960 26.312  245.04  241.73  243.21
 156   141.099 56204.68216535 40.77 241.950190  61.428408 31.475  245.04  241.73  243.21
 156   141.128 56204.68216594 44.67 241.954770  61.429856   -100  245.04  241.73  243.21
 157   141.101 56214.59779791 35.06 241.943409  61.426946   -100  246.08  243.62  241.65
 157   140.936 56214.59779850 38.63 241.947989  61.428394   -100  246.08  243.62  241.65
 157   142.114 56214.59779909 39.76 241.952569  61.429841 18.642  246.08  243.62  241.65
 158   141.423 56224.51343393 37.32 241.940135  61.427033   -100  246.96  243.31  241.97
 158   141.197 56224.51343452 38.64 241.944714  61.428481   -100  246.96  243.31  241.97
 158   141.415 56224.51343511 42.00 241.949294  61.429929   -100  246.96  243.31  241.97
 158   141.397 56224.51343570 43.68 241.953873  61.431377   -100  246.96  243.31  241.97
 159   140.791 56234.42908977 30.11 241.939513  61.428574 12.469 -100.00 -100.00 -100.00
 159   140.965 56234.42909036 29.59 241.944092  61.430023  9.346  252.22  250.55  251.18
 159   140.951 56234.42909095 30.44 241.948671  61.431471  9.755  252.22  250.55  251.18
 159   140.787 56234.42909154 31.67 241.953252  61.432918 11.079  252.22  250.55  251.18
 160   140.678 56244.34474174 26.93 241.940512  61.429402  9.440  250.57  247.38  245.76
 160   140.649 56244.34474233 28.48 241.945091  61.430850 11.663  250.57  247.38  245.76
 160   140.545 56244.34474292 27.80 241.949671  61.432298  9.269  250.57  247.38  245.76
 161   140.018 56254.26038868 26.75 241.940880  61.429549 14.772  248.71  245.35  241.82
 161   138.568 56254.26038927 28.25 241.945459  61.430997 16.742  248.71  245.35  241.82
 161   138.996 56254.26038986 28.51 241.950039  61.432445 17.345  248.71  245.35  241.82
 162   141.662 56264.17603146 24.77 241.940924  61.429857 10.169  250.08  247.35  243.32
 162   141.712 56264.17603205 24.25 241.945504  61.431305 10.151  250.08  247.35  243.32
 162   141.867 56264.17603264 23.83 241.950084  61.432752  7.948  249.78  247.10  243.48
 165   141.752 56293.92296817 21.12 241.942560  61.428913  7.011  249.63  245.92  236.01
 165   141.672 56293.92296876 22.79 241.947140  61.430361  9.990  249.63  245.92  236.01
 165   141.882 56293.92296935 21.49 241.951720  61.431809  6.229  249.63  245.92  236.01
 166   141.689 56303.83861518 20.97 241.943836  61.427802  6.971  245.14  239.70  226.35
 166   141.621 56303.83861577 20.45 241.948416  61.429250  5.470  245.14  239.70  226.35
 166   141.573 56303.83861636 21.00 241.952997  61.430697  5.536  245.14  239.70  226.35
 167   141.372 56313.75425768 18.38 241.940311  61.426323  3.959  245.19  239.44  225.26
 167   141.563 56313.75425827 17.86 241.944891  61.427771  3.668  245.19  239.44  225.26
 167   141.418 56313.75425886 18.56 241.949472  61.429219  4.723  245.19  239.44  225.26
 167   141.578 56313.75425945 18.45 241.954053  61.430667  4.139  245.19  239.44  225.26
 168   141.472 56323.66989902 18.63 241.943366  61.428255  4.300  241.73  235.43  219.01
 168   141.384 56323.66989961 18.96 241.947946  61.429703  4.831  241.73  235.43  219.01
 168   141.576 56323.66990020 19.08 241.952527  61.431150  4.395  241.73  235.43  219.01
 169   141.330 56333.58553873 18.15 241.939238  61.427980  4.183  251.09  246.42  232.00
 169   141.426 56333.58553932 18.33 241.943818  61.429428  4.057  251.09  246.42  232.00
 169   141.334 56333.58553991 18.90 241.948399  61.430876  4.738  251.09  246.42  232.00
 169   141.462 56333.58554050 18.85 241.952980  61.432323  4.635  251.09  246.42  232.00
 170   141.308 56343.50117871 18.57 241.943307  61.428787  4.286  249.34  242.99  229.54
 170   141.432 56343.50117930 19.42 241.947887  61.430234  5.520  249.34  242.99  229.54
 170   141.419 56343.50117989 19.31 241.952468  61.431682  4.846  249.34  242.99  229.54
 171   141.490 56353.41681558 19.93 241.942265  61.426679  7.259  251.01  244.50  228.05
 171   141.508 56353.41681617 19.57 241.946844  61.428127  5.717  251.01  244.50  228.05
 171   141.269 56353.41681676 20.83 241.951424  61.429575  8.418  251.01  244.50  228.05
 172   141.359 56363.33245775 19.80 241.940004  61.424835  6.760  247.97  239.12  220.60
 172   141.431 56363.33245834 20.50 241.944582  61.426283  7.012  247.97  239.12  220.60
 172   141.382 56363.33245893 22.17 241.949161  61.427731  9.508  247.97  239.12  220.60
 172   141.417 56363.33245952 21.33 241.953741  61.429179  7.616  247.97  239.12  220.60
 173   141.343 56373.24810699 21.14 241.941095  61.426192  9.231  246.82  237.96  218.85
 173   141.549 56373.24810758 18.50 241.945674  61.427640  4.160  246.82  237.96  218.85
 173   141.482 56373.24810817 19.68 241.950253  61.429088  6.217  246.82  237.96  218.85
 173   141.451 56373.24810876 19.62 241.954833  61.430536  7.004  246.82  237.96  218.85
 175   142.574 56393.07939801  5.70 241.940860  61.430681  7.266  266.02  264.66  263.78
 175   142.806 56393.07939860  4.33 241.945441  61.432129  5.799  266.02  264.66  263.78
 175   142.960 56393.07939919  3.20 241.950021  61.433577  3.410  266.02  264.66  263.78
 176   141.653 56402.99504028  6.74 241.938264  61.430370  5.587  247.64  237.64  223.30
 176   141.871 56402.99504087  5.84 241.942844  61.431818  3.518  247.64  237.64  223.30
 176   141.744 56402.99504146  5.78 241.947425  61.433265  3.593  247.64  237.64  223.30
 176   141.478 56402.99504205  8.16 241.952005  61.434713  6.898  247.64  237.64  223.30
 177   141.915 56412.91068015 19.65 241.940434  61.430244 20.568  242.56  229.90  215.27
 177   141.552 56412.91068074 23.54 241.945014  61.431692   -100  242.56  229.90  215.27
 177   141.723 56412.91068133 22.84 241.949594  61.433140   -100  242.56  229.90  215.27
 178   142.545 56422.82631490 38.92 241.942730  61.429040   -100  255.17  255.60  259.39
 178   142.358 56422.82631550 37.68 241.947310  61.430488   -100  255.17  255.60  259.39
 178   142.636 56422.82631609 34.79 241.951890  61.431936 30.249  255.17  255.60  259.39
 179   143.373 56432.74195748 28.20 241.943203  61.429062  3.310  233.08  231.25  235.72
 179   143.268 56432.74195807 28.19 241.947783  61.430510  4.168  233.08  231.25  235.72
 179   143.232 56432.74195866 28.63 241.952363  61.431958  5.062  233.08  231.25  235.72
 180   143.339 56442.65760966 39.74 241.939579  61.429697 17.175  240.92  238.49  240.99
 180   142.290 56442.65761025 42.81 241.944159  61.431145 32.284  240.92  238.49  240.99
 180   141.982 56442.65761084 54.88 241.948740  61.432593  1.663  240.92  238.49  240.99
 180   141.723 56442.65761143 54.29 241.953321  61.434041   -100  240.92  238.49  240.99
 181   141.847 56452.57325963 44.22 241.939274  61.430954  2.520  240.04  236.66  237.08
 181   141.810 56452.57326022 40.49 241.943855  61.432402   -100  240.04  236.66  237.08
 181   141.734 56452.57326081 31.26 241.948435  61.433850 12.040  240.04  236.66  237.08
 181   141.830 56452.57326140 45.01 241.953016  61.435297  9.593  240.04  236.66  237.08
 182   142.418 56462.48890671 41.98 241.938318  61.429917 26.346  243.81  243.63  242.99
 182   142.371 56462.48890730 46.22 241.942897  61.431364   -100  243.81  243.63  242.99
 182   142.046 56462.48890789 48.40 241.947478  61.432812 25.684  243.81  243.63  242.99
 182   141.844 56462.48890848 48.69 241.952058  61.434260 17.541  243.81  243.63  242.99
 183   142.004 56472.40455085 38.86 241.941551  61.428783 29.202  248.83  248.39  241.22
 183   141.964 56472.40455144 41.47 241.946131  61.430231   -100  248.83  248.39  241.22
 183   141.943 56472.40455204 40.98 241.950711  61.431678   -100  248.83  248.39  241.22
 184   141.968 56482.32019112 31.69 241.941580  61.426420 21.499  250.70  248.88  243.91
 184   141.852 56482.32019171 34.37 241.946159  61.427867 31.013  250.70  248.88  243.91
 184   141.959 56482.32019230 37.95 241.950738  61.429315   -100  250.70  248.88  243.91
 184   142.104 56482.32019289 37.92 241.955318  61.430762 22.173  250.70  248.88  243.91
 185   141.950 56492.23582808 29.68 241.942123  61.425900 13.837  247.77  243.94  241.54
 185   141.832 56492.23582867 28.11 241.946702  61.427348 10.440  247.77  243.94  241.54
 185   141.791 56492.23582926 34.67 241.951281  61.428795 30.151  247.77  243.94  241.54
 185   142.164 56492.23582985 37.23 241.955861  61.430243 26.931  247.77  243.94  241.54
 187   141.725 56512.06709594 24.55 241.943049  61.427223 15.710  259.86  257.61  255.54
 187   141.291 56512.06709653 28.06 241.947628  61.428671 29.171  259.86  257.61  255.54
 187   141.614 56512.06709712 29.27 241.952207  61.430119 32.616  259.86  257.61  255.54
 188   141.576 56521.98274282 26.87 241.942591  61.427378 16.584 -100.00 -100.00 -100.00
 188   141.458 56521.98274341 26.40 241.947170  61.428826 14.903  261.34  262.43  262.32
 188   141.560 56521.98274400 27.59 241.951750  61.430274 16.883  261.34  262.43  262.32
 189   141.588 56531.89839552 26.77 241.941913  61.426819 19.298  256.05  256.37  256.97
 189   141.434 56531.89839611 24.79 241.946492  61.428267 12.568  256.05  256.37  256.97
 189   141.503 56531.89839670 25.37 241.951072  61.429715 14.167  256.05  256.37  256.97
 191   141.700 56551.72968933 24.47 241.940137  61.426272 12.319  255.28  254.88  254.22
 191   141.328 56551.72968992 24.55 241.944716  61.427720 12.220  255.28  254.88  254.22
 191   141.072 56551.72969051 28.47 241.949296  61.429167 28.670  255.28  254.88  254.22
 191   141.456 56551.72969110 28.74 241.953877  61.430615 22.795  255.28  254.88  254.22
 192   141.583 56561.64533229 28.32 241.939908  61.428557 22.945  247.60  244.97  245.29
 192   141.320 56561.64533288 27.72 241.944488  61.430005 24.859  247.60  244.97  245.29
 192   141.273 56561.64533347 28.56 241.949069  61.431453 28.023  247.60  244.97  245.29
 192   141.349 56561.64533406 31.08 241.953649  61.432901   -100  247.60  244.97  245.29
 193   141.697 56571.56097435 38.63 241.942060  61.431520   -100  242.28  238.82  237.90
 193   141.390 56571.56097494 34.34 241.946640  61.432968   -100  242.28  238.82  237.90
 193   141.302 56571.56097553 29.34 241.951221  61.434416 19.321  242.28  238.82  237.90
 194   141.528 56581.47661407 37.82 241.940636  61.431623   -100  243.21  238.93  237.10
 194   141.094 56581.47661466 30.25 241.945216  61.433071 31.081  243.21  238.93  237.10
 194   141.129 56581.47661525 34.78 241.949797  61.434519   -100  243.21  238.93  237.10
 195   141.367 56591.39224948 28.89 241.941336  61.429572 23.091  245.52  242.39  240.70
 195   141.341 56591.39225007 30.05 241.945915  61.431020 26.438  245.52  242.39  240.70
 195   140.914 56591.39225066 33.37 241.950495  61.432468   -100  245.52  242.39  240.70
 196   141.001 56601.30789793 43.21 241.940174  61.427942   -100  242.50  238.24  236.66
 196   141.138 56601.30789852 42.70 241.944753  61.429390   -100  242.50  238.24  236.66
 196   140.919 56601.30789911 46.38 241.949333  61.430838 14.145  242.50  238.24  236.66
 196   141.063 56601.30789970 45.47 241.953913  61.432285   -100  242.50  238.24  236.66
 197   142.071 56611.22354792 34.29 241.940919  61.428442 18.131  253.14  250.58  250.94
 197   142.034 56611.22354851 37.74 241.945499  61.429890 29.379  253.14  250.58  250.94
 197   142.240 56611.22354910 39.68 241.950079  61.431338   -100  253.14  250.58  250.94
 198   141.614 56621.13919354 25.06 241.941573  61.430169  8.139  252.31  250.07  250.55
 198   141.535 56621.13919413 25.31 241.946153  61.431616  8.963  252.31  250.07  250.55
 198   141.429 56621.13919472 27.56 241.950733  61.433064 14.263  252.31  250.07  250.55
 199   141.694 56631.05483587 23.70 241.940342  61.430853  8.142  245.01  242.06  240.06
 199   141.569 56631.05483646 24.20 241.944922  61.432300  9.445  245.01  242.06  240.06
 199   141.821 56631.05483705 23.65 241.949502  61.433748  8.116  245.01  242.06  240.06
 200   141.615 56640.97047431 20.46 241.940755  61.429654  6.306  247.38  245.77  242.80
 200   141.585 56640.97047490 20.63 241.945335  61.431102  5.755  247.38  245.77  242.80
 200   141.764 56640.97047549 20.09 241.949916  61.432550  5.062  247.38  245.77  242.80
 201   141.987 56650.88612150 32.38 241.939545  61.426780 29.722  248.86  246.00  241.66
 201   141.960 56650.88612209 35.16 241.944124  61.428228   -100  248.86  246.00  241.66
 201   141.850 56650.88612268 35.78 241.948705  61.429676   -100  248.86  246.00  241.66
 201   141.800 56650.88612327 34.35 241.953285  61.431124   -100  248.86  246.00  241.66
 202   141.953 56660.80177199 30.77 241.941186  61.425545 26.026  246.21  241.82  234.88
 202   141.929 56660.80177258 29.41 241.945766  61.426993 21.846  246.21  241.82  234.88
 202   141.815 56660.80177317 29.65 241.950346  61.428441 23.924  246.21  241.82  234.88
 202   141.698 56660.80177376 29.21 241.954927  61.429888 23.838  246.21  241.82  234.88
 203   141.702 56670.71741916 23.55 241.941587  61.425964 10.847  245.15  240.50  231.39
 203   141.684 56670.71741975 25.54 241.946167  61.427412 13.780  245.15  240.50  231.39
 203   141.667 56670.71742034 25.11 241.950748  61.428860 15.220  245.15  240.50  231.39
 203   141.782 56670.71742093 23.07 241.955329  61.430307 10.405  245.15  240.50  231.39
 205   141.624 56690.54870755 22.07 241.940410  61.429973  9.456  248.96  244.45  233.52
 205   141.494 56690.54870814 24.79 241.944990  61.431421 15.072  248.96  244.45  233.52
 205   141.587 56690.54870873 22.72 241.949571  61.432868 10.462  248.96  244.45  233.52
 206   141.375 56700.46434744 24.88 241.942499  61.430066 14.464  242.06  235.42  219.74
 206   141.685 56700.46434803 23.30 241.947079  61.431514 11.211  242.06  235.42  219.74
 206   141.552 56700.46434862 22.44 241.951660  61.432962  9.720  242.06  235.42  219.74
 207   141.462 56710.37998202 25.31 241.942312  61.427107 16.571  244.66  237.76  221.36
 207   141.630 56710.37998261 24.50 241.946892  61.428555 14.441  244.66  237.76  221.36
 207   141.612 56710.37998320 24.36 241.951472  61.430003 13.734  244.66  237.76  221.36
 208   141.708 56720.29562422 23.38 241.943115  61.426064 11.354  242.37  233.57  214.50
 208   141.668 56720.29562481 25.62 241.947694  61.427512 16.704  242.37  233.57  214.50
 208   141.768 56720.29562540 22.29 241.952273  61.428959 10.482  242.37  233.57  214.50
 209   129.370 56730.21127625 14.91 241.941687  61.427285  2.833  248.91  241.08  222.86
 209   129.359 56730.21127684 14.74 241.946267  61.428733  2.631  248.91  241.08  222.86
 209   129.325 56730.21127743 14.48 241.950847  61.430181  2.586  248.91  241.08  222.86
 211   141.498 56750.04256912 21.54 241.940125  61.432653  9.424  245.87  235.42  216.46
 211   141.410 56750.04256971 21.32 241.944706  61.434101  9.633  245.87  235.42  216.46
 211   141.615 56750.04257030 20.60 241.949287  61.435549  9.026  245.87  235.42  216.46
 212   141.404 56759.95820816 19.57 241.938285  61.431937  9.499  248.44  237.78  219.43
 212   141.398 56759.95820875 19.37 241.942865  61.433385 10.121  248.44  237.78  219.43
 212   141.665 56759.95820934 18.45 241.947446  61.434833  9.012  248.44  237.78  219.43
 212   141.659 56759.95820993 18.92 241.952027  61.436281  8.542  248.44  237.78  219.43
 213   141.243 56769.87384104 17.95 241.940871  61.430010 15.238  268.30  267.40  267.18
 213   141.575 56769.87384163 18.86 241.945451  61.431458 14.771  268.30  267.40  267.18
 213   141.547 56769.87384222 21.35 241.950031  61.432906 25.470  268.40  267.42  267.35
 214   141.883 56779.78949211 34.88 241.941769  61.429199   -100  258.12  257.33  258.29
 214   141.997 56779.78949270 31.93 241.946349  61.430647 28.924  258.12  257.33  258.29
 214   141.907 56779.78949329 33.07 241.950929  61.432095   -100  258.12  257.33  258.29
 215   142.367 56789.70514719 43.12 241.939094  61.428943 14.010  255.72  254.60  258.23
 215   142.302 56789.70514778 35.81 241.943674  61.430391   -100  255.72  254.60  258.23
 215   142.216 56789.70514837 36.49 241.948255  61.431839   -100  255.72  254.60  258.23
 215   142.586 56789.70514896 37.08 241.952836  61.433286   -100  255.72  254.60  258.23
 216   141.629 56799.62079940 38.08 241.939068  61.430763   -100  241.13  238.36  239.46
 216   141.379 56799.62079999 35.46 241.943648  61.432211   -100  241.13  238.36  239.46
 216   141.428 56799.62080058 30.21 241.948229  61.433659 31.736  241.13  238.36  239.46
 216   141.415 56799.62080117 34.84 241.952810  61.435106   -100  241.13  238.36  239.46
 217   141.259 56809.53644496 37.84 241.937842  61.431778  1.895  248.11  246.05  242.96
 217   141.493 56809.53644555 29.69 241.942422  61.433226 23.738  248.11  246.05  242.96
 217   141.345 56809.53644614 27.60 241.947003  61.434674 18.955  248.11  246.05  242.96
 217   141.507 56809.53644673 32.71 241.951585  61.436121   -100  248.11  246.05  242.96
 219   141.829 56829.36772169 27.21 241.941498  61.429085  7.986  255.27  256.86  251.38
 219   141.481 56829.36772228 28.06 241.946078  61.430533  9.037  255.27  256.86  251.38
 219   141.513 56829.36772287 27.23 241.950658  61.431980  8.339  255.27  256.86  251.38
 220   129.636 56839.28335464 19.87 241.942364  61.425614  5.431  254.16  252.63  247.36
 220   129.674 56839.28335523 20.06 241.946942  61.427062  5.990  254.16  252.63  247.36
 220   129.662 56839.28335582 19.60 241.951522  61.428510  6.091  254.16  252.63  247.36
 221   141.340 56849.19898719 29.88 241.943468  61.424300   -100  255.97  253.89  250.41
 221   141.275 56849.19898778 28.08 241.948047  61.425748 28.724  255.97  253.89  250.41
 221   141.503 56849.19898837 28.70 241.952625  61.427195 27.452  255.97  253.89  250.41
 222   141.811 56859.11464165 25.15 241.939672  61.426093 16.888  260.58  259.42  255.04
 222   141.037 56859.11464224 26.85 241.944251  61.427541 28.052  260.58  259.42  255.04
 222   141.179 56859.11464283 28.72 241.948830  61.428989   -100  260.58  259.42  255.04
 222   141.303 56859.11464342 32.27 241.953410  61.430436   -100  260.58  259.42  255.04
 223   141.317 56869.03029563 30.95 241.939024  61.429097   -100  264.02  262.61  259.04
 223   141.299 56869.03029622 28.48 241.943604  61.430545 24.264  264.02  262.61  259.04
 223   141.066 56869.03029681 26.74 241.948184  61.431992 20.121  264.02  262.61  259.04
 223   141.076 56869.03029740 27.99 241.952764  61.433440 24.816  264.02  262.61  259.04
 224   141.316 56878.94594740 32.75 241.940559  61.430788 21.182  265.17  263.27  258.92
 224   141.149 56878.94594799 30.49 241.945139  61.432236 14.699  265.17  263.27  258.92
 224   140.896 56878.94594858 37.42 241.949719  61.433684   -100  265.17  263.27  258.92
 225   140.977 56888.86159516 31.57 241.939289  61.429558 24.687  258.58  256.44  256.97
 225   141.122 56888.86159575 27.17 241.943869  61.431006 13.104  258.58  256.44  256.97
 225   140.720 56888.86159634 32.72 241.948449  61.432454   -100  258.58  256.44  256.97
 225   140.948 56888.86159693 34.34 241.953030  61.433901   -100  258.58  256.44  256.97
 226   140.662 56898.77724024 35.03 241.938965  61.428199 26.587  261.22  258.76  258.46
 226   140.561 56898.77724083 35.72 241.943545  61.429647 29.790  261.22  258.76  258.46
 226   140.704 56898.77724142 32.94 241.948125  61.431095 19.814  261.22  258.76  258.46
 226   140.654 56898.77724201 38.11 241.952706  61.432542   -100  261.22  258.76  258.46
 227   140.890 56908.69288310 36.15 241.938673  61.428749   -100  250.60  246.96  248.09
 227   140.778 56908.69288369 33.85 241.943253  61.430197 30.670  250.60  246.96  248.09
 227   140.579 56908.69288428 33.87 241.947834  61.431644   -100  250.60  246.96  248.09
 227   140.498 56908.69288487 38.94 241.952415  61.433092   -100  250.60  246.96  248.09
 228   141.027 56918.60852416 36.52 241.938314  61.430731 27.100  248.74  246.02  244.45
 228   140.565 56918.60852475 38.11 241.942894  61.432179 30.441  248.74  246.02  244.45
 228   140.939 56918.60852534 51.35 241.947475  61.433627   -100  248.74  246.02  244.45
 228   140.664 56918.60852593 55.56 241.952056  61.435074 29.532  248.74  246.02  244.45
 229   140.797 56928.52416311 38.37 241.938045  61.432324   -100  250.47  250.59  247.41
 229   140.367 56928.52416370 36.52 241.942625  61.433772   -100  250.47  250.59  247.41
 229   140.551 56928.52416429 37.64 241.947206  61.435220   -100  250.47  250.59  247.41
 229   140.701 56928.52416488 39.08 241.951787  61.436667   -100  250.47  250.59  247.41
 230   140.342 56938.43979803 34.61 241.941836  61.432890   -100  246.82  243.63  242.81
 230   140.566 56938.43979862 33.88 241.946416  61.434338   -100  246.82  243.63  242.81
 230   140.600 56938.43979921 38.04 241.950996  61.435786   -100  246.82  243.63  242.81
 231   141.892 56948.35543111 36.45 241.939533  61.429421 16.740  249.65  248.30  246.75
 231   140.622 56948.35543170 36.42 241.944113  61.430869   -100  249.65  248.30  246.75
 231   140.822 56948.35543229 44.02 241.948692  61.432317   -100  249.65  248.30  246.75
 231   141.343 56948.35543288 42.07 241.953272  61.433765 28.736  249.65  248.30  246.75
 232   140.995 56958.27108417 41.09 241.939937  61.428471 28.429  251.05  248.58  247.10
 232   140.550 56958.27108476 42.02 241.944516  61.429918   -100  251.05  248.58  247.10
 232   140.766 56958.27108535 47.46 241.949096  61.431366   -100  251.05  248.58  247.10
 232   140.453 56958.27108594 48.68 241.953676  61.432814 11.697  251.05  248.58  247.10
 233   140.365 56968.18673227 33.43 241.941600  61.428797 19.449 -100.00 -100.00 -100.00
 233   140.481 56968.18673286 36.07 241.946180  61.430245 27.419 -100.00 -100.00 -100.00
 233   140.180 56968.18673345 37.39 241.950760  61.431693   -100  249.30  246.38  244.51
 234   140.915 56978.10237639 29.18 241.941618  61.429558 12.294  252.89  251.44  249.91
 234   140.726 56978.10237698 28.76 241.946198  61.431006 11.747  252.89  251.44  249.91
 234   140.877 56978.10237757 28.86 241.950778  61.432453 10.891  252.89  251.44  249.91
 235   140.725 56988.01801580 26.28 241.939863  61.429513  5.535  245.02  242.19  238.79
 235   140.691 56988.01801639 26.20 241.944443  61.430961  5.731  245.02  242.19  238.79
 235   140.780 56988.01801698 26.93 241.949023  61.432409  6.770  245.02  242.19  238.79
 235   140.748 56988.01801757 27.52 241.953604  61.433856  7.623  245.02  242.19  238.79
 236   141.507 56997.93364938 35.50 241.942019  61.428638 24.613  245.72  243.03  239.16
 236   141.568 56997.93364997 34.41 241.946598  61.430086 21.907  245.72  243.03  239.16
 236   141.458 56997.93365056 35.93 241.951178  61.431534 27.359  245.72  243.03  239.16
 237   141.693 57007.84929772 35.84 241.942088  61.427270 28.987  250.18  247.54  243.05
 237   141.772 57007.84929831 33.94 241.946668  61.428718 21.215  250.18  247.54  243.05
 237   141.719 57007.84929890 33.89 241.951248  61.430166 22.364  250.18  247.54  243.05
 238   141.838 57017.76495112 30.12 241.942755  61.426531 13.597  242.87  239.47  232.07
 238   141.640 57017.76495171 31.15 241.947335  61.427979 16.379  242.87  239.47  232.07
 238   141.586 57017.76495230 32.11 241.951916  61.429427 18.092  242.87  239.47  232.07
 239   141.495 57027.68060086 30.60 241.940544  61.426148 15.319  249.89  246.07  238.74
 239   141.509 57027.68060145 31.42 241.945124  61.427596 17.912  249.89  246.07  238.74
 239   141.571 57027.68060204 29.67 241.949704  61.429044 13.119  249.89  246.07  238.74
 239   141.385 57027.68060263 31.08 241.954285  61.430492 17.012  249.89  246.07  238.74
 240   141.409 57037.59624937 26.85 241.941484  61.428380  8.781  246.97  242.29  230.87
 240   141.443 57037.59624997 26.46 241.946064  61.429828  8.655  246.97  242.29  230.87
 240   141.388 57037.59625056 26.68 241.950645  61.431276  8.816  246.97  242.29  230.87
 241   141.211 57047.51189533 25.24 241.942705  61.430428  6.360  250.35  246.27  233.43
 241   141.147 57047.51189592 24.92 241.947285  61.431876  5.575  250.35  246.27  233.43
 241   141.088 57047.51189651 24.53 241.951866  61.433324  5.093  250.35  246.27  233.43
 242   141.139 57057.42753720 24.81 241.942666  61.430550  6.419  242.56  235.41  219.24
 242   141.099 57057.42753779 24.08 241.947247  61.431998  5.085  242.56  235.41  219.24
 242   140.892 57057.42753838 23.97 241.951827  61.433445  5.389  242.56  235.41  219.24
 243   141.329 57067.34317303 20.19 241.940001  61.428035  4.542  246.04  240.61  223.60
 243   141.141 57067.34317362 20.70 241.944580  61.429483  5.058  246.04  240.61  223.60
 243   141.206 57067.34317421 20.44 241.949160  61.430931  4.470  246.04  240.61  223.60
 243   141.073 57067.34317480 20.00 241.953740  61.432379  3.728  246.04  240.61  223.60
 244   141.279 57077.25880523 20.26 241.942305  61.427280  5.766  250.27  244.03  226.96
 244   141.214 57077.25880582 19.92 241.946885  61.428728  4.539  250.27  244.03  226.96
 244   141.057 57077.25880641 19.99 241.951464  61.430176  4.796  250.27  244.03  226.96
 245   141.264 57087.17443633 17.81 241.939980  61.425946  4.320  250.42  243.61  226.75
 245   141.226 57087.17443692 17.40 241.944559  61.427394  3.953  250.42  243.61  226.75
 245   141.135 57087.17443751 17.89 241.949138  61.428842  4.376  250.42  243.61  226.75
 245   141.093 57087.17443810 17.83 241.953718  61.430289  4.453  250.42  243.61  226.75
 246   141.065 57097.09009558 19.35 241.940116  61.429367  4.417 -100.00 -100.00 -100.00
 246   140.966 57097.09009617 19.77 241.944695  61.430815  4.690  247.06  237.71  220.68
 246   140.873 57097.09009676 19.98 241.949276  61.432263  5.826  247.06  237.71  220.68
 246   140.780 57097.09009735 20.37 241.953856  61.433711  5.478  247.06  237.71  220.68
 247   140.768 57107.00575194 19.87 241.940576  61.432204  5.637  252.41  244.78  228.92
 247   140.808 57107.00575253 20.07 241.945156  61.433652  6.035  252.41  244.78  228.92
 247   140.852 57107.00575312 19.74 241.949737  61.435100  5.383  252.41  244.78  228.92
 248   139.458 57116.92140299 18.04 241.939593  61.432418  5.589  242.48  231.75  216.59
 248   140.159 57116.92140358 18.07 241.944174  61.433866  5.811  242.48  231.75  216.59
 248   140.316 57116.92140417 18.15 241.948754  61.435314  6.063  242.48  231.75  216.59
 249   140.835 57126.83704782 24.92 241.940564  61.431434 32.444  260.35  254.53  240.74
 249   140.852 57126.83704841 25.04 241.945145  61.432882   -100  260.35  254.53  240.74
 249   140.853 57126.83704900 23.11 241.949725  61.434330 24.414  260.35  254.53  240.74
 250   141.227 57136.75268717 31.66 241.941618  61.430013 21.588  252.51  247.65  242.29
 250   141.048 57136.75268776 35.36 241.946199  61.431461   -100  252.51  247.65  242.29
 250   141.326 57136.75268835 36.99 241.950779  61.432908   -100  252.51  247.65  242.29
