# NaN NaN NaN ;Mean Elev.(m), Avg Gradient(m/km), RMS Gradient(m/km) - SRTM1     
#  124.710  -0.023   3.412 ;Mean Elev.(m), Avg Gradient(m/km), RMS Gradient(m/km) - ASTER GDEM
#  140.652  -0.518   1.779 ;Mean Elev.(m), Avg Gradient(m/km), RMS Gradient(m/km) - GMTED2010 
   1   141.625 54663.00206229 44.72 240.571575  61.231156   -100 -100.00 -100.00 -100.00
   1   139.954 54663.00206288 46.19 240.576095  61.229685   -100 -100.00 -100.00 -100.00
   1   139.962 54663.00206347 48.25 240.580614  61.228215 13.127 -100.00 -100.00 -100.00
   1   139.943 54663.00206406 48.20 240.585133  61.226744  7.590 -100.00 -100.00 -100.00
   1   139.972 54663.00206465 49.37 240.589651  61.225273 15.028 -100.00 -100.00 -100.00
   2   141.975 54672.91770735 34.21 240.572728  61.230949   -100 -100.00 -100.00 -100.00
   2   141.848 54672.91770794 30.71 240.577247  61.229479   -100 -100.00 -100.00 -100.00
   2   141.709 54672.91770853 26.35 240.581767  61.228008 22.206 -100.00 -100.00 -100.00
   2   139.609 54672.91770912 36.31 240.586286  61.226537 15.641 -100.00 -100.00 -100.00
   2   140.318 54672.91770971 33.94 240.590804  61.225065 29.288 -100.00 -100.00 -100.00
   4   142.054 54692.74899370 34.57 240.578075  61.231433   -100 -100.00 -100.00 -100.00
   4   141.980 54692.74899429 29.66 240.582595  61.229962   -100 -100.00 -100.00 -100.00
   4   141.803 54692.74899488 27.28 240.587114  61.228491 24.184  278.08  278.10  274.04
   4   141.705 54692.74899547 25.62 240.591632  61.227020 18.200  278.08  278.10  274.04
   6   139.315 54712.58028212 39.64 240.573957  61.231177 28.551 -100.00 -100.00 -100.00
   6   139.985 54712.58028271 40.91 240.578476  61.229706 18.848 -100.00 -100.00 -100.00
   6   139.168 54712.58028330 48.01 240.582996  61.228235   -100 -100.00 -100.00 -100.00
   6   138.718 54712.58028389 58.34 240.587514  61.226765   -100 -100.00 -100.00 -100.00
   6   138.638 54712.58028448 55.99 240.592033  61.225293   -100 -100.00 -100.00 -100.00
   8   141.907 54732.41158102 33.03 240.565240  61.228972   -100 -100.00 -100.00 -100.00
   8   141.797 54732.41158161 29.50 240.569759  61.227501   -100 -100.00 -100.00 -100.00
   8   141.657 54732.41158220 26.23 240.574278  61.226031 26.933 -100.00 -100.00 -100.00
   8   141.837 54732.41158279 24.30 240.578796  61.224560 20.676 -100.00 -100.00 -100.00
   9   223.432 54742.32722764 13.62 240.563728  61.229130 10.869  265.34  265.53  262.41
   9   224.069 54742.32722823 15.72 240.568247  61.227659 14.234  265.34  265.53  262.41
   9   214.137 54742.32722882 19.41 240.572766  61.226188 21.175  265.34  265.53  262.41
   9   221.280 54742.32722941 23.90 240.577285  61.224717 17.156  265.34  265.53  262.41
  10   139.884 54752.24287461 40.82 240.567431  61.228409 22.481 -100.00 -100.00 -100.00
  10   139.273 54752.24287520 47.81 240.571951  61.226938   -100 -100.00 -100.00 -100.00
  10   139.106 54752.24287579 52.04 240.576469  61.225467  8.813 -100.00 -100.00 -100.00
  10   138.923 54752.24287638 54.30 240.580987  61.223996   -100 -100.00 -100.00 -100.00
  11   138.974 54762.15852057 33.17 240.565380  61.229162 25.844  260.79  259.79  257.51
  11   139.790 54762.15852116 39.78 240.569899  61.227691 22.701  260.79  259.79  257.51
  11   138.951 54762.15852175 50.36 240.574418  61.226220   -100  260.79  259.79  257.51
  11   139.210 54762.15852234 49.24 240.578937  61.224749   -100  260.79  259.79  257.51
  12   203.240 54772.07416442 12.53 240.564869  61.228341 13.230 -100.00 -100.00 -100.00
  12   199.669 54772.07416501 16.12 240.569389  61.226871 25.551 -100.00 -100.00 -100.00
  12   200.680 54772.07416560 19.18 240.573908  61.225400 27.938 -100.00 -100.00 -100.00
  12   201.351 54772.07416619 21.69 240.578427  61.223929   -100 -100.00 -100.00 -100.00
  13   201.147 54781.98980484 10.75 240.560968  61.228818 13.730 -100.00 -100.00 -100.00
  13   201.801 54781.98980543 13.41 240.565488  61.227347 17.025  255.87  254.25  251.10
  13   202.242 54781.98980602 16.43 240.570008  61.225876 20.297  255.87  254.25  251.10
  13   199.305 54781.98980661 19.65 240.574527  61.224406 31.177  255.87  254.25  251.10
  13   199.961 54781.98980720 20.63 240.579046  61.222934   -100  255.87  254.25  251.10
  14   201.691 54791.90544326 10.83 240.561395  61.228976 14.314 -100.00 -100.00 -100.00
  14   201.727 54791.90544385 12.58 240.565916  61.227506 14.893 -100.00 -100.00 -100.00
  14   198.627 54791.90544444 15.78 240.570435  61.226035   -100 -100.00 -100.00 -100.00
  14   199.568 54791.90544503 16.95 240.574955  61.224564   -100 -100.00 -100.00 -100.00
  14   200.312 54791.90544562 18.66 240.579474  61.223093 30.876 -100.00 -100.00 -100.00
  17   138.845 54821.65236022 32.00 240.571443  61.231044   -100 -100.00 -100.00 -100.00
  17   139.175 54821.65236081 32.85 240.575963  61.229573   -100 -100.00 -100.00 -100.00
  17   139.113 54821.65236140 33.97 240.580482  61.228103   -100  247.60  242.63  229.81
  17   138.887 54821.65236199 34.64 240.585001  61.226632  3.930  247.60  242.63  229.81
  17   138.755 54821.65236258 30.08 240.589520  61.225161   -100  247.60  242.63  229.81
  18   139.010 54831.56801233 30.93 240.569512  61.230615   -100 -100.00 -100.00 -100.00
  18   139.115 54831.56801292 31.91 240.574031  61.229145   -100 -100.00 -100.00 -100.00
  18   139.224 54831.56801351 30.20 240.578551  61.227674   -100 -100.00 -100.00 -100.00
  18   139.019 54831.56801410 30.93 240.583069  61.226203   -100 -100.00 -100.00 -100.00
  18   139.016 54831.56801469 28.15 240.587588  61.224732   -100 -100.00 -100.00 -100.00
  19   138.931 54841.48365099 26.85 240.567955  61.230243 32.161 -100.00 -100.00 -100.00
  19   139.103 54841.48365158 26.60 240.572474  61.228773 30.056 -100.00 -100.00 -100.00
  19   139.116 54841.48365217 27.70 240.576993  61.227302   -100 -100.00 -100.00 -100.00
  19   138.889 54841.48365276 28.79 240.581512  61.225831   -100 -100.00 -100.00 -100.00
  19   138.938 54841.48365335 24.14 240.586030  61.224360 22.066 -100.00 -100.00 -100.00
  20   139.022 54851.39930006 18.40 240.568756  61.230095 12.004 -100.00 -100.00 -100.00
  20   138.914 54851.39930065 19.46 240.573276  61.228625 17.313 -100.00 -100.00 -100.00
  20   139.137 54851.39930124 17.23 240.577794  61.227154 11.421 -100.00 -100.00 -100.00
  20   139.047 54851.39930183 17.22 240.582313  61.225683 12.548 -100.00 -100.00 -100.00
  21   138.673 54861.31494881 21.37 240.571371  61.230278 23.414 -100.00 -100.00 -100.00
  21   138.714 54861.31494940 19.55 240.575890  61.228807 18.090 -100.00 -100.00 -100.00
  21   139.008 54861.31494999 17.69 240.580409  61.227336 13.501 -100.00 -100.00 -100.00
  21   140.994 54861.31495058 15.05 240.584927  61.225865  8.475 -100.00 -100.00 -100.00
  22   138.984 54871.23059772 15.37 240.574715  61.229744 10.513 -100.00 -100.00 -100.00
  22   140.951 54871.23059831 14.24 240.579234  61.228273  8.388 -100.00 -100.00 -100.00
  22   139.240 54871.23059890 14.31 240.583752  61.226802  8.067 -100.00 -100.00 -100.00
  22   140.787 54871.23059949 14.79 240.588270  61.225330  9.077 -100.00 -100.00 -100.00
  23   138.810 54881.14624454 14.75 240.572606  61.229276  9.186 -100.00 -100.00 -100.00
  23   139.238 54881.14624513 13.91 240.577125  61.227805  7.914 -100.00 -100.00 -100.00
  23   138.876 54881.14624572 14.39 240.581643  61.226334  8.938 -100.00 -100.00 -100.00
  23   139.112 54881.14624631 14.40 240.586161  61.224862  9.220 -100.00 -100.00 -100.00
  24   138.754 54891.06188754 17.10 240.564844  61.229316 12.584 -100.00 -100.00 -100.00
  24   138.913 54891.06188813 16.94 240.569363  61.227845 12.908 -100.00 -100.00 -100.00
  24   138.828 54891.06188872 18.11 240.573882  61.226374 15.096 -100.00 -100.00 -100.00
  24   138.802 54891.06188931 18.71 240.578401  61.224903 15.161 -100.00 -100.00 -100.00
  25   139.551 54900.97752779 12.43 240.558336  61.228941  7.113 -100.00 -100.00 -100.00
  25   140.796 54900.97752838 12.64 240.562856  61.227471  6.982 -100.00 -100.00 -100.00
  25   139.563 54900.97752897 12.15 240.567375  61.226000  6.675 -100.00 -100.00 -100.00
  25   140.645 54900.97752956 12.69 240.571894  61.224529  6.762  240.01  228.11  210.26
  25   138.782 54900.97753015 13.44 240.576413  61.223058  7.740  240.01  228.11  210.26
  26   139.465 54910.89316684 13.21 240.558288  61.228765  6.488 -100.00 -100.00 -100.00
  26   139.153 54910.89316743 13.36 240.562808  61.227295  6.881 -100.00 -100.00 -100.00
  26   139.473 54910.89316802 13.38 240.567327  61.225824  7.058 -100.00 -100.00 -100.00
  26   139.863 54910.89316861 13.25 240.571846  61.224353  6.982  240.49  228.86  211.06
  26   139.129 54910.89316920 13.30 240.576365  61.222882  6.704  240.49  228.86  211.06
  27   139.066 54920.80880502 14.74 240.561854  61.229387  8.536 -100.00 -100.00 -100.00
  27   139.178 54920.80880561 14.95 240.566373  61.227917  8.753 -100.00 -100.00 -100.00
  27   138.878 54920.80880620 15.29 240.570892  61.226446  8.985  250.39  242.25  228.48
  27   138.644 54920.80880679 16.79 240.575411  61.224975 12.912  250.39  242.25  228.48
  27   138.902 54920.80880738 15.58 240.579929  61.223504 10.929  250.39  242.25  228.48
  28   138.622 54930.72444285 17.03 240.566695  61.229826 12.450 -100.00 -100.00 -100.00
  28   138.982 54930.72444344 16.25 240.571215  61.228355 10.789  247.19  239.27  224.81
  28   138.892 54930.72444403 17.29 240.575733  61.226884 12.333  247.19  239.27  224.81
  28   138.517 54930.72444462 17.54 240.580252  61.225413 14.184  247.19  239.27  224.81
  28   138.379 54930.72444521 19.36 240.584770  61.223942 18.858  247.19  239.27  224.81
  29   138.629 54940.64007903 11.40 240.567298  61.230100 15.867  264.95  261.79  252.05
  29   141.399 54940.64007962  9.98 240.571817  61.228629 11.114  264.95  261.79  252.05
  29   141.173 54940.64008021 10.18 240.576336  61.227158 11.123  264.95  261.79  252.05
  29   138.604 54940.64008080 12.61 240.580855  61.225688 19.214  264.95  261.79  252.05
  29   139.520 54940.64008139 11.39 240.585373  61.224217 14.514  264.95  261.79  252.05
  30   139.355 54950.55571340 30.26 240.565587  61.229926   -100 -100.00 -100.00 -100.00
  30   139.192 54950.55571399 31.97 240.570106  61.228456   -100 -100.00 -100.00 -100.00
  30   139.141 54950.55571458 33.46 240.574625  61.226986 11.498 -100.00 -100.00 -100.00
  30   139.176 54950.55571517 34.46 240.579144  61.225515 20.578 -100.00 -100.00 -100.00
  30   139.287 54950.55571576 34.35 240.583662  61.224044  9.370 -100.00 -100.00 -100.00
  31   141.162 54960.47135369 44.45 240.566431  61.228462  8.030 -100.00 -100.00 -100.00
  31   141.890 54960.47135428 36.74 240.570950  61.226992   -100 -100.00 -100.00 -100.00
  31   141.710 54960.47135487 36.73 240.575469  61.225522 31.900 -100.00 -100.00 -100.00
  31   141.545 54960.47135546 45.34 240.579988  61.224051   -100 -100.00 -100.00 -100.00
  32   142.162 54970.38700187 47.75 240.562859  61.229622   -100 -100.00 -100.00 -100.00
  32   141.163 54970.38700246 49.97 240.567378  61.228152   -100 -100.00 -100.00 -100.00
  32   140.988 54970.38700305 50.37 240.571897  61.226682 26.260 -100.00 -100.00 -100.00
  32   141.136 54970.38700364 53.05 240.576416  61.225211  7.059 -100.00 -100.00 -100.00
  32   140.893 54970.38700423 54.26 240.580934  61.223741 23.750 -100.00 -100.00 -100.00
  33   141.713 54980.30264983 43.43 240.568700  61.229231   -100 -100.00 -100.00 -100.00
  33   141.966 54980.30265042 34.64 240.573219  61.227761 29.031 -100.00 -100.00 -100.00
  33   141.224 54980.30265101 39.09 240.577738  61.226290   -100 -100.00 -100.00 -100.00
  33   141.144 54980.30265160 43.96 240.582256  61.224819   -100 -100.00 -100.00 -100.00
  34   137.438 54990.21829726 21.39 240.572603  61.229369  4.354 -100.00 -100.00 -100.00
  34   137.460 54990.21829785 21.40 240.577122  61.227898  5.325 -100.00 -100.00 -100.00
  34   137.469 54990.21829844 22.26 240.581641  61.226428  6.788 -100.00 -100.00 -100.00
  34   137.458 54990.21829903 22.12 240.586159  61.224957  7.346 -100.00 -100.00 -100.00
  35   142.244 55000.13394368 42.73 240.568406  61.230594   -100 -100.00 -100.00 -100.00
  35   142.114 55000.13394427 32.49 240.572926  61.229123 29.004 -100.00 -100.00 -100.00
  35   141.989 55000.13394486 30.37 240.577445  61.227653 23.019 -100.00 -100.00 -100.00
  35   141.739 55000.13394545 29.37 240.581963  61.226182 17.389 -100.00 -100.00 -100.00
  35   140.777 55000.13394604 38.70 240.586482  61.224711   -100 -100.00 -100.00 -100.00
  36   141.659 55010.04958908 40.98 240.569569  61.229670   -100 -100.00 -100.00 -100.00
  36   140.406 55010.04958967 41.59 240.574088  61.228199 14.059 -100.00 -100.00 -100.00
  36   140.413 55010.04959026 45.48 240.578607  61.226728   -100  273.14  273.46  269.57
  36   140.536 55010.04959085 44.11 240.583126  61.225257  8.299  273.14  273.46  269.57
  37   141.978 55019.96523251 43.75 240.567957  61.229913 29.734 -100.00 -100.00 -100.00
  37   141.127 55019.96523310 43.78 240.572477  61.228442 28.959 -100.00 -100.00 -100.00
  37   140.751 55019.96523369 49.34 240.576996  61.226971   -100 -100.00 -100.00 -100.00
  37   140.711 55019.96523428 52.37 240.581515  61.225500   -100 -100.00 -100.00 -100.00
  38   141.868 55029.88087532 34.49 240.571831  61.229727   -100 -100.00 -100.00 -100.00
  38   141.777 55029.88087591 29.96 240.576351  61.228256 22.340 -100.00 -100.00 -100.00
  38   141.593 55029.88087650 28.51 240.580870  61.226785 16.675 -100.00 -100.00 -100.00
  38   140.975 55029.88087709 32.93 240.585388  61.225314 32.610  270.65  270.91  267.78
  39   141.902 55039.79651709 40.96 240.572604  61.231057 18.859 -100.00 -100.00 -100.00
  39   140.946 55039.79651768 43.85 240.577123  61.229586 25.264 -100.00 -100.00 -100.00
  39   140.338 55039.79651827 49.03 240.581642  61.228115   -100 -100.00 -100.00 -100.00
  39   140.283 55039.79651886 52.22 240.586161  61.226644 23.771 -100.00 -100.00 -100.00
  39   140.410 55039.79651945 45.04 240.590679  61.225172   -100 -100.00 -100.00 -100.00
  40   140.528 55049.71215828 41.90 240.578857  61.230511 29.170 -100.00 -100.00 -100.00
  40   140.340 55049.71215887 47.27 240.583376  61.229040   -100 -100.00 -100.00 -100.00
  40   139.898 55049.71215946 56.43 240.587895  61.227569 20.851 -100.00 -100.00 -100.00
  40   139.882 55049.71216005 55.25 240.592413  61.226097 23.205  277.63  277.53  273.48
  41   141.955 55059.62779642 33.13 240.576019  61.230948   -100 -100.00 -100.00 -100.00
  41   141.791 55059.62779701 29.97 240.580538  61.229478 28.490 -100.00 -100.00 -100.00
  41   141.824 55059.62779760 26.92 240.585057  61.228007 18.063 -100.00 -100.00 -100.00
  41   141.188 55059.62779819 31.18 240.589575  61.226536 30.961 -100.00 -100.00 -100.00
  42   142.149 55069.54343635 32.65 240.571477  61.229863 27.733 -100.00 -100.00 -100.00
  42   142.008 55069.54343694 28.86 240.575996  61.228393 17.335 -100.00 -100.00 -100.00
  42   141.825 55069.54343753 28.07 240.580515  61.226922 14.603 -100.00 -100.00 -100.00
  42   141.370 55069.54343813 31.40 240.585034  61.225451 24.145 -100.00 -100.00 -100.00
  43   141.440 55079.45908514 42.94 240.562043  61.229459  5.868 -100.00 -100.00 -100.00
  43   141.829 55079.45908573 34.70 240.566563  61.227989   -100 -100.00 -100.00 -100.00
  43   141.854 55079.45908632 27.84 240.571082  61.226518 20.055 -100.00 -100.00 -100.00
  43   141.744 55079.45908691 28.18 240.575601  61.225048 23.626 -100.00 -100.00 -100.00
  43   141.988 55079.45908750 23.79 240.580119  61.223577  9.992 -100.00 -100.00 -100.00
  44   142.137 55089.37473293 33.72 240.563029  61.227887   -100 -100.00 -100.00 -100.00
  44   141.942 55089.37473352 30.81 240.567548  61.226416 28.632 -100.00 -100.00 -100.00
  44   141.865 55089.37473411 28.11 240.572067  61.224946 17.860 -100.00 -100.00 -100.00
  44   141.877 55089.37473470 27.73 240.576585  61.223475 14.293 -100.00 -100.00 -100.00
  45   139.414 55099.29037908 48.28 240.563750  61.228770  9.265  258.33  258.81  256.30
  45   139.703 55099.29037967 48.19 240.568269  61.227300   -100  258.33  258.81  256.30
  45   139.344 55099.29038026 53.13 240.572788  61.225829   -100  258.33  258.81  256.30
  45   139.356 55099.29038085 55.22 240.577307  61.224358 18.586  258.33  258.81  256.30
  46   142.097 55109.20602480 45.08 240.565974  61.229830 32.620 -100.00 -100.00 -100.00
  46   140.060 55109.20602539 46.07 240.570494  61.228359 29.401 -100.00 -100.00 -100.00
  46   139.386 55109.20602598 51.40 240.575013  61.226888 22.087 -100.00 -100.00 -100.00
  46   139.612 55109.20602657 54.05 240.579531  61.225417   -100 -100.00 -100.00 -100.00
  46   139.358 55109.20602716 55.39 240.584050  61.223946 16.779 -100.00 -100.00 -100.00
  47   139.892 55119.12166952 39.98 240.568935  61.228909 18.100 -100.00 -100.00 -100.00
  47   139.499 55119.12167011 44.06 240.573455  61.227438 28.249 -100.00 -100.00 -100.00
  47   139.435 55119.12167070 49.31 240.577974  61.225967   -100 -100.00 -100.00 -100.00
  47   139.091 55119.12167129 52.29 240.582492  61.224496  9.652 -100.00 -100.00 -100.00
  48   140.105 55129.03731085 41.99 240.562718  61.228948 15.460 -100.00 -100.00 -100.00
  48   139.738 55129.03731144 44.02 240.567238  61.227477 18.848 -100.00 -100.00 -100.00
  48   139.054 55129.03731203 50.43 240.571757  61.226007  4.949 -100.00 -100.00 -100.00
  48   139.290 55129.03731262 53.91 240.576276  61.224536   -100 -100.00 -100.00 -100.00
  49   186.364 55138.95295049 22.06 240.558961  61.228147 13.442 -100.00 -100.00 -100.00
  49   186.865 55138.95295108 25.00 240.563482  61.226676 15.856 -100.00 -100.00 -100.00
  49   186.349 55138.95295167 30.37 240.568001  61.225206   -100  256.05  254.12  252.04
  49   186.352 55138.95295226 19.66 240.572521  61.223735  2.620  256.05  254.12  252.04
  50   186.123 55148.86858944 14.53 240.561985  61.227705 12.577  257.79  255.45  252.71
  50   186.234 55148.86859003 17.82 240.566505  61.226235 23.491  257.79  255.45  252.71
  50   186.330 55148.86859062 13.22 240.571024  61.224764 19.878  257.79  255.45  252.71
  50   184.759 55148.86859121  9.96 240.575543  61.223293 20.055  257.79  255.45  252.71
  51   185.625 55158.78422799 18.67 240.566933  61.229301 22.201 -100.00 -100.00 -100.00
  51   185.757 55158.78422858 22.15 240.571453  61.227830   -100 -100.00 -100.00 -100.00
  51   186.246 55158.78422917 12.12 240.575973  61.226360 17.579 -100.00 -100.00 -100.00
  51   184.659 55158.78422976 13.07 240.580492  61.224889 27.374 -100.00 -100.00 -100.00
  52   137.877 55168.69986667 37.91 240.574893  61.229945   -100 -100.00 -100.00 -100.00
  52   137.823 55168.69986726 39.04 240.579413  61.228474   -100 -100.00 -100.00 -100.00
  52   137.705 55168.69986785 38.71 240.583932  61.227003  1.681 -100.00 -100.00 -100.00
  52   137.854 55168.69986845 36.69 240.588451  61.225532   -100 -100.00 -100.00 -100.00
  53   138.857 55178.61550364 31.36 240.574613  61.231478 27.704 -100.00 -100.00 -100.00
  53   139.115 55178.61550423 32.72 240.579133  61.230007 31.604 -100.00 -100.00 -100.00
  53   138.991 55178.61550482 33.21 240.583652  61.228536   -100 -100.00 -100.00 -100.00
  53   139.005 55178.61550541 32.93 240.588171  61.227065   -100 -100.00 -100.00 -100.00
  53   139.035 55178.61550600 32.23 240.592689  61.225594 32.613  245.79  241.28  232.18
  54   139.093 55188.53114936 30.16 240.574617  61.230047 24.630 -100.00 -100.00 -100.00
  54   139.295 55188.53114995 29.51 240.579136  61.228576 26.079 -100.00 -100.00 -100.00
  54   139.193 55188.53115054 31.20 240.583655  61.227105 30.788 -100.00 -100.00 -100.00
  54   139.037 55188.53115113 30.88 240.588173  61.225634 30.007 -100.00 -100.00 -100.00
  55   139.226 55198.44679952 27.68 240.568476  61.230354 19.464 -100.00 -100.00 -100.00
  55   139.190 55198.44680011 29.33 240.572995  61.228883 26.613 -100.00 -100.00 -100.00
  55   139.118 55198.44680070 29.29 240.577514  61.227412 23.734 -100.00 -100.00 -100.00
  55   139.294 55198.44680129 29.08 240.582033  61.225941 25.484 -100.00 -100.00 -100.00
  55   139.065 55198.44680188 29.38 240.586551  61.224470 26.758 -100.00 -100.00 -100.00
  56   139.205 55208.36244954 22.44 240.570497  61.229677 11.477 -100.00 -100.00 -100.00
  56   139.134 55208.36245013 23.39 240.575016  61.228207 12.432 -100.00 -100.00 -100.00
  56   139.081 55208.36245072 23.47 240.579534  61.226736 13.736 -100.00 -100.00 -100.00
  56   139.194 55208.36245131 23.25 240.584053  61.225265 12.150 -100.00 -100.00 -100.00
  57   139.070 55218.27809857 24.24 240.570581  61.230915 15.314 -100.00 -100.00 -100.00
  57   139.020 55218.27809916 25.21 240.575101  61.229444 17.985 -100.00 -100.00 -100.00
  57   139.158 55218.27809975 25.68 240.579619  61.227973 17.522 -100.00 -100.00 -100.00
  57   139.172 55218.27810034 25.03 240.584138  61.226502 14.671 -100.00 -100.00 -100.00
  57   139.013 55218.27810093 25.61 240.588655  61.225031 19.026 -100.00 -100.00 -100.00
  58   139.079 55228.19374705 24.42 240.571421  61.230758 14.067 -100.00 -100.00 -100.00
  58   138.949 55228.19374764 25.67 240.575940  61.229287 18.372 -100.00 -100.00 -100.00
  58   139.099 55228.19374823 25.35 240.580459  61.227816 16.005 -100.00 -100.00 -100.00
  58   139.134 55228.19374882 24.63 240.584977  61.226345 14.122 -100.00 -100.00 -100.00
  58   138.951 55228.19374941 24.96 240.589495  61.224873 16.895 -100.00 -100.00 -100.00
  59   139.104 55238.10939238 23.55 240.569374  61.229795 12.960 -100.00 -100.00 -100.00
  59   139.126 55238.10939297 25.01 240.573893  61.228324 15.316 -100.00 -100.00 -100.00
  59   139.237 55238.10939356 25.42 240.578412  61.226853 18.393 -100.00 -100.00 -100.00
  59   139.168 55238.10939415 24.56 240.582931  61.225382 14.401 -100.00 -100.00 -100.00
  60   139.133 55248.02503400 23.57 240.564706  61.228364 13.107 -100.00 -100.00 -100.00
  60   138.985 55248.02503459 24.63 240.569225  61.226893 14.703 -100.00 -100.00 -100.00
  60   139.225 55248.02503518 24.18 240.573744  61.225422 11.760 -100.00 -100.00 -100.00
  60   139.029 55248.02503577 24.28 240.578263  61.223951 14.118 -100.00 -100.00 -100.00
  61   139.104 55257.94067325 22.40 240.560641  61.227368  9.677 -100.00 -100.00 -100.00
  61   139.004 55257.94067384 22.54 240.565161  61.225898 10.156 -100.00 -100.00 -100.00
  61   139.118 55257.94067443 23.03 240.569680  61.224427 12.865 -100.00 -100.00 -100.00
  61   138.969 55257.94067502 23.15 240.574198  61.222956 12.059 -100.00 -100.00 -100.00
  62   138.901 55267.85631170 15.75 240.558243  61.228321  8.571 -100.00 -100.00 -100.00
  62   139.129 55267.85631229 16.46 240.562763  61.226851  8.721 -100.00 -100.00 -100.00
  62   139.015 55267.85631289 16.88 240.567282  61.225380  9.406 -100.00 -100.00 -100.00
  62   139.107 55267.85631348 16.02 240.571801  61.223909  8.567 -100.00 -100.00 -100.00
  62   138.848 55267.85631407 17.31 240.576319  61.222438 11.496 -100.00 -100.00 -100.00
  63   138.913 55277.77195049 17.75 240.563202  61.229071 10.351 -100.00 -100.00 -100.00
  63   138.992 55277.77195108 17.99 240.567722  61.227601  9.558 -100.00 -100.00 -100.00
  63   138.940 55277.77195167 19.61 240.572241  61.226130 14.937 -100.00 -100.00 -100.00
  63   138.799 55277.77195226 19.56 240.576759  61.224659 12.694 -100.00 -100.00 -100.00
  64   139.091 55287.68758822 16.92 240.569252  61.229473 11.337  243.16  233.77  216.42
  64   139.092 55287.68758881 17.18 240.573771  61.228002 11.041  243.16  233.77  216.42
  64   139.225 55287.68758940 17.07 240.578290  61.226531 10.447  243.16  233.77  216.42
  64   139.075 55287.68758999 18.53 240.582808  61.225060 15.205  243.16  233.77  216.42
  65   141.534 55297.60322286 13.62 240.568493  61.230715  8.735 -100.00 -100.00 -100.00
  65   141.326 55297.60322345 14.24 240.573012  61.229245 10.827 -100.00 -100.00 -100.00
  65   141.212 55297.60322404 14.35 240.577531  61.227774 10.361 -100.00 -100.00 -100.00
  65   140.872 55297.60322463 14.24 240.582050  61.226304 10.251 -100.00 -100.00 -100.00
  65   139.027 55297.60322523 16.19 240.586568  61.224833 15.885 -100.00 -100.00 -100.00
  66   139.865 55307.51886479 42.07 240.566159  61.229514   -100 -100.00 -100.00 -100.00
  66   139.746 55307.51886538 39.95 240.570679  61.228043   -100 -100.00 -100.00 -100.00
  66   141.591 55307.51886597 34.46 240.575197  61.226573 30.951 -100.00 -100.00 -100.00
  66   139.786 55307.51886656 42.90 240.579716  61.225103 12.474 -100.00 -100.00 -100.00
  67   142.029 55317.43451090 40.87 240.560665  61.228834   -100 -100.00 -100.00 -100.00
  67   141.266 55317.43451149 41.93 240.565184  61.227364   -100 -100.00 -100.00 -100.00
  67   141.733 55317.43451208 37.37 240.569703  61.225894   -100 -100.00 -100.00 -100.00
  67   141.259 55317.43451267 39.59 240.574221  61.224423   -100 -100.00 -100.00 -100.00
  67   141.490 55317.43451326 44.03 240.578739  61.222953   -100 -100.00 -100.00 -100.00
  68   142.319 55327.35015606 48.45 240.559378  61.229035   -100 -100.00 -100.00 -100.00
  68   142.101 55327.35015665 49.38 240.563897  61.227565  6.829 -100.00 -100.00 -100.00
  68   141.928 55327.35015725 52.57 240.568416  61.226095   -100 -100.00 -100.00 -100.00
  68   142.258 55327.35015784 52.12 240.572934  61.224625   -100 -100.00 -100.00 -100.00
  68   142.181 55327.35015843 55.12 240.577452  61.223154   -100 -100.00 -100.00 -100.00
  69   142.150 55337.26580073 46.52 240.563629  61.229855 29.828 -100.00 -100.00 -100.00
  69   139.718 55337.26580133 45.15 240.568148  61.228384   -100 -100.00 -100.00 -100.00
  69   141.807 55337.26580192 34.29 240.572667  61.226914 29.669 -100.00 -100.00 -100.00
  69   141.814 55337.26580251 31.11 240.577185  61.225443 20.164 -100.00 -100.00 -100.00
  69   142.060 55337.26580310 31.82 240.581703  61.223972 19.337 -100.00 -100.00 -100.00
  70   139.607 55347.18144532 44.17 240.571258  61.229901   -100 -100.00 -100.00 -100.00
  70   140.071 55347.18144591 46.29 240.575777  61.228430   -100 -100.00 -100.00 -100.00
  70   139.657 55347.18144650 51.33 240.580296  61.226959  5.417 -100.00 -100.00 -100.00
  70   139.510 55347.18144709 54.59 240.584814  61.225488   -100 -100.00 -100.00 -100.00
  71   141.969 55357.09708773 41.07 240.572659  61.230462 19.134 -100.00 -100.00 -100.00
  71   140.622 55357.09708832 45.26 240.577179  61.228991 23.778 -100.00 -100.00 -100.00
  71   139.882 55357.09708891 50.51 240.581697  61.227520 12.323 -100.00 -100.00 -100.00
  71   139.856 55357.09708950 54.60 240.586216  61.226049   -100 -100.00 -100.00 -100.00
  72   139.903 55367.01272832 40.86 240.574200  61.229571   -100 -100.00 -100.00 -100.00
  72   140.466 55367.01272891 44.21 240.578719  61.228100 25.145 -100.00 -100.00 -100.00
  72   139.725 55367.01272950 50.41 240.583238  61.226629  9.265 -100.00 -100.00 -100.00
  72   139.552 55367.01273009 40.36 240.587756  61.225158   -100 -100.00 -100.00 -100.00
  73   142.062 55376.92836720 34.12 240.573462  61.229343   -100 -100.00 -100.00 -100.00
  73   141.936 55376.92836779 31.60 240.577982  61.227873 27.106 -100.00 -100.00 -100.00
  73   141.819 55376.92836838 29.24 240.582500  61.226402 19.576 -100.00 -100.00 -100.00
  73   142.083 55376.92836898 27.27 240.587019  61.224931 13.910 -100.00 -100.00 -100.00
  74   141.946 55386.84400541 34.71 240.574906  61.229666   -100 -100.00 -100.00 -100.00
  74   141.814 55386.84400600 32.14 240.579425  61.228196   -100 -100.00 -100.00 -100.00
  74   141.727 55386.84400659 28.64 240.583944  61.226725 19.378 -100.00 -100.00 -100.00
  74   141.920 55386.84400718 27.24 240.588462  61.225253 15.409 -100.00 -100.00 -100.00
  75   139.809 55396.75964284 45.37 240.577739  61.230324 28.339 -100.00 -100.00 -100.00
  75   139.391 55396.75964343 48.46 240.582258  61.228853   -100 -100.00 -100.00 -100.00
  75   139.308 55396.75964402 53.59 240.586777  61.227382   -100 -100.00 -100.00 -100.00
  75   139.141 55396.75964461 56.66 240.591295  61.225911   -100 -100.00 -100.00 -100.00
  76   139.578 55406.67528518 46.19 240.578346  61.230951 26.416 -100.00 -100.00 -100.00
  76   139.039 55406.67528577 46.32 240.582865  61.229480   -100 -100.00 -100.00 -100.00
  76   138.949 55406.67528636 53.50 240.587384  61.228009 21.373 -100.00 -100.00 -100.00
  76   138.987 55406.67528695 55.61 240.591902  61.226538 12.686 -100.00 -100.00 -100.00
  77   141.973 55416.59093590 40.41 240.572114  61.230921 14.794 -100.00 -100.00 -100.00
  77   141.910 55416.59093649 32.02 240.576633  61.229450   -100 -100.00 -100.00 -100.00
  77   141.802 55416.59093708 29.34 240.581152  61.227980 29.073 -100.00 -100.00 -100.00
  77   141.664 55416.59093767 26.65 240.585671  61.226509 17.711 -100.00 -100.00 -100.00
  77   141.518 55416.59093827 26.30 240.590189  61.225038 15.847 -100.00 -100.00 -100.00
  78   142.108 55426.50658357 32.83 240.567152  61.229122 28.870 -100.00 -100.00 -100.00
  78   142.013 55426.50658416 29.79 240.571671  61.227652 20.211 -100.00 -100.00 -100.00
  78   141.828 55426.50658475 28.88 240.576190  61.226181 19.433 -100.00 -100.00 -100.00
  78   138.716 55426.50658534 36.36 240.580708  61.224710   -100 -100.00 -100.00 -100.00
  79   142.193 55436.42222853 33.24 240.563490  61.227771 26.895 -100.00 -100.00 -100.00
  79   142.025 55436.42222913 30.11 240.568009  61.226301 17.669 -100.00 -100.00 -100.00
  79   141.874 55436.42222972 29.65 240.572528  61.224830 15.394 -100.00 -100.00 -100.00
  79   142.191 55436.42223031 28.00 240.577046  61.223359 11.175 -100.00 -100.00 -100.00
  80   138.548 55446.33787221 47.60 240.562678  61.227674 28.582  262.63  264.28  261.52
  80   138.663 55446.33787280 50.46 240.567197  61.226203 10.618  262.63  264.28  261.52
  80   138.555 55446.33787339 53.63 240.571716  61.224733   -100  262.63  264.28  261.52
  80   138.478 55446.33787398 55.47 240.576234  61.223262 22.960  262.63  264.28  261.52
  81   142.038 55456.25351536 35.70 240.564393  61.228611   -100 -100.00 -100.00 -100.00
  81   141.937 55456.25351595 30.15 240.568913  61.227140 24.686 -100.00 -100.00 -100.00
  81   141.846 55456.25351654 29.51 240.573432  61.225670 19.426  252.32  252.67  251.47
  81   142.058 55456.25351713 28.36 240.577950  61.224199 16.812  252.32  252.67  251.47
  82   141.954 55466.16915784 44.08 240.566686  61.229750 31.391 -100.00 -100.00 -100.00
  82   139.272 55466.16915843 46.24 240.571206  61.228280 26.372 -100.00 -100.00 -100.00
  82   138.683 55466.16915902 51.64 240.575725  61.226809   -100 -100.00 -100.00 -100.00
  82   138.604 55466.16915961 54.41 240.580244  61.225338 11.833 -100.00 -100.00 -100.00
  83   142.101 55476.08479724 41.86 240.567886  61.229911 24.029 -100.00 -100.00 -100.00
  83   142.011 55476.08479783 33.88 240.572406  61.228441   -100 -100.00 -100.00 -100.00
  83   141.901 55476.08479842 30.11 240.576925  61.226970 20.931 -100.00 -100.00 -100.00
  83   141.767 55476.08479901 30.92 240.581444  61.225499 24.452 -100.00 -100.00 -100.00
  84   142.117 55486.00043352 36.76 240.567824  61.228996   -100 -100.00 -100.00 -100.00
  84   142.029 55486.00043411 33.34 240.572345  61.227526 26.138 -100.00 -100.00 -100.00
  84   141.906 55486.00043470 30.51 240.576864  61.226055 17.888 -100.00 -100.00 -100.00
  84   141.849 55486.00043529 30.00 240.581383  61.224584 15.810 -100.00 -100.00 -100.00
  85   141.991 55495.91606752 23.20 240.566132  61.228444 15.523  252.90  251.95  249.04
  85   141.911 55495.91606811 21.75 240.570652  61.226974 12.912  252.90  251.95  249.04
  85   141.836 55495.91606870 20.77 240.575172  61.225503 10.813  252.90  251.95  249.04
  85   141.475 55495.91606929 22.79 240.579691  61.224032 15.184  252.90  251.95  249.04
  86   142.248 55505.83170225 24.45 240.566551  61.229296 14.257 -100.00 -100.00 -100.00
  86   141.993 55505.83170284 24.03 240.571071  61.227826 15.626 -100.00 -100.00 -100.00
  86   141.822 55505.83170343 22.69 240.575591  61.226355 12.367 -100.00 -100.00 -100.00
  86   141.860 55505.83170402 22.55 240.580110  61.224884 10.260 -100.00 -100.00 -100.00
  87   185.325 55515.74735314 18.95 240.569696  61.229540 13.790 -100.00 -100.00 -100.00
  87   185.120 55515.74735373 21.82 240.574215  61.228069   -100 -100.00 -100.00 -100.00
  87   204.840 55515.74735432  5.80 240.578735  61.226599  7.845 -100.00 -100.00 -100.00
  87   204.996 55515.74735491  3.10 240.583254  61.225127  3.905  252.84  250.85  248.89
  88   137.393 55525.66300314 37.93 240.573483  61.230160   -100 -100.00 -100.00 -100.00
  88   137.428 55525.66300373 37.58 240.578003  61.228689   -100 -100.00 -100.00 -100.00
  88   137.304 55525.66300432 35.24 240.582522  61.227218   -100 -100.00 -100.00 -100.00
  88   137.475 55525.66300491 35.08 240.587040  61.225747 28.357 -100.00 -100.00 -100.00
  89   137.874 55535.57865059 26.52 240.571626  61.231216 11.247 -100.00 -100.00 -100.00
  89   137.890 55535.57865118 28.88 240.576146  61.229745 15.034 -100.00 -100.00 -100.00
  89   137.727 55535.57865177 28.97 240.580665  61.228274 16.982 -100.00 -100.00 -100.00
  89   137.653 55535.57865236 29.77 240.585184  61.226803 19.255 -100.00 -100.00 -100.00
  89   137.770 55535.57865295 27.11 240.589702  61.225332 12.970 -100.00 -100.00 -100.00
  90   137.756 55545.49429648 28.25 240.572778  61.229949 17.913  249.90  246.94  241.36
  90   137.676 55545.49429707 28.78 240.577297  61.228479 20.429  249.90  246.94  241.36
  90   137.725 55545.49429766 28.15 240.581816  61.227008 19.321  249.90  246.94  241.36
  90   137.754 55545.49429825 26.78 240.586334  61.225536 13.129  249.90  246.94  241.36
  91   137.954 55555.40993981 24.07 240.568926  61.230321  9.829 -100.00 -100.00 -100.00
  91   137.842 55555.40994040 27.64 240.573445  61.228851 19.971 -100.00 -100.00 -100.00
  91   138.048 55555.40994099 24.07 240.577964  61.227380 10.658 -100.00 -100.00 -100.00
  91   137.971 55555.40994158 26.07 240.582482  61.225909 15.685 -100.00 -100.00 -100.00
  91   137.773 55555.40994217 24.27 240.587000  61.224438 11.142 -100.00 -100.00 -100.00
  92   137.921 55565.32558250 25.97 240.568716  61.230521 15.134 -100.00 -100.00 -100.00
  92   137.909 55565.32558309 27.59 240.573235  61.229050 19.440 -100.00 -100.00 -100.00
  92   137.831 55565.32558368 26.62 240.577754  61.227579 17.609 -100.00 -100.00 -100.00
  92   137.733 55565.32558427 26.96 240.582273  61.226108 19.345 -100.00 -100.00 -100.00
  92   137.906 55565.32558486 24.30 240.586791  61.224637 11.383 -100.00 -100.00 -100.00
  93   137.759 55575.24122519 24.63 240.574061  61.229527 13.939 -100.00 -100.00 -100.00
  93   137.710 55575.24122578 24.54 240.578580  61.228056 13.104 -100.00 -100.00 -100.00
  93   137.882 55575.24122637 24.33 240.583099  61.226585 11.855 -100.00 -100.00 -100.00
  93   137.880 55575.24122696 23.77 240.587617  61.225114 13.027 -100.00 -100.00 -100.00
  94   137.880 55585.15686527 21.77 240.571376  61.230279  9.393 -100.00 -100.00 -100.00
  94   137.808 55585.15686586 23.47 240.575895  61.228808 13.896 -100.00 -100.00 -100.00
  94   137.996 55585.15686645 22.64 240.580414  61.227337 11.195 -100.00 -100.00 -100.00
  94   137.887 55585.15686704 21.56 240.584933  61.225866  9.623 -100.00 -100.00 -100.00
  95   137.789 55595.07250238 23.95 240.570582  61.229621 14.755 -100.00 -100.00 -100.00
  95   137.966 55595.07250297 24.79 240.575102  61.228151 17.249 -100.00 -100.00 -100.00
  95   137.947 55595.07250356 24.15 240.579621  61.226680 14.151 -100.00 -100.00 -100.00
  95   137.781 55595.07250415 24.77 240.584140  61.225209 18.173 -100.00 -100.00 -100.00
  96   137.841 55604.98813604 22.32 240.568003  61.229425 11.636 -100.00 -100.00 -100.00
  96   137.732 55604.98813663 23.00 240.572523  61.227954 14.188 -100.00 -100.00 -100.00
  96   137.913 55604.98813722 23.65 240.577042  61.226484 15.520 -100.00 -100.00 -100.00
  96   137.723 55604.98813781 22.13 240.581561  61.225013 11.905 -100.00 -100.00 -100.00
  97   137.789 55614.90376765 23.90 240.566001  61.230060 18.061 -100.00 -100.00 -100.00
  97   137.710 55614.90376824 24.28 240.570522  61.228590 20.229 -100.00 -100.00 -100.00
  97   137.654 55614.90376883 25.56 240.575041  61.227119 24.369 -100.00 -100.00 -100.00
  97   137.808 55614.90376942 24.12 240.579561  61.225649 17.182 -100.00 -100.00 -100.00
  97   137.814 55614.90377001 22.20 240.584080  61.224178 13.762  246.97  239.14  224.04
  98   137.971 55624.81940755 16.61 240.567466  61.230281  8.484 -100.00 -100.00 -100.00
  98   137.858 55624.81940814 17.17 240.571986  61.228811  8.551 -100.00 -100.00 -100.00
  98   137.715 55624.81940873 18.27 240.576506  61.227340 12.283  242.29  233.51  216.11
  98   137.608 55624.81940932 17.38 240.581026  61.225869  9.966  242.29  233.51  216.11
  98   137.715 55624.81940991 17.32 240.585544  61.224398  9.623  242.29  233.51  216.11
  99   137.847 55634.73506061 16.59 240.571254  61.229009  8.117 -100.00 -100.00 -100.00
  99   137.716 55634.73506120 16.65 240.575773  61.227539  8.915 -100.00 -100.00 -100.00
  99   137.779 55634.73506179 16.91 240.580292  61.226068  9.117 -100.00 -100.00 -100.00
  99   137.684 55634.73506238 16.54 240.584811  61.224597  8.355 -100.00 -100.00 -100.00
 100   137.731 55644.65071040 18.00 240.566657  61.230323 10.385 -100.00 -100.00 -100.00
 100   137.752 55644.65071099 17.43 240.571177  61.228852  8.771 -100.00 -100.00 -100.00
 100   137.593 55644.65071158 19.70 240.575696  61.227382 14.463 -100.00 -100.00 -100.00
 100   137.766 55644.65071217 17.96 240.580215  61.225911 10.999 -100.00 -100.00 -100.00
 100   137.538 55644.65071276 17.69 240.584733  61.224440  9.500 -100.00 -100.00 -100.00
 101   137.908 55654.56635805 16.29 240.566602  61.229568 15.774 -100.00 -100.00 -100.00
 101   137.957 55654.56635864 14.41 240.571121  61.228098 11.546 -100.00 -100.00 -100.00
 101   139.002 55654.56635923 13.77 240.575640  61.226627  9.125 -100.00 -100.00 -100.00
 101   139.365 55654.56635982 14.42 240.580158  61.225157 11.785 -100.00 -100.00 -100.00
 102   141.172 55664.48200125 13.94 240.567067  61.228300 14.254 -100.00 -100.00 -100.00
 102   141.512 55664.48200184 11.11 240.571586  61.226830  8.559 -100.00 -100.00 -100.00
 102   141.530 55664.48200243 10.48 240.576105  61.225360  7.421 -100.00 -100.00 -100.00
 102   141.605 55664.48200302 10.43 240.580623  61.223889  7.164 -100.00 -100.00 -100.00
 103   138.335 55674.39764102 11.13 240.565164  61.228402  8.779 -100.00 -100.00 -100.00
 103   137.952 55674.39764161 16.74 240.569683  61.226932 23.215 -100.00 -100.00 -100.00
 103   138.084 55674.39764220 15.54 240.574201  61.225462 19.582 -100.00 -100.00 -100.00
 103   137.965 55674.39764279 13.68 240.578719  61.223991 15.098  241.99  231.88  215.64
 104   142.257 55684.31327950 34.78 240.567515  61.228504 30.410 -100.00 -100.00 -100.00
 104   142.107 55684.31328009 31.62 240.572034  61.227034 23.904  260.54  260.44  259.90
 104   141.802 55684.31328068 33.69 240.576552  61.225563   -100  260.54  260.44  259.90
 104   142.007 55684.31328127 34.42 240.581070  61.224093 31.043  260.54  260.44  259.90
 105   142.053 55694.22891636 42.85 240.568464  61.230448   -100 -100.00 -100.00 -100.00
 105   141.975 55694.22891695 36.88 240.572983  61.228977 29.957 -100.00 -100.00 -100.00
 105   141.781 55694.22891754 35.26 240.577502  61.227507 22.245 -100.00 -100.00 -100.00
 105   141.944 55694.22891813 33.08 240.582020  61.226036 16.922 -100.00 -100.00 -100.00
 105   142.356 55694.22891872 30.25 240.586538  61.224565  9.328 -100.00 -100.00 -100.00
 106   142.116 55704.14455253 35.13 240.575233  61.230832   -100 -100.00 -100.00 -100.00
 106   141.926 55704.14455312 33.48 240.579753  61.229361 28.520 -100.00 -100.00 -100.00
 106   141.669 55704.14455371 34.27 240.584272  61.227891 32.399 -100.00 -100.00 -100.00
 106   141.920 55704.14455430 28.37 240.588790  61.226420 13.397 -100.00 -100.00 -100.00
 107   141.879 55714.06019827 39.26 240.574609  61.231559  3.464 -100.00 -100.00 -100.00
 107   142.011 55714.06019886 31.19 240.579129  61.230088 27.576 -100.00 -100.00 -100.00
 107   141.847 55714.06019945 29.44 240.583648  61.228617 21.769 -100.00 -100.00 -100.00
 107   141.656 55714.06020004 30.18 240.588167  61.227146 23.648 -100.00 -100.00 -100.00
 107   142.144 55714.06020063 25.74 240.592686  61.225675  9.737 -100.00 -100.00 -100.00
 108   141.980 55723.97584758 33.98 240.575758  61.230229 17.024 -100.00 -100.00 -100.00
 108   141.734 55723.97584817 34.82 240.580277  61.228759 25.398 -100.00 -100.00 -100.00
 108   139.630 55723.97584876 42.23 240.584796  61.227288   -100 -100.00 -100.00 -100.00
 108   139.449 55723.97584935 40.49 240.589315  61.225817   -100 -100.00 -100.00 -100.00
 109   141.964 55733.89149460 33.69 240.574081  61.229990   -100 -100.00 -100.00 -100.00
 109   141.839 55733.89149520 31.16 240.578600  61.228519   -100 -100.00 -100.00 -100.00
 109   141.727 55733.89149579 28.57 240.583119  61.227048 26.512 -100.00 -100.00 -100.00
 109   141.781 55733.89149638 26.72 240.587637  61.225577 18.607 -100.00 -100.00 -100.00
 110   142.131 55743.80714020 36.48 240.571228  61.230692   -100 -100.00 -100.00 -100.00
 110   142.042 55743.80714079 29.41 240.575748  61.229221 24.786 -100.00 -100.00 -100.00
 110   141.932 55743.80714138 28.14 240.580267  61.227751 20.645 -100.00 -100.00 -100.00
 110   141.686 55743.80714197 28.24 240.584785  61.226279 21.583 -100.00 -100.00 -100.00
 110   140.750 55743.80714256 31.59 240.589303  61.224808   -100 -100.00 -100.00 -100.00
 111   140.523 55753.72278513 40.38 240.574071  61.229495 18.786 -100.00 -100.00 -100.00
 111   139.822 55753.72278572 46.65 240.578590  61.228024   -100 -100.00 -100.00 -100.00
 111   139.716 55753.72278631 50.81 240.583109  61.226553   -100 -100.00 -100.00 -100.00
 111   139.610 55753.72278690 54.50 240.587627  61.225082   -100 -100.00 -100.00 -100.00
 112   141.882 55763.63842704 38.30 240.570697  61.229761 21.144 -100.00 -100.00 -100.00
 112   139.458 55763.63842763 41.73 240.575216  61.228290 24.251 -100.00 -100.00 -100.00
 112   139.338 55763.63842822 46.37 240.579735  61.226819 26.231 -100.00 -100.00 -100.00
 112   139.582 55763.63842881 38.32 240.584254  61.225348   -100 -100.00 -100.00 -100.00
 113   141.834 55773.55406599 37.94 240.565742  61.230065   -100 -100.00 -100.00 -100.00
 113   139.614 55773.55406658 38.45 240.570262  61.228594   -100 -100.00 -100.00 -100.00
 113   139.245 55773.55406717 44.67 240.574781  61.227124 23.949 -100.00 -100.00 -100.00
 113   139.512 55773.55406776 42.80 240.579300  61.225653   -100 -100.00 -100.00 -100.00
 113   139.647 55773.55406835 45.80 240.583818  61.224183   -100 -100.00 -100.00 -100.00
 114   141.962 55783.46970232 29.23 240.567278  61.228442 32.502  267.00  267.37  263.78
 114   141.763 55783.46970292 27.30 240.571797  61.226971 26.305  267.00  267.37  263.78
 114   141.654 55783.46970351 25.53 240.576316  61.225501 19.333  267.00  267.37  263.78
 114   141.897 55783.46970410 23.12 240.580834  61.224030 12.683  267.00  267.37  263.78
 115   139.032 55793.38533571 39.67 240.567688  61.229172   -100 -100.00 -100.00 -100.00
 115   140.113 55793.38533630 43.53 240.572207  61.227702 20.984 -100.00 -100.00 -100.00
 115   139.383 55793.38533689 54.42 240.576726  61.226231   -100 -100.00 -100.00 -100.00
 115   139.330 55793.38533748 53.42 240.581245  61.224761   -100 -100.00 -100.00 -100.00
 116   141.883 55803.30097108 38.67 240.569047  61.230673   -100 -100.00 -100.00 -100.00
 116   138.960 55803.30097167 38.55 240.573567  61.229202  2.060 -100.00 -100.00 -100.00
 116   141.643 55803.30097226 28.22 240.578086  61.227732 18.759 -100.00 -100.00 -100.00
 116   138.959 55803.30097285 39.89 240.582605  61.226261 18.499 -100.00 -100.00 -100.00
 116   139.356 55803.30097344 38.59 240.587123  61.224790   -100 -100.00 -100.00 -100.00
 117   141.681 55813.21662109 38.38 240.572148  61.229996 21.657 -100.00 -100.00 -100.00
 117   139.809 55813.21662168 42.45 240.576668  61.228526 27.672 -100.00 -100.00 -100.00
 117   139.117 55813.21662227 48.87 240.581187  61.227055   -100 -100.00 -100.00 -100.00
 117   139.363 55813.21662286 53.67 240.585706  61.225584   -100 -100.00 -100.00 -100.00
 118   142.135 55823.13226874 33.43 240.570515  61.229866   -100  265.04  265.15  262.73
 118   141.628 55823.13226933 29.12 240.575035  61.228395 25.630  265.04  265.15  262.73
 118   141.402 55823.13226992 29.29 240.579554  61.226924 27.438  265.04  265.15  262.73
 118   141.334 55823.13227052 30.74 240.584073  61.225453 29.894  265.04  265.15  262.73
 119   141.884 55833.04791162 37.33 240.568286  61.229502 12.965 -100.00 -100.00 -100.00
 119   139.552 55833.04791221 41.45 240.572806  61.228031   -100 -100.00 -100.00 -100.00
 119   139.276 55833.04791280 52.46 240.577325  61.226561   -100 -100.00 -100.00 -100.00
 119   139.056 55833.04791339 51.93 240.581845  61.225090   -100 -100.00 -100.00 -100.00
 120   141.644 55842.96355049 37.35 240.568354  61.228959   -100 -100.00 -100.00 -100.00
 120   141.608 55842.96355108 29.91 240.572874  61.227488 31.015  263.11  262.85  261.54
 120   139.088 55842.96355167 32.58 240.577394  61.226017   -100  263.11  262.85  261.54
 120   139.351 55842.96355227 37.58 240.581913  61.224547   -100  263.11  262.85  261.54
 121   141.894 55852.87918624 36.13 240.568593  61.229783 11.492 -100.00 -100.00 -100.00
 121   141.757 55852.87918683 31.93 240.573114  61.228313   -100 -100.00 -100.00 -100.00
 121   141.609 55852.87918742 25.80 240.577634  61.226842 23.086 -100.00 -100.00 -100.00
 121   141.764 55852.87918801 24.31 240.582153  61.225371 16.176 -100.00 -100.00 -100.00
 122   141.868 55862.79482211 25.11 240.573698  61.230342 23.041 -100.00 -100.00 -100.00
 122   141.597 55862.79482270 25.19 240.578218  61.228872 24.715 -100.00 -100.00 -100.00
 122   141.642 55862.79482329 23.27 240.582738  61.227401 15.396  259.17  258.06  256.41
 122   141.437 55862.79482388 20.86 240.587257  61.225930 12.429  259.17  258.06  256.41
 123   139.527 55872.71047637 39.48 240.573568  61.230616 31.949 -100.00 -100.00 -100.00
 123   139.338 55872.71047696 41.44 240.578088  61.229146   -100 -100.00 -100.00 -100.00
 123   139.298 55872.71047755 45.72 240.582607  61.227675  1.663 -100.00 -100.00 -100.00
 123   139.265 55872.71047814 47.81 240.587126  61.226204 18.015 -100.00 -100.00 -100.00
 133   141.226 55971.86691381 12.75 240.566467  61.228190  6.562 -100.00 -100.00 -100.00
 133   141.477 55971.86691440 12.25 240.570987  61.226719  5.814 -100.00 -100.00 -100.00
 133   140.827 55971.86691499 13.21 240.575506  61.225248  8.136 -100.00 -100.00 -100.00
 133   140.891 55971.86691558 12.91 240.580025  61.223777  7.270 -100.00 -100.00 -100.00
 134   141.440 55981.78255032 11.62 240.571259  61.229390  5.212 -100.00 -100.00 -100.00
 134   141.380 55981.78255091 11.82 240.575778  61.227919  6.267 -100.00 -100.00 -100.00
 134   141.199 55981.78255150 12.86 240.580297  61.226448  8.171 -100.00 -100.00 -100.00
 134   140.925 55981.78255209 12.16 240.584816  61.224977  6.575 -100.00 -100.00 -100.00
 135   141.221 55991.69818535 13.68 240.574636  61.230201  6.635 -100.00 -100.00 -100.00
 135   138.453 55991.69818594 15.41 240.579156  61.228730 10.560  241.33  231.27  213.20
 135   138.853 55991.69818653 14.79 240.583675  61.227260  9.291  241.33  231.27  213.20
 135   138.921 55991.69818712 14.65 240.588193  61.225789  9.165  241.33  231.27  213.20
 136   141.947 56001.61383171 11.04 240.569690  61.230631  5.176 -100.00 -100.00 -100.00
 136   141.635 56001.61383231 11.46 240.574210  61.229160  6.465 -100.00 -100.00 -100.00
 136   141.822 56001.61383290 11.13 240.578729  61.227690  5.510 -100.00 -100.00 -100.00
 136   139.681 56001.61383349 11.80 240.583247  61.226219  6.947 -100.00 -100.00 -100.00
 136   141.039 56001.61383408 11.79 240.587766  61.224748  7.363 -100.00 -100.00 -100.00
 137   141.191 56011.52948176 11.51 240.565904  61.229080  6.687  244.91  235.30  217.35
 137   141.325 56011.52948235 11.64 240.570423  61.227610  6.340  244.91  235.30  217.35
 137   141.320 56011.52948294 12.06 240.574942  61.226140  6.171  244.91  235.30  217.35
 137   141.184 56011.52948354 11.24 240.579460  61.224669  6.110  244.91  235.30  217.35
 138   142.292 56021.44512774 10.50 240.561226  61.229305  4.689 -100.00 -100.00 -100.00
 138   142.146 56021.44512833 11.45 240.565745  61.227835  5.739 -100.00 -100.00 -100.00
 138   141.831 56021.44512892 10.94 240.570264  61.226365  6.039 -100.00 -100.00 -100.00
 138   141.999 56021.44512951 10.66 240.574783  61.224895  5.137 -100.00 -100.00 -100.00
 138   142.028 56021.44513010 10.96 240.579301  61.223424  5.428 -100.00 -100.00 -100.00
 139   138.430 56031.36077137 10.59 240.563569  61.229366  8.051 -100.00 -100.00 -100.00
 139   140.915 56031.36077196 11.13 240.568088  61.227896  8.658 -100.00 -100.00 -100.00
 139   141.760 56031.36077255 10.00 240.572606  61.226425  7.438 -100.00 -100.00 -100.00
 139   141.068 56031.36077315 10.83 240.577124  61.224954  9.550 -100.00 -100.00 -100.00
 139   140.852 56031.36077374 11.33 240.581642  61.223484 10.429 -100.00 -100.00 -100.00
 141   142.066 56051.19205252 39.25 240.574084  61.230479   -100 -100.00 -100.00 -100.00
 141   141.931 56051.19205311 33.79 240.578602  61.229008 24.901 -100.00 -100.00 -100.00
 141   141.595 56051.19205370 36.24 240.583121  61.227538 31.449 -100.00 -100.00 -100.00
 141   139.256 56051.19205429 39.40 240.587639  61.226067   -100 -100.00 -100.00 -100.00
 142   140.388 56061.10768873 45.26 240.574840  61.231387   -100 -100.00 -100.00 -100.00
 142   140.242 56061.10768932 47.05 240.579359  61.229916 21.657 -100.00 -100.00 -100.00
 142   140.291 56061.10768991 45.58 240.583878  61.228445 14.590 -100.00 -100.00 -100.00
 142   140.301 56061.10769050 50.15 240.588396  61.226974   -100 -100.00 -100.00 -100.00
 142   140.368 56061.10769109 41.53 240.592915  61.225503   -100 -100.00 -100.00 -100.00
 143   142.278 56071.02332658 41.42 240.574794  61.231181   -100 -100.00 -100.00 -100.00
 143   142.105 56071.02332717 35.35 240.579313  61.229710 25.537 -100.00 -100.00 -100.00
 143   141.772 56071.02332776 34.51 240.583833  61.228239 23.550 -100.00 -100.00 -100.00
 143   141.827 56071.02332835 32.37 240.588351  61.226768 14.837 -100.00 -100.00 -100.00
 144   141.869 56080.93897741 33.93 240.574832  61.229657   -100 -100.00 -100.00 -100.00
 144   141.751 56080.93897800 32.18 240.579351  61.228186 29.158 -100.00 -100.00 -100.00
 144   141.636 56080.93897859 31.25 240.583870  61.226715 21.224 -100.00 -100.00 -100.00
 144   140.522 56080.93897918 38.36 240.588389  61.225244   -100 -100.00 -100.00 -100.00
 145   142.005 56090.85462530 36.49 240.573388  61.229871   -100 -100.00 -100.00 -100.00
 145   141.942 56090.85462589 30.40 240.577907  61.228400 23.354 -100.00 -100.00 -100.00
 145   141.809 56090.85462648 28.83 240.582426  61.226929 18.286 -100.00 -100.00 -100.00
 145   140.264 56090.85462707 35.44 240.586944  61.225458   -100 -100.00 -100.00 -100.00
 146   141.513 56100.77027091 42.60 240.573458  61.230637 22.390 -100.00 -100.00 -100.00
 146   140.705 56100.77027150 45.77 240.577977  61.229166 32.646 -100.00 -100.00 -100.00
 146   140.096 56100.77027209 52.13 240.582496  61.227695   -100 -100.00 -100.00 -100.00
 146   140.144 56100.77027268 55.07 240.587014  61.226224   -100 -100.00 -100.00 -100.00
 147   142.061 56110.68590225 42.96 240.571671  61.230985   -100 -100.00 -100.00 -100.00
 147   141.974 56110.68590284 33.77 240.576191  61.229514   -100 -100.00 -100.00 -100.00
 147   141.829 56110.68590343 30.94 240.580710  61.228043   -100 -100.00 -100.00 -100.00
 147   141.762 56110.68590402 28.04 240.585228  61.226572 19.928 -100.00 -100.00 -100.00
 147   141.689 56110.68590461 29.60 240.589746  61.225101 25.074 -100.00 -100.00 -100.00
 148   142.039 56120.60154193 40.88 240.568720  61.230361 30.158 -100.00 -100.00 -100.00
 148   141.968 56120.60154252 30.63 240.573240  61.228890   -100 -100.00 -100.00 -100.00
 148   141.877 56120.60154311 27.25 240.577758  61.227419 24.757 -100.00 -100.00 -100.00
 148   141.770 56120.60154370 25.70 240.582277  61.225949 19.282 -100.00 -100.00 -100.00
 148   141.987 56120.60154429 24.09 240.586795  61.224478 15.701 -100.00 -100.00 -100.00
 149   140.152 56130.51717807 40.83 240.566800  61.229112   -100 -100.00 -100.00 -100.00
 149   140.444 56130.51717866 43.55 240.571320  61.227642 32.514 -100.00 -100.00 -100.00
 149   139.801 56130.51717925 56.03 240.575839  61.226171   -100 -100.00 -100.00 -100.00
 149   139.819 56130.51717984 54.05 240.580357  61.224701   -100 -100.00 -100.00 -100.00
 150   141.866 56140.43281185 30.16 240.567633  61.228404 26.377  268.09  267.88  264.28
 150   141.726 56140.43281245 26.61 240.572153  61.226934 15.840  268.09  267.88  264.28
 150   139.586 56140.43281304 33.42 240.576671  61.225464   -100  268.09  267.88  264.28
 150   139.776 56140.43281363 36.03 240.581190  61.223993   -100  268.09  267.88  264.28
 151   141.815 56150.34846268 30.87 240.567172  61.228858   -100 -100.00 -100.00 -100.00
 151   141.676 56150.34846327 26.28 240.571691  61.227388 28.015 -100.00 -100.00 -100.00
 151   141.534 56150.34846386 25.38 240.576210  61.225917 27.826 -100.00 -100.00 -100.00
 151   141.767 56150.34846445 23.85 240.580728  61.224446 20.768 -100.00 -100.00 -100.00
 152   139.245 56160.26411200 37.21 240.571622  61.229292   -100 -100.00 -100.00 -100.00
 152   139.989 56160.26411259 44.67 240.576141  61.227822   -100 -100.00 -100.00 -100.00
 152   139.422 56160.26411318 54.11 240.580660  61.226351   -100 -100.00 -100.00 -100.00
 152   139.449 56160.26411377 54.14 240.585178  61.224880   -100 -100.00 -100.00 -100.00
 153   141.988 56170.17975941 33.35 240.572560  61.229953 21.155 -100.00 -100.00 -100.00
 153   141.766 56170.17976000 28.48 240.577079  61.228482 15.384 -100.00 -100.00 -100.00
 153   141.022 56170.17976059 30.65 240.581598  61.227011 22.240 -100.00 -100.00 -100.00
 153   139.499 56170.17976118 37.06 240.586117  61.225540   -100 -100.00 -100.00 -100.00
 154   142.013 56180.09540297 32.66 240.571042  61.229263   -100 -100.00 -100.00 -100.00
 154   141.807 56180.09540356 26.57 240.575562  61.227792 31.558 -100.00 -100.00 -100.00
 154   141.447 56180.09540415 24.07 240.580081  61.226321 25.205 -100.00 -100.00 -100.00
 154   141.683 56180.09540474 22.21 240.584600  61.224850 15.527 -100.00 -100.00 -100.00
 155   141.849 56190.01104213 31.25 240.566059  61.228947   -100 -100.00 -100.00 -100.00
 155   141.730 56190.01104272 28.16 240.570579  61.227477   -100 -100.00 -100.00 -100.00
 155   141.578 56190.01104331 26.05 240.575098  61.226006 25.915 -100.00 -100.00 -100.00
 155   141.828 56190.01104390 22.52 240.579617  61.224535 14.195 -100.00 -100.00 -100.00
 156   141.772 56199.92667838 32.24 240.562435  61.229556   -100 -100.00 -100.00 -100.00
 156   141.901 56199.92667897 27.87 240.566955  61.228086 32.419 -100.00 -100.00 -100.00
 156   141.643 56199.92667956 26.70 240.571475  61.226615 32.285 -100.00 -100.00 -100.00
 156   141.666 56199.92668016 23.86 240.575994  61.225145 19.938 -100.00 -100.00 -100.00
 156   141.913 56199.92668075 21.79 240.580513  61.223674 12.567 -100.00 -100.00 -100.00
 157   141.760 56209.84231312 35.23 240.568553  61.230067 17.711 -100.00 -100.00 -100.00
 157   141.664 56209.84231371 28.71 240.573073  61.228597   -100  261.29  260.74  259.77
 157   141.507 56209.84231430 25.76 240.577593  61.227126   -100  261.29  260.74  259.77
 157   141.609 56209.84231489 22.96 240.582112  61.225655 20.237  261.29  260.74  259.77
 158   141.895 56219.75794623 23.66 240.577025  61.231240 24.361 -100.00 -100.00 -100.00
 158   141.791 56219.75794682 21.57 240.581545  61.229769 16.446 -100.00 -100.00 -100.00
 158   141.749 56219.75794741 19.64 240.586064  61.228298 11.112 -100.00 -100.00 -100.00
 158   141.526 56219.75794800 20.32 240.590584  61.226827 13.265 -100.00 -100.00 -100.00
 159   140.034 56229.67359556 41.78 240.581661  61.231182 22.727 -100.00 -100.00 -100.00
 159   139.439 56229.67359615 43.92 240.586181  61.229711   -100 -100.00 -100.00 -100.00
 159   139.198 56229.67359674 49.17 240.590700  61.228240   -100 -100.00 -100.00 -100.00
 159   139.489 56229.67359734 50.22 240.595218  61.226768   -100 -100.00 -100.00 -100.00
 160   138.453 56239.58924855 38.88 240.576155  61.231682   -100 -100.00 -100.00 -100.00
 160   138.352 56239.58924914 39.67 240.580674  61.230211   -100 -100.00 -100.00 -100.00
 160   138.267 56239.58924973 42.90 240.585194  61.228741 11.461 -100.00 -100.00 -100.00
 160   138.434 56239.58925032 45.18 240.589712  61.227269 17.254 -100.00 -100.00 -100.00
 160   138.213 56239.58925092 42.71 240.594231  61.225798 10.365 -100.00 -100.00 -100.00
 161   138.209 56249.50489782 36.70 240.571597  61.231092   -100 -100.00 -100.00 -100.00
 161   138.409 56249.50489841 38.75 240.576116  61.229621   -100 -100.00 -100.00 -100.00
 161   138.129 56249.50489900 41.82 240.580635  61.228150  6.601 -100.00 -100.00 -100.00
 161   138.352 56249.50489959 43.97 240.585154  61.226679   -100 -100.00 -100.00 -100.00
 161   138.036 56249.50490018 46.88 240.589672  61.225208   -100 -100.00 -100.00 -100.00
 162   138.908 56259.42054272 30.98 240.571725  61.229712   -100 -100.00 -100.00 -100.00
 162   138.735 56259.42054331 33.03 240.576244  61.228242   -100 -100.00 -100.00 -100.00
 162   139.027 56259.42054390 28.47 240.580763  61.226771 24.384 -100.00 -100.00 -100.00
 162   138.811 56259.42054449 27.87 240.585281  61.225300 22.936 -100.00 -100.00 -100.00
 163   139.659 56269.33618478 26.80 240.573412  61.229728 22.971 -100.00 -100.00 -100.00
 163   139.914 56269.33618537 25.95 240.577932  61.228257 18.883 -100.00 -100.00 -100.00
 163   139.734 56269.33618596 26.14 240.582451  61.226786 21.492 -100.00 -100.00 -100.00
 163   139.585 56269.33618655 25.51 240.586969  61.225315 18.908 -100.00 -100.00 -100.00
 164   139.843 56279.25182473 24.02 240.572941  61.230891 17.264 -100.00 -100.00 -100.00
 164   139.801 56279.25182532 24.42 240.577461  61.229421 16.970 -100.00 -100.00 -100.00
 164   139.918 56279.25182591 23.30 240.581980  61.227950 17.209 -100.00 -100.00 -100.00
 164   139.902 56279.25182650 23.66 240.586499  61.226479 15.785 -100.00 -100.00 -100.00
 164   139.637 56279.25182709 25.20 240.591017  61.225007 22.718 -100.00 -100.00 -100.00
 165   139.809 56289.16747483 23.03 240.570894  61.231047 16.074 -100.00 -100.00 -100.00
 165   139.746 56289.16747542 25.36 240.575414  61.229576 23.897 -100.00 -100.00 -100.00
 165   139.786 56289.16747601 23.67 240.579933  61.228105 18.180 -100.00 -100.00 -100.00
 165   139.843 56289.16747660 23.22 240.584452  61.226634 15.483 -100.00 -100.00 -100.00
 165   139.853 56289.16747719 23.08 240.588971  61.225163 16.636 -100.00 -100.00 -100.00
 166   139.694 56299.08312292 22.76 240.566481  61.230093 15.491 -100.00 -100.00 -100.00
 166   139.575 56299.08312351 22.84 240.571001  61.228622 16.222 -100.00 -100.00 -100.00
 166   139.802 56299.08312410 22.03 240.575520  61.227151 15.128  255.59  250.90  238.48
 166   139.618 56299.08312469 23.33 240.580039  61.225680 18.717  255.59  250.90  238.48
 166   139.758 56299.08312528 22.83 240.584558  61.224209 16.656  255.59  250.90  238.48
 167   139.598 56308.99876740 20.97 240.564089  61.228048 13.018 -100.00 -100.00 -100.00
 167   139.439 56308.99876799 20.80 240.568609  61.226577 12.959 -100.00 -100.00 -100.00
 167   139.405 56308.99876858 23.33 240.573128  61.225107 21.741 -100.00 -100.00 -100.00
 167   139.422 56308.99876917 21.40 240.577647  61.223636 15.836 -100.00 -100.00 -100.00
 168   139.414 56318.91440918 18.03 240.560550  61.227851 11.100 -100.00 -100.00 -100.00
 168   139.288 56318.91440977 17.04 240.565070  61.226380  8.319 -100.00 -100.00 -100.00
 168   139.466 56318.91441036 17.15 240.569589  61.224910  9.898 -100.00 -100.00 -100.00
 168   139.448 56318.91441095 16.89 240.574108  61.223439  8.961 -100.00 -100.00 -100.00
 169   139.194 56328.83005041 18.33 240.562880  61.228630 11.477  251.73  244.01  226.50
 169   139.329 56328.83005100 17.82 240.567400  61.227159 10.475  251.73  244.01  226.50
 169   139.297 56328.83005159 16.92 240.571919  61.225688  9.221  251.73  244.01  226.50
 169   139.406 56328.83005218 18.11 240.576438  61.224218 10.223  251.73  244.01  226.50
 170   139.233 56338.74569119 17.61 240.569494  61.229462  9.719 -100.00 -100.00 -100.00
 170   139.254 56338.74569178 17.80 240.574014  61.227991 11.234 -100.00 -100.00 -100.00
 170   139.372 56338.74569237 16.59 240.578533  61.226520  7.555 -100.00 -100.00 -100.00
 170   139.176 56338.74569296 17.45 240.583052  61.225049  9.229 -100.00 -100.00 -100.00
 171   139.111 56348.66132958 17.31 240.572541  61.230782  8.894 -100.00 -100.00 -100.00
 171   139.042 56348.66133017 18.60 240.577060  61.229312 12.501 -100.00 -100.00 -100.00
 171   139.233 56348.66133076 18.82 240.581579  61.227841 12.369 -100.00 -100.00 -100.00
 171   139.147 56348.66133135 17.76 240.586098  61.226370 10.833 -100.00 -100.00 -100.00
 172   138.980 56358.57696518 18.18 240.574369  61.230055 12.066 -100.00 -100.00 -100.00
 172   139.183 56358.57696577 17.11 240.578888  61.228585 10.211  244.85  234.59  217.19
 172   139.131 56358.57696636 17.82 240.583407  61.227114 10.261  244.85  234.59  217.19
 172   138.970 56358.57696695 19.17 240.587926  61.225643 14.714  244.85  234.59  217.19
 173   139.001 56368.49261527 21.11 240.567341  61.228931 18.322 -100.00 -100.00 -100.00
 173   139.270 56368.49261586 18.81 240.571860  61.227461 11.707 -100.00 -100.00 -100.00
 173   139.082 56368.49261645 19.59 240.576379  61.225990 14.563 -100.00 -100.00 -100.00
 173   139.217 56368.49261705 18.35 240.580897  61.224520 11.480 -100.00 -100.00 -100.00
 175   139.042 56388.32390867 21.35 240.567049  61.228453 21.203 -100.00 -100.00 -100.00
 175   139.310 56388.32390926 16.90 240.571568  61.226983  9.530 -100.00 -100.00 -100.00
 175   139.118 56388.32390986 19.06 240.576086  61.225512 15.563 -100.00 -100.00 -100.00
 175   139.221 56388.32391045 18.53 240.580604  61.224041 14.154 -100.00 -100.00 -100.00
 176   160.832 56398.23955220  4.83 240.571640  61.230153  5.109 -100.00 -100.00 -100.00
 176   161.590 56398.23955279  4.29 240.576159  61.228682  3.715 -100.00 -100.00 -100.00
 176   162.233 56398.23955338  3.85 240.580677  61.227211  3.973 -100.00 -100.00 -100.00
 176   162.782 56398.23955397  3.88 240.585195  61.225740  3.883 -100.00 -100.00 -100.00
 178   140.225 56418.07083025 38.09 240.577653  61.231111  1.445 -100.00 -100.00 -100.00
 178   140.132 56418.07083084 38.61 240.582172  61.229640  1.857 -100.00 -100.00 -100.00
 178   140.387 56418.07083143 36.34 240.586691  61.228169   -100 -100.00 -100.00 -100.00
 178   140.468 56418.07083202 38.03 240.591209  61.226698   -100 -100.00 -100.00 -100.00
 179   141.958 56427.98646207 42.88 240.574909  61.231535   -100 -100.00 -100.00 -100.00
 179   141.886 56427.98646266 36.41 240.579429  61.230064 28.142 -100.00 -100.00 -100.00
 179   141.722 56427.98646325 34.63 240.583948  61.228593 18.034 -100.00 -100.00 -100.00
 179   141.330 56427.98646384 37.70 240.588467  61.227122   -100 -100.00 -100.00 -100.00
 179   140.867 56427.98646443 42.78 240.592986  61.225651   -100 -100.00 -100.00 -100.00
 180   142.105 56437.90211591 35.22 240.572851  61.229616 30.736 -100.00 -100.00 -100.00
 180   141.926 56437.90211650 33.12 240.577370  61.228145 25.007 -100.00 -100.00 -100.00
 180   141.753 56437.90211709 33.60 240.581889  61.226674 25.343 -100.00 -100.00 -100.00
 180   140.722 56437.90211768 40.71 240.586408  61.225203   -100 -100.00 -100.00 -100.00
 181   142.062 56447.81776698 41.80 240.569362  61.229838 10.041 -100.00 -100.00 -100.00
 181   141.966 56447.81776757 30.75 240.573881  61.228367 22.173 -100.00 -100.00 -100.00
 181   141.657 56447.81776816 32.25 240.578400  61.226896 29.176 -100.00 -100.00 -100.00
 181   140.770 56447.81776875 35.13 240.582918  61.225425   -100 -100.00 -100.00 -100.00
 182   142.077 56457.73341650 31.84 240.571944  61.229456 31.954 -100.00 -100.00 -100.00
 182   141.962 56457.73341709 30.00 240.576463  61.227985 23.775  273.99  274.48  270.93
 182   141.721 56457.73341768 28.81 240.580982  61.226514 22.185  273.99  274.48  270.93
 182   140.890 56457.73341827 37.19 240.585500  61.225043   -100  273.99  274.48  270.93
 183   140.607 56467.64906241 40.04 240.570888  61.229431   -100 -100.00 -100.00 -100.00
 183   141.320 56467.64906300 42.96 240.575407  61.227960 27.253 -100.00 -100.00 -100.00
 183   140.448 56467.64906359 55.34 240.579925  61.226489   -100 -100.00 -100.00 -100.00
 183   140.507 56467.64906419 54.36 240.584443  61.225018   -100 -100.00 -100.00 -100.00
 184   141.795 56477.56470381 37.42 240.565609  61.229873   -100 -100.00 -100.00 -100.00
 184   141.828 56477.56470440 33.66 240.570128  61.228403   -100 -100.00 -100.00 -100.00
 184   140.597 56477.56470499 42.03 240.574647  61.226932 12.285 -100.00 -100.00 -100.00
 184   140.428 56477.56470558 40.07 240.579165  61.225461 16.853 -100.00 -100.00 -100.00
 184   140.507 56477.56470617 42.13 240.583683  61.223990 19.210 -100.00 -100.00 -100.00
 185   141.997 56487.48034212 27.92 240.565414  61.228354 19.933 -100.00 -100.00 -100.00
 185   141.795 56487.48034271 26.37 240.569933  61.226884 16.173 -100.00 -100.00 -100.00
 185   141.808 56487.48034330 23.06 240.574452  61.225413  9.829 -100.00 -100.00 -100.00
 185   140.300 56487.48034389 30.66 240.578970  61.223943 32.582 -100.00 -100.00 -100.00
 187   140.142 56507.31161165 37.87 240.566897  61.229875 23.700 -100.00 -100.00 -100.00
 187   140.654 56507.31161224 38.54 240.571417  61.228405 19.639 -100.00 -100.00 -100.00
 187   140.210 56507.31161283 52.05 240.575936  61.226934   -100 -100.00 -100.00 -100.00
 187   140.253 56507.31161342 51.00 240.580454  61.225464   -100 -100.00 -100.00 -100.00
 187   139.999 56507.31161401 54.39 240.584973  61.223993   -100 -100.00 -100.00 -100.00
 188   140.174 56517.22724862 40.61 240.573981  61.230673 19.036 -100.00 -100.00 -100.00
 188   140.001 56517.22724921 42.56 240.578501  61.229203 31.268 -100.00 -100.00 -100.00
 188   139.753 56517.22724980 46.34 240.583020  61.227732   -100 -100.00 -100.00 -100.00
 188   139.736 56517.22725039 48.21 240.587539  61.226261   -100 -100.00 -100.00 -100.00
 189   141.324 56527.14290294 39.80 240.574917  61.230514 18.469 -100.00 -100.00 -100.00
 189   140.305 56527.14290353 42.73 240.579436  61.229043 24.195 -100.00 -100.00 -100.00
 189   139.579 56527.14290412 55.41 240.583956  61.227572   -100 -100.00 -100.00 -100.00
 189   139.560 56527.14290471 53.38 240.588474  61.226101 30.330 -100.00 -100.00 -100.00
 190   141.712 56537.05855271 28.33 240.572192  61.230238   -100 -100.00 -100.00 -100.00
 190   141.523 56537.05855330 27.49 240.576712  61.228767   -100 -100.00 -100.00 -100.00
 190   141.417 56537.05855389 24.68 240.581231  61.227296 25.039 -100.00 -100.00 -100.00
 190   141.505 56537.05855448 22.33 240.585750  61.225825 17.644 -100.00 -100.00 -100.00
 192   141.673 56556.88984221 28.88 240.567390  61.228506   -100 -100.00 -100.00 -100.00
 192   141.564 56556.88984280 24.20 240.571910  61.227035 21.156 -100.00 -100.00 -100.00
 192   141.470 56556.88984339 22.49 240.576429  61.225564 17.099 -100.00 -100.00 -100.00
 192   141.638 56556.88984398 24.58 240.580948  61.224093 23.303 -100.00 -100.00 -100.00
 193   139.359 56566.80548488 34.53 240.568682  61.229334   -100 -100.00 -100.00 -100.00
 193   139.745 56566.80548547 40.12 240.573201  61.227863   -100 -100.00 -100.00 -100.00
 193   140.820 56566.80548606 29.84 240.577721  61.226392   -100 -100.00 -100.00 -100.00
 193   141.396 56566.80548665 27.00 240.582240  61.224921 28.444 -100.00 -100.00 -100.00
 194   141.671 56576.72112673 28.05 240.575099  61.230145   -100 -100.00 -100.00 -100.00
 194   141.662 56576.72112732 24.80 240.579618  61.228674 28.076 -100.00 -100.00 -100.00
 194   141.472 56576.72112791 25.71 240.584137  61.227203 32.065 -100.00 -100.00 -100.00
 194   141.340 56576.72112850 22.25 240.588656  61.225732 19.011 -100.00 -100.00 -100.00
 195   141.657 56586.63676496 27.71 240.579510  61.231301 30.514 -100.00 -100.00 -100.00
 195   141.581 56586.63676555 23.22 240.584029  61.229830 16.918 -100.00 -100.00 -100.00
 195   141.426 56586.63676614 23.94 240.588548  61.228359 15.508 -100.00 -100.00 -100.00
 195   139.312 56586.63676673 29.89 240.593067  61.226888   -100 -100.00 -100.00 -100.00
 196   139.182 56596.55240465 34.35 240.581460  61.231112 24.540 -100.00 -100.00 -100.00
 196   140.008 56596.55240524 44.98 240.585980  61.229642 22.847 -100.00 -100.00 -100.00
 196   139.255 56596.55240583 51.05 240.590499  61.228170   -100 -100.00 -100.00 -100.00
 196   139.077 56596.55240642 52.46 240.595017  61.226699   -100 -100.00 -100.00 -100.00
 197   138.395 56606.46805630 43.89 240.575555  61.230358   -100 -100.00 -100.00 -100.00
 197   138.684 56606.46805689 45.95 240.580075  61.228887   -100 -100.00 -100.00 -100.00
 197   138.489 56606.46805748 47.08 240.584594  61.227416  0.634 -100.00 -100.00 -100.00
 197   138.625 56606.46805807 49.79 240.589112  61.225945   -100 -100.00 -100.00 -100.00
 198   137.635 56616.38370288 40.16 240.569422  61.230417   -100 -100.00 -100.00 -100.00
 198   137.862 56616.38370347 40.51 240.573941  61.228946   -100 -100.00 -100.00 -100.00
 198   137.756 56616.38370406 43.94 240.578460  61.227475   -100 -100.00 -100.00 -100.00
 198   137.551 56616.38370465 46.33 240.582979  61.226004 11.759 -100.00 -100.00 -100.00
 198   137.557 56616.38370524 44.98 240.587497  61.224533  0.630 -100.00 -100.00 -100.00
 199   137.503 56626.29934675 38.26 240.571400  61.229495 30.194 -100.00 -100.00 -100.00
 199   137.425 56626.29934734 38.95 240.575920  61.228024   -100 -100.00 -100.00 -100.00
 199   137.620 56626.29934793 38.07 240.580438  61.226553 29.589 -100.00 -100.00 -100.00
 199   137.415 56626.29934852 41.18 240.584957  61.225082   -100 -100.00 -100.00 -100.00
 200   138.059 56636.21498756 31.15 240.572155  61.229880 19.861 -100.00 -100.00 -100.00
 200   138.010 56636.21498815 32.09 240.576674  61.228410 23.987 -100.00 -100.00 -100.00
 200   138.248 56636.21498874 32.55 240.581193  61.226939 23.355 -100.00 -100.00 -100.00
 200   138.094 56636.21498933 33.07 240.585712  61.225467 27.726 -100.00 -100.00 -100.00
 201   137.970 56646.13062749 27.05 240.572851  61.230153 13.418 -100.00 -100.00 -100.00
 201   138.050 56646.13062808 27.63 240.577371  61.228682 15.900 -100.00 -100.00 -100.00
 201   140.538 56646.13062867 27.08 240.581890  61.227211 12.856 -100.00 -100.00 -100.00
 201   137.916 56646.13062926 27.86 240.586409  61.225740 15.813 -100.00 -100.00 -100.00
 202   138.869 56656.04627945 29.41 240.568760  61.229468 21.234 -100.00 -100.00 -100.00
 202   139.069 56656.04628004 28.18 240.573280  61.227997 17.115 -100.00 -100.00 -100.00
 202   138.951 56656.04628063 30.45 240.577800  61.226527 25.273 -100.00 -100.00 -100.00
 202   139.063 56656.04628122 28.68 240.582319  61.225055 19.603 -100.00 -100.00 -100.00
 203   138.812 56665.96192734 22.36 240.566273  61.228136  9.852 -100.00 -100.00 -100.00
 203   138.699 56665.96192793 23.01 240.570793  61.226665 12.233 -100.00 -100.00 -100.00
 203   138.872 56665.96192853 22.12 240.575312  61.225194 10.202 -100.00 -100.00 -100.00
 203   138.738 56665.96192912 22.21 240.579831  61.223723  9.703 -100.00 -100.00 -100.00
 205   138.302 56685.79321697 23.10 240.565051  61.228818 12.960 -100.00 -100.00 -100.00
 205   138.238 56685.79321756 25.25 240.569571  61.227348 18.647 -100.00 -100.00 -100.00
 205   138.398 56685.79321815 23.82 240.574090  61.225877 15.343 -100.00 -100.00 -100.00
 205   138.283 56685.79321874 25.05 240.578609  61.224406 17.591 -100.00 -100.00 -100.00
 206   137.960 56695.70885971 26.09 240.568960  61.229419 22.679 -100.00 -100.00 -100.00
 206   138.200 56695.70886030 23.83 240.573480  61.227948 16.812 -100.00 -100.00 -100.00
 206   138.035 56695.70886089 27.67 240.577999  61.226477 30.493 -100.00 -100.00 -100.00
 206   138.134 56695.70886148 25.17 240.582517  61.225006 19.947 -100.00 -100.00 -100.00
 207   138.224 56705.62449794 21.62 240.572831  61.229829 12.901 -100.00 -100.00 -100.00
 207   138.149 56705.62449853 22.89 240.577350  61.228358 16.016 -100.00 -100.00 -100.00
 207   138.279 56705.62449912 21.46 240.581869  61.226887 11.569 -100.00 -100.00 -100.00
 207   138.174 56705.62449971 22.50 240.586387  61.225416 13.376 -100.00 -100.00 -100.00
 208   137.923 56715.54013011 23.41 240.571513  61.230945 16.476 -100.00 -100.00 -100.00
 208   137.988 56715.54013070 23.34 240.576032  61.229475 15.031 -100.00 -100.00 -100.00
 208   138.147 56715.54013129 22.36 240.580551  61.228004 14.425 -100.00 -100.00 -100.00
 208   137.965 56715.54013188 23.73 240.585070  61.226533 18.004 -100.00 -100.00 -100.00
 208   138.113 56715.54013247 21.75 240.589588  61.225063 12.658 -100.00 -100.00 -100.00
 209   137.336 56725.45578339 20.07 240.569117  61.229358  9.688 -100.00 -100.00 -100.00
 209   137.331 56725.45578398 18.85 240.573636  61.227887  8.492 -100.00 -100.00 -100.00
 209   137.349 56725.45578457 19.81 240.578155  61.226416 10.674 -100.00 -100.00 -100.00
 209   137.365 56725.45578516 20.76 240.582673  61.224946 12.742 -100.00 -100.00 -100.00
 211   137.989 56745.28707904 21.37 240.567468  61.230080 13.338 -100.00 -100.00 -100.00
 211   137.942 56745.28707963 23.45 240.571987  61.228609 20.238 -100.00 -100.00 -100.00
 211   138.106 56745.28708022 22.18 240.576505  61.227138 14.307 -100.00 -100.00 -100.00
 211   137.979 56745.28708081 22.89 240.581023  61.225667 17.693 -100.00 -100.00 -100.00
 211   138.100 56745.28708140 20.12 240.585541  61.224196 11.216 -100.00 -100.00 -100.00
 212   138.070 56755.20272122 20.40 240.571507  61.231025 14.668 -100.00 -100.00 -100.00
 212   138.207 56755.20272181 19.97 240.576026  61.229554 13.241 -100.00 -100.00 -100.00
 212   138.062 56755.20272240 24.47 240.580545  61.228083 26.784 -100.00 -100.00 -100.00
 212   138.332 56755.20272299 19.33 240.585063  61.226612 12.004 -100.00 -100.00 -100.00
 212   138.267 56755.20272358 18.39 240.589581  61.225141  9.023 -100.00 -100.00 -100.00
 213   157.571 56765.11835814  5.44 240.577936  61.230869  3.847 -100.00 -100.00 -100.00
 213   160.060 56765.11835873  5.26 240.582456  61.229398  3.791 -100.00 -100.00 -100.00
 213   160.560 56765.11835932  5.39 240.586974  61.227927  4.106 -100.00 -100.00 -100.00
 213   149.840 56765.11835991  5.06 240.591492  61.226456  4.255 -100.00 -100.00 -100.00
 214   142.148 56775.03399586 31.96 240.576198  61.231423 26.311 -100.00 -100.00 -100.00
 214   138.859 56775.03399645 34.92 240.580717  61.229952   -100 -100.00 -100.00 -100.00
 214   141.266 56775.03399704 32.46 240.585236  61.228481 29.447 -100.00 -100.00 -100.00
 214   138.948 56775.03399763 35.63 240.589755  61.227010   -100 -100.00 -100.00 -100.00
 214   139.136 56775.03399822 30.09 240.594273  61.225539 25.225 -100.00 -100.00 -100.00
 215   139.724 56784.94965256 43.01 240.572990  61.229894 10.027 -100.00 -100.00 -100.00
 215   141.171 56784.94965315 36.65 240.577509  61.228423   -100 -100.00 -100.00 -100.00
 215   141.384 56784.94965374 34.40 240.582028  61.226952   -100 -100.00 -100.00 -100.00
 215   139.976 56784.94965433 42.21 240.586546  61.225481  4.201 -100.00 -100.00 -100.00
 216   140.570 56794.86530540 44.05 240.568249  61.229556   -100 -100.00 -100.00 -100.00
 216   140.253 56794.86530599 46.09 240.572768  61.228085   -100 -100.00 -100.00 -100.00
 216   140.077 56794.86530658 50.60 240.577287  61.226614   -100 -100.00 -100.00 -100.00
 216   140.087 56794.86530717 51.64 240.581805  61.225143   -100 -100.00 -100.00 -100.00
 217   142.181 56804.78095460 42.81 240.564895  61.229792 18.951 -100.00 -100.00 -100.00
 217   139.694 56804.78095519 45.23 240.569414  61.228321 13.127 -100.00 -100.00 -100.00
 217   139.956 56804.78095578 51.47 240.573933  61.226850   -100 -100.00 -100.00 -100.00
 217   139.812 56804.78095637 54.17 240.578451  61.225379  6.862 -100.00 -100.00 -100.00
 217   139.849 56804.78095696 53.79 240.582969  61.223908   -100 -100.00 -100.00 -100.00
 219   141.852 56824.61223616 39.94 240.564907  61.229567  9.744 -100.00 -100.00 -100.00
 219   142.029 56824.61223675 28.48 240.569426  61.228096 29.026 -100.00 -100.00 -100.00
 219   141.867 56824.61223734 26.23 240.573945  61.226625 21.618 -100.00 -100.00 -100.00
 219   141.794 56824.61223793 25.59 240.578463  61.225155 17.181 -100.00 -100.00 -100.00
 219   141.972 56824.61223852 24.21 240.582981  61.223684 13.610 -100.00 -100.00 -100.00
 220   130.931 56834.52787132 24.86 240.564976  61.229468 28.701 -100.00 -100.00 -100.00
 220   136.816 56834.52787191 21.75 240.569495  61.227998 19.796 -100.00 -100.00 -100.00
 220   137.022 56834.52787250 20.27 240.574014  61.226527  9.159 -100.00 -100.00 -100.00
 220   137.536 56834.52787309 19.36 240.578532  61.225057  8.225 -100.00 -100.00 -100.00
 220   137.535 56834.52787368 20.57 240.583050  61.223586 11.481 -100.00 -100.00 -100.00
 221   141.786 56844.44350346 33.32 240.569337  61.228993  0.320 -100.00 -100.00 -100.00
 221   141.663 56844.44350405 28.78 240.573856  61.227523   -100 -100.00 -100.00 -100.00
 221   141.526 56844.44350464 24.97 240.578375  61.226052 21.072 -100.00 -100.00 -100.00
 221   141.841 56844.44350523 22.20 240.582893  61.224582 12.954 -100.00 -100.00 -100.00
 222   142.014 56854.35914759 34.30 240.568721  61.229732   -100 -100.00 -100.00 -100.00
 222   141.810 56854.35914818 27.97 240.573241  61.228262 31.556 -100.00 -100.00 -100.00
 222   141.617 56854.35914877 25.53 240.577759  61.226791 24.381 -100.00 -100.00 -100.00
 222   141.550 56854.35914936 22.58 240.582278  61.225321 13.845 -100.00 -100.00 -100.00
 223   139.219 56864.27480103 34.71 240.567251  61.230178   -100 -100.00 -100.00 -100.00
 223   139.425 56864.27480162 37.59 240.571770  61.228707   -100 -100.00 -100.00 -100.00
 223   139.793 56864.27480221 49.24 240.576289  61.227237   -100 -100.00 -100.00 -100.00
 223   139.394 56864.27480280 54.42 240.580807  61.225766 21.563 -100.00 -100.00 -100.00
 223   139.365 56864.27480339 54.57 240.585325  61.224295   -100 -100.00 -100.00 -100.00
 224   139.111 56874.19045398 34.53 240.567118  61.229962   -100 -100.00 -100.00 -100.00
 224   139.551 56874.19045457 37.06 240.571638  61.228491 28.429 -100.00 -100.00 -100.00
 224   139.379 56874.19045516 49.52 240.576157  61.227020   -100 -100.00 -100.00 -100.00
 224   139.589 56874.19045575 48.40 240.580675  61.225549   -100 -100.00 -100.00 -100.00
 224   139.018 56874.19045634 53.70 240.585193  61.224078   -100 -100.00 -100.00 -100.00
 225   141.800 56884.10610408 31.59 240.569118  61.228749   -100 -100.00 -100.00 -100.00
 225   141.664 56884.10610467 23.56 240.573637  61.227279 18.376 -100.00 -100.00 -100.00
 225   141.475 56884.10610526 23.83 240.578156  61.225808 18.243 -100.00 -100.00 -100.00
 225   141.683 56884.10610585 21.80 240.582674  61.224337 12.870 -100.00 -100.00 -100.00
 226   141.659 56894.02175051 26.74 240.567476  61.228684 25.351 -100.00 -100.00 -100.00
 226   138.620 56894.02175110 30.31 240.571995  61.227213   -100 -100.00 -100.00 -100.00
 226   141.115 56894.02175169 25.72 240.576514  61.225742 21.125 -100.00 -100.00 -100.00
 226   138.746 56894.02175228 28.63 240.581033  61.224271   -100 -100.00 -100.00 -100.00
 227   138.444 56903.93739382 33.47 240.566388  61.228829 27.077 -100.00 -100.00 -100.00
 227   138.918 56903.93739441 40.04 240.570908  61.227358   -100 -100.00 -100.00 -100.00
 227   138.961 56903.93739500 50.53 240.575427  61.225887   -100  276.53  276.13  274.68
 227   138.709 56903.93739559 50.64 240.579945  61.224416   -100  276.53  276.13  274.68
 228   138.221 56913.85303514 30.32 240.565900  61.229823 26.521 -100.00 -100.00 -100.00
 228   138.146 56913.85303573 35.45 240.570419  61.228352 23.266 -100.00 -100.00 -100.00
 228   139.093 56913.85303632 46.16 240.574938  61.226881 27.648 -100.00 -100.00 -100.00
 228   138.462 56913.85303691 52.48 240.579457  61.225410 18.015 -100.00 -100.00 -100.00
 228   138.470 56913.85303750 52.53 240.583975  61.223938 25.064 -100.00 -100.00 -100.00
 229   141.768 56923.76867558 26.24 240.572352  61.229513 26.896 -100.00 -100.00 -100.00
 229   141.491 56923.76867617 24.04 240.576871  61.228042 21.998 -100.00 -100.00 -100.00
 229   141.323 56923.76867676 22.69 240.581390  61.226571 19.138 -100.00 -100.00 -100.00
 229   141.424 56923.76867735 21.74 240.585908  61.225099 15.981  272.76  272.43  271.40
 230   141.468 56933.68431294 28.07 240.574766  61.230786   -100 -100.00 -100.00 -100.00
 230   141.549 56933.68431353 23.97 240.579285  61.229315 25.625 -100.00 -100.00 -100.00
 230   141.318 56933.68431412 22.90 240.583804  61.227843 25.737 -100.00 -100.00 -100.00
 230   141.189 56933.68431471 18.44 240.588322  61.226372 10.160 -100.00 -100.00 -100.00
 231   141.616 56943.59994510 30.30 240.577314  61.231458   -100 -100.00 -100.00 -100.00
 231   141.534 56943.59994569 26.02 240.581834  61.229987 26.234 -100.00 -100.00 -100.00
 231   141.416 56943.59994628 23.21 240.586353  61.228516 18.907 -100.00 -100.00 -100.00
 231   141.186 56943.59994687 21.17 240.590871  61.227045 14.420 -100.00 -100.00 -100.00
 232   141.699 56953.51559151 23.93 240.573549  61.231519 28.317 -100.00 -100.00 -100.00
 232   141.556 56953.51559210 22.48 240.578068  61.230048 27.046  254.76  255.17  253.56
 232   141.396 56953.51559269 19.70 240.582587  61.228578 18.736  254.76  255.17  253.56
 232   141.243 56953.51559328 19.35 240.587106  61.227107 17.107  254.76  255.17  253.56
 232   141.290 56953.51559388 18.88 240.591625  61.225636 15.392  254.76  255.17  253.56
 233   138.488 56963.43124166 30.44 240.570303  61.230609 20.138 -100.00 -100.00 -100.00
 233   138.088 56963.43124226 33.34 240.574823  61.229139 21.633 -100.00 -100.00 -100.00
 233   139.219 56963.43124285 45.23 240.579342  61.227668 22.529 -100.00 -100.00 -100.00
 233   138.599 56963.43124344 50.57 240.583860  61.226197   -100 -100.00 -100.00 -100.00
 233   138.507 56963.43124403 51.27 240.588378  61.224726  2.203 -100.00 -100.00 -100.00
 234   137.393 56973.34688712 41.23 240.569665  61.230221   -100 -100.00 -100.00 -100.00
 234   137.598 56973.34688771 41.99 240.574184  61.228750   -100 -100.00 -100.00 -100.00
 234   137.236 56973.34688830 47.38 240.578703  61.227279  7.423 -100.00 -100.00 -100.00
 234   137.207 56973.34688889 49.03 240.583221  61.225808 17.711 -100.00 -100.00 -100.00
 235   137.563 56983.26252820 41.64 240.569976  61.230728   -100 -100.00 -100.00 -100.00
 235   137.561 56983.26252879 42.33 240.574496  61.229257   -100 -100.00 -100.00 -100.00
 235   137.443 56983.26252938 44.39 240.579015  61.227786   -100 -100.00 -100.00 -100.00
 235   137.638 56983.26252997 45.84 240.583533  61.226315   -100 -100.00 -100.00 -100.00
 235   137.472 56983.26253056 41.98 240.588051  61.224844   -100 -100.00 -100.00 -100.00
 236   137.301 56993.17816504 40.90 240.574359  61.229955   -100 -100.00 -100.00 -100.00
 236   137.602 56993.17816563 43.43 240.578878  61.228484 30.918 -100.00 -100.00 -100.00
 236   137.416 56993.17816622 44.88 240.583397  61.227013   -100 -100.00 -100.00 -100.00
 236   137.466 56993.17816681 41.42 240.587916  61.225542   -100 -100.00 -100.00 -100.00
 237   137.865 57003.09380116 39.48 240.574176  61.229595   -100 -100.00 -100.00 -100.00
 237   137.790 57003.09380175 40.83 240.578695  61.228124   -100 -100.00 -100.00 -100.00
 237   137.691 57003.09380234 40.82 240.583215  61.226654   -100 -100.00 -100.00 -100.00
 237   137.644 57003.09380293 38.88 240.587733  61.225183 30.000 -100.00 -100.00 -100.00
 238   138.072 57013.00945691 37.12 240.565021  61.229628 32.415 -100.00 -100.00 -100.00
 238   138.023 57013.00945750 39.81 240.569542  61.228157   -100 -100.00 -100.00 -100.00
 238   138.315 57013.00945809 40.16 240.574061  61.226687 31.555 -100.00 -100.00 -100.00
 238   138.179 57013.00945868 39.90 240.578581  61.225216   -100 -100.00 -100.00 -100.00
 238   137.988 57013.00945927 38.69 240.583100  61.223745   -100 -100.00 -100.00 -100.00
 239   138.576 57022.92510787 31.48 240.561888  61.229405 17.300 -100.00 -100.00 -100.00
 239   138.594 57022.92510846 33.02 240.566408  61.227935 22.218 -100.00 -100.00 -100.00
 239   138.787 57022.92510905 32.87 240.570927  61.226464 20.465 -100.00 -100.00 -100.00
 239   138.698 57022.92510964 33.55 240.575447  61.224993 23.976 -100.00 -100.00 -100.00
 239   138.569 57022.92511023 31.80 240.579966  61.223522 20.122 -100.00 -100.00 -100.00
 240   138.600 57032.84075710 33.01 240.567204  61.228798 20.670 -100.00 -100.00 -100.00
 240   138.894 57032.84075769 31.34 240.571723  61.227327 15.263 -100.00 -100.00 -100.00
 240   138.717 57032.84075828 33.88 240.576242  61.225856 26.122 -100.00 -100.00 -100.00
 240   138.619 57032.84075887 31.44 240.580761  61.224385 16.109 -100.00 -100.00 -100.00
 241   138.771 57042.75640374 29.00 240.569665  61.229607 13.757 -100.00 -100.00 -100.00
 241   138.711 57042.75640433 29.68 240.574184  61.228136 14.441 -100.00 -100.00 -100.00
 241   138.576 57042.75640492 30.91 240.578703  61.226665 18.634 -100.00 -100.00 -100.00
 241   138.671 57042.75640551 29.57 240.583222  61.225194 14.928 -100.00 -100.00 -100.00
 242   138.524 57052.67204784 29.39 240.569038  61.230479 16.724 -100.00 -100.00 -100.00
 242   138.509 57052.67204843 30.33 240.573557  61.229008 18.588 -100.00 -100.00 -100.00
 242   138.435 57052.67204902 29.03 240.578076  61.227537 15.744 -100.00 -100.00 -100.00
 242   138.609 57052.67204961 28.18 240.582595  61.226066 12.969 -100.00 -100.00 -100.00
 242   138.436 57052.67205020 30.23 240.587113  61.224595 18.402 -100.00 -100.00 -100.00
 243   138.469 57062.58768760 26.04 240.567877  61.230345 12.234 -100.00 -100.00 -100.00
 243   138.512 57062.58768819 27.05 240.572396  61.228875 14.755 -100.00 -100.00 -100.00
 243   138.407 57062.58768878 26.14 240.576915  61.227404 12.211 -100.00 -100.00 -100.00
 243   138.318 57062.58768937 27.49 240.581433  61.225933 17.328 -100.00 -100.00 -100.00
 243   138.478 57062.58768996 26.12 240.585952  61.224462 11.915 -100.00 -100.00 -100.00
 244   138.286 57072.50332216 23.87 240.567775  61.230296  9.206 -100.00 -100.00 -100.00
 244   138.342 57072.50332275 24.62 240.572295  61.228826  9.759 -100.00 -100.00 -100.00
 244   138.370 57072.50332334 25.14 240.576814  61.227356 10.461 -100.00 -100.00 -100.00
 244   138.446 57072.50332393 24.92 240.581332  61.225885 10.521 -100.00 -100.00 -100.00
 244   138.230 57072.50332452 25.84 240.585850  61.224414 13.215 -100.00 -100.00 -100.00
 245   138.079 57082.41895332 21.13 240.574237  61.229860  9.046 -100.00 -100.00 -100.00
 245   138.207 57082.41895391 21.02 240.578756  61.228390  8.204 -100.00 -100.00 -100.00
 245   137.955 57082.41895450 23.47 240.583275  61.226919 12.940 -100.00 -100.00 -100.00
 245   138.155 57082.41895509 21.39 240.587793  61.225448  8.591 -100.00 -100.00 -100.00
 246   138.065 57092.33459981 21.49 240.576969  61.230537 11.818 -100.00 -100.00 -100.00
 246   138.210 57092.33460040 22.33 240.581487  61.229066 14.356 -100.00 -100.00 -100.00
 246   138.284 57092.33460099 20.80 240.586006  61.227595  9.444 -100.00 -100.00 -100.00
 246   138.068 57092.33460158 21.90 240.590524  61.226124 13.158 -100.00 -100.00 -100.00
 247   137.829 57102.25025679 22.02 240.576413  61.231312 15.880 -100.00 -100.00 -100.00
 247   138.218 57102.25025738 19.74 240.580932  61.229841 10.269 -100.00 -100.00 -100.00
 247   138.070 57102.25025797 21.78 240.585450  61.228370 14.845 -100.00 -100.00 -100.00
 247   137.985 57102.25025856 21.28 240.589968  61.226899 13.659 -100.00 -100.00 -100.00
 248   142.210 57112.16591049  6.77 240.577119  61.230732  3.854 -100.00 -100.00 -100.00
 248   141.899 57112.16591108  7.11 240.581638  61.229262  4.650 -100.00 -100.00 -100.00
 248   142.303 57112.16591167  6.47 240.586156  61.227790  4.400  259.35  256.70  250.00
 248   141.184 57112.16591226  8.23 240.590674  61.226319  6.454  259.35  256.70  250.00
 249   138.112 57122.08155798 12.36 240.574395  61.230141 15.428 -100.00 -100.00 -100.00
 249   138.307 57122.08155857 11.97 240.578914  61.228670 13.102 -100.00 -100.00 -100.00
 249   138.262 57122.08155916 13.26 240.583433  61.227199 17.999 -100.00 -100.00 -100.00
 249   138.195 57122.08155975 16.55 240.587951  61.225728 29.428 -100.00 -100.00 -100.00
 250   141.953 57131.99719967 28.64 240.569308  61.230046 22.387 -100.00 -100.00 -100.00
 250   141.858 57131.99720026 23.56 240.573828  61.228575 11.149 -100.00 -100.00 -100.00
 250   141.523 57131.99720085 24.83 240.578347  61.227104 15.249 -100.00 -100.00 -100.00
 250   141.588 57131.99720144 22.02 240.582865  61.225633  8.287 -100.00 -100.00 -100.00
