# NaN NaN NaN ;Mean Elev.(m), Avg Gradient(m/km), RMS Gradient(m/km) - SRTM1     
#    8.418  -2.074   9.679 ;Mean Elev.(m), Avg Gradient(m/km), RMS Gradient(m/km) - ASTER GDEM
#   30.000  -1.719   9.626 ;Mean Elev.(m), Avg Gradient(m/km), RMS Gradient(m/km) - GMTED2010 
   1 230.864522  66.030938    30.988    28.108  5 54665.88672882 27.033
   2 230.868425  66.032243    25.901    25.864  5 54675.80237382 50.928
   3 230.869787  66.034041    -5.664    -5.695  5 54685.71801720  8.727
   4 230.865707  66.034864    64.565    64.713  5 54695.63365847 22.255
   5 230.867395  66.033959    -8.031    -3.373  6 54705.54929774 12.647
   6 230.868192  66.031589    25.363    25.466  5 54715.46495003 46.535
   7 230.867567  66.029266     3.449     6.104  5 54725.38059999 13.558
   8 230.867181  66.028858    25.006    25.009  4 54735.29624806 39.931
   9 230.868361  66.030597    25.126    25.093  5 54745.21189536 28.575
  10 230.864364  66.032084    67.101    66.492  5 54755.12754174 22.594
  11 230.865337  66.031865    69.241    68.353  5 54765.04318734 24.268
  12 230.867402  66.029745    71.627    69.933  5 54774.95883014 18.325
  13 230.867470  66.027790    69.155    69.532  5 54784.87447023 18.949
  14 230.867639  66.027931    68.608    69.077  4 54794.79010870 19.787
  17 230.865246  66.032229    69.240    69.263  5 54824.53702880 17.567
  18 230.864306  66.031377    69.265    69.221  5 54834.45266849 16.995
  19 230.867027  66.031432    70.124    69.666  4 54844.36831861 16.389
  20 230.868503  66.032553    70.930    71.023  5 54854.28396775 16.507
  21 230.864917  66.034172    70.508    68.985  5 54864.19961625 16.637
  22 230.867865  66.034941    70.303    70.028  6 54874.11526509 16.357
  23 230.869215  66.033911    72.495    73.458  5 54884.03091122 15.855
  24 230.865848  66.031207    69.592    69.715  4 54893.94655347 16.080
  25 230.866728  66.029074    69.284    69.260  4 54903.86219344 15.697
  26 230.866601  66.028855    70.126    70.401  4 54913.77783215 15.529
  27 230.867281  66.030245    70.799    70.965  4 54923.69347030 15.158
  28 230.865781  66.031478    70.141    70.388  5 54933.60910746 14.703
  29 230.865488  66.031145    69.889    69.653  5 54943.52474278 13.911
  30 230.866149  66.029265    69.335    70.327  5 54953.44037612 19.263
  31 230.866485  66.027503    69.090    69.949  4 54963.35602049 19.582
  32 230.866901  66.027735    32.127    32.123  4 54973.27166900 35.013
  33 230.868508  66.029683    27.031    26.945  4 54983.18731686 48.920
  34 230.867487  66.031693    78.601    82.808  5 54993.10296424 26.550
  35 230.869380  66.032564    27.696    27.688  5 55003.01861090 47.701
  36 230.864575  66.032126    33.411    26.478  5 55012.93425499 33.901
  37 230.866822  66.031705    33.654    26.571  5 55022.84989830 31.747
  38 230.865911  66.032266    26.830    26.729  5 55032.76554057 47.878
  39 230.869081  66.033495    25.710    25.662  5 55042.68118252 45.753
  40 230.864287  66.033695    25.689    25.978  5 55052.59682216 40.571
  41 230.866364  66.032503    25.357    25.213  5 55062.51246019 38.194
  42 230.865800  66.030343    26.101    26.070  5 55072.42810404 50.831
  43 230.868215  66.028768    25.234    25.216  5 55082.34375265 41.620
  44 230.867355  66.028745    26.164    26.130  5 55092.25939940 48.296
  45 230.865448  66.029902    25.393    25.611  5 55102.17504575 49.194
  46 230.867197  66.031266    30.749    31.683  5 55112.09069210 28.892
  47 230.867511  66.031089    61.439    61.511  4 55122.00633603 26.453
  48 230.868107  66.029655    67.047    68.104  5 55131.92197708 23.429
  49 230.866022  66.028095    63.712    61.570  4 55141.83761586 22.849
  50 230.867020  66.028318    67.564    67.765  4 55151.75325431 23.642
  51 230.864741  66.029791    68.532    68.526  5 55161.66889268 21.287
  52 230.864549  66.031466    68.001    68.511  5 55171.58453085 20.878
  53 230.866318  66.032251    70.192    69.032  4 55181.50016764 20.606
  54 230.867462  66.032203    68.561    69.541  5 55191.41581723 21.314
  55 230.868474  66.032478    69.124    68.633  5 55201.33146751 20.933
  56 230.867595  66.033020    70.500    70.406  5 55211.24711700 20.038
  57 230.865346  66.033467    69.148    68.264  5 55221.16276589 20.316
  58 230.868080  66.033021    70.319    70.737  5 55231.07841411 19.143
  59 230.865979  66.031594    69.460    69.163  5 55240.99405865 19.434
  60 230.868421  66.030091    69.373    69.100  5 55250.90970006 18.974
  61 230.867452  66.029179    68.341    67.871  4 55260.82533887 19.088
  62 230.866114  66.029401    69.056    69.386  4 55270.74097683 18.795
  63 230.867420  66.030114    69.089    69.249  5 55280.65661495 18.570
  64 230.866668  66.030314    68.518    68.464  4 55290.57225167 17.355
  65 230.866760  66.029798    70.735    71.327  5 55300.48788611 11.040
  66 230.866409  66.028841    60.532    60.466  4 55310.40353205 23.597
  67 230.867562  66.028420    27.612    27.658  4 55320.31917777 36.412
  68 230.865802  66.028912    29.330    29.191  5 55330.23482218 50.865
  69 230.868228  66.030406    29.189    26.878  5 55340.15046684 32.227
  70 230.868347  66.031545    25.478    25.404  5 55350.06611104 48.371
  71 230.867368  66.032039    28.970    26.126  4 55359.98175305 28.347
  72 230.868953  66.032253    25.395    25.413  5 55369.89739312 31.768
  73 230.866533  66.032447    32.961    25.589  5 55379.81303133 33.163
  74 230.865863  66.032924    28.228    25.897  5 55389.72866900 28.962
  75 230.868398  66.032991    25.667    25.566  5 55399.64430589 37.852
  76 230.864302  66.031738    25.866    25.920  5 55409.55995246 47.443
  77 230.865411  66.029979    24.986    24.874  5 55419.47560301 37.501
  78 230.866226  66.028732    27.743    25.066  5 55429.39125024 29.505
  79 230.868351  66.029028    27.718    25.128  5 55439.30689506 29.043
  80 230.866907  66.030064    28.502    25.360  4 55449.22253815 23.989
  81 230.867913  66.030700    25.430    25.375  5 55459.13818110 48.548
  82 230.866973  66.030238    24.708    24.652  5 55469.05382305 30.181
  83 230.866946  66.029092    27.320    24.633  5 55478.96946185 33.078
  84 230.866924  66.028337    65.738    66.104  5 55488.88509776 22.273
  85 230.866341  66.028504    69.985    69.743  5 55498.80073136 20.610
  86 230.868370  66.029901    75.710    75.219  5 55508.71637093 18.278
  87 230.866450  66.031072    69.072    69.496  5 55518.63202091 18.529
  88 230.868272  66.031875    70.936    70.691  5 55528.54767031 18.493
  89 230.868410  66.032002    70.864    70.151  5 55538.46331767 18.012
  90 230.866332  66.032089    72.067    72.675  5 55548.37896257 18.200
  91 230.865635  66.032738    70.198    69.610  5 55558.29460587 18.163
  92 230.864869  66.033554    70.340    70.655  5 55568.21024830 18.462
  93 230.864929  66.033311    69.258    68.189  5 55578.12588996 19.274
  94 230.866936  66.031598    70.721    70.711  4 55588.04152952 18.392
  95 230.866466  66.029131    68.466    68.891  4 55597.95716578 17.479
  96 230.865946  66.027856    66.612    67.525  4 55607.87279938 16.808
  97 230.866268  66.028378    71.206    71.959  4 55617.78843113 12.832
  98 230.864458  66.030171    69.655    69.862  5 55627.70407670 13.280
  99 230.868310  66.031091    70.722    70.249  5 55637.61972847 13.353
 100 230.867024  66.030210    69.973    69.866  5 55647.53537768 13.733
 101 230.868476  66.028526    70.677    70.771  5 55657.45102423 13.347
 102 230.868375  66.027777    71.709    71.164  5 55667.36666645 13.479
 103 230.866651  66.028697    70.414    70.881  5 55677.28230582 12.943
 104 230.867467  66.030684    72.085    72.116  5 55687.19794356  3.139
 105 230.864754  66.031950    71.090    70.953  5 55697.11357974  9.551
 106 230.868226  66.032066    28.089    28.066  5 55707.02921514 50.129
 107 230.866487  66.031412    26.721    26.676  5 55716.94486578 44.477
 108 230.866641  66.031408    25.925    25.967  5 55726.86051440 51.867
 109 230.867256  66.032364    25.907    25.974  4 55736.77616136 37.619
 110 230.867787  66.033447    29.046    27.006  5 55746.69180705 30.461
 111 230.866567  66.033182    25.717    25.835  5 55756.60745055 29.148
 112 230.866985  66.031239    26.520    26.396  4 55766.52309163 49.940
 113 230.866299  66.028642    26.070    26.208  5 55776.43872965 50.551
 114 230.866998  66.027330    28.608    25.540  4 55786.35436503 31.286
 115 230.867513  66.028423    25.742    25.732  4 55796.26999865 38.346
 116 230.866509  66.030348    25.482    25.446  4 55806.18563944 39.559
 117 230.866474  66.031426    25.165    25.071  4 55816.10128859 31.630
 118 230.867695  66.030304    27.818    25.499  5 55826.01693486 29.914
 119 230.868649  66.028488    27.364    24.703  5 55835.93257664 30.462
 120 230.867157  66.027399    24.748    24.696  4 55845.84821483 48.717
 121 230.866581  66.028653    65.718    61.468  4 55855.76385047 23.414
 122 230.865612  66.030965    70.292    71.062  4 55865.67949190 23.429
 123 230.866916  66.032888    70.580    69.768  4 55875.59514484 23.997
 133 230.867497  66.028503    70.837    70.525  5 55974.75157812 15.048
 134 230.865374  66.030574    70.575    70.778  5 55984.66721420 16.069
 135 230.866485  66.031584    70.612    70.480  4 55994.58284813 16.330
 136 230.866738  66.030587    71.440    71.821  4 56004.49849993 16.144
 137 230.867830  66.028534    69.446    69.508  5 56014.41414848 16.335
 139 230.865725  66.029229    70.378    70.501  4 56034.24543689 14.306
 141 230.868654  66.033478    25.306    25.279  5 56054.07671677 23.230
 142 230.865004  66.033133    29.513    29.436  5 56063.99235130 31.871
 143 230.865527  66.031957    27.163    27.146  5 56073.90799431 50.676
 144 230.866035  66.031510    26.717    26.652  5 56083.82364416 37.233
 145 230.866414  66.031849    29.380    29.367  5 56093.73929162 49.719
 146 230.865119  66.032494    27.204    27.161  5 56103.65493677 50.866
 147 230.866842  66.032166    27.243    27.217  5 56113.57056768 50.509
 148 230.867059  66.030817    25.671    25.718  4 56123.48620625 49.306
 149 230.866962  66.028791    25.492    25.462  4 56133.40184084 46.737
 150 230.864878  66.027800    30.219    29.596  5 56143.31747912 29.870
 151 230.867272  66.028716    25.237    25.306  4 56153.23312992 38.771
 152 230.866079  66.030374    25.132    24.961  4 56163.14877900 46.932
 153 230.866550  66.031415    24.976    25.108  4 56173.06442619 29.548
 154 230.865890  66.030841    25.374    25.483  5 56182.98006827 50.709
 155 230.866892  66.029405    24.998    25.036  4 56192.89570674 32.312
 156 230.868080  66.028653    24.710    24.575  5 56202.81134251 29.011
 157 230.866577  66.029596    24.630    24.776  5 56212.72697630 44.434
 158 230.866908  66.031673    24.518    24.434  5 56222.64260835 45.915
 159 230.868471  66.033504    24.335    24.280  5 56232.55826450 44.895
 160 230.865063  66.033522    65.391    63.779  5 56242.47391654 23.387
 161 230.867165  66.032738    66.169    66.625  5 56252.38956465 23.478
 162 230.866311  66.031921    68.425    67.655  5 56262.30520792 22.238
 164 230.864345  66.031912    68.674    67.602  5 56282.13649092 22.373
 165 230.867163  66.031776    68.216    68.116  4 56292.05214320 22.644
 166 230.867236  66.030534    69.352    68.802  5 56301.96779074 21.795
 167 230.865804  66.029087    68.214    68.061  5 56311.88343391 20.852
 168 230.867113  66.028768    68.121    68.070  5 56321.79907517 20.270
 169 230.865626  66.029600    65.257    64.984  5 56331.71471562 20.733
 170 230.865379  66.030616    65.497    66.360  5 56341.63035570 19.085
 171 230.866114  66.030942    63.037    60.988  5 56351.54599358 20.213
 172 230.866372  66.030190    66.548    66.927  4 56361.46163317 18.489
 173 230.866541  66.029523    68.961    68.608  4 56371.37728263 15.748
 174 230.865113  66.029778    68.384    68.575  5 56381.29292933 15.130
 175 230.864328  66.031224    68.853    68.772  5 56391.20857397 15.159
 176 230.864826  66.032636    69.072    68.757  5 56401.12421709 14.494
 177 230.866015  66.033318    69.037    68.924  5 56411.03985755 12.321
 178 230.867281  66.033009    71.639    72.511  5 56420.95549308  4.096
 179 230.865005  66.032380    27.869    27.706  5 56430.87113110 35.670
 180 230.868206  66.032497    27.407    27.259  5 56440.78678436 41.321
 181 230.868910  66.032558    37.649    35.265  5 56450.70243491 26.426
 182 230.866049  66.031982    26.624    26.551  4 56460.61808283 30.593
 183 230.866480  66.030831    26.578    26.493  5 56470.53372773 39.656
 184 230.866206  66.029747    26.701    26.723  5 56480.44936887 46.043
 185 230.864483  66.029174    26.305    26.168  5 56490.36500595 49.413
 187 230.865040  66.030119    26.026    25.946  5 56510.19627416 49.726
 188 230.865852  66.030530    25.183    25.111  5 56520.11191719 31.870
 189 230.867022  66.030526    25.048    25.101  5 56530.02757082 43.997
 190 230.866839  66.030163    25.396    25.398  4 56539.94322036 50.730
 191 230.867381  66.030102    24.871    24.850  4 56549.85886566 35.889
 192 230.865208  66.030903    24.909    24.899  5 56559.77450838 33.919
 193 230.866459  66.032290    25.162    25.105  5 56569.69015044 47.884
 194 230.866387  66.033449    24.883    25.104  5 56579.60579105 45.408
 195 230.867388  66.033376    64.843    62.021  5 56589.52142781 24.279
 196 230.866845  66.032603    63.410    61.845  5 56599.43707291 27.421
 197 230.869121  66.032151    67.448    66.955  5 56609.35272382 26.395
 198 230.864759  66.032352    68.393    67.262  5 56619.26836928 23.881
 199 230.866249  66.032800    69.668    69.553  5 56629.18401208 21.712
 200 230.866633  66.032206    68.932    68.829  4 56639.09965162 18.998
 201 230.867371  66.030490    69.662    69.403  5 56649.01529636 18.685
 202 230.867308  66.028892    71.260    72.153  4 56658.93094767 19.649
 203 230.866814  66.028672    69.191    68.838  4 56668.84659496 19.551
 205 230.866946  66.031667    71.187    70.683  4 56688.67788342 20.144
 206 230.865471  66.031661    69.167    69.169  5 56698.59352422 17.921
 207 230.865959  66.030402    71.251    72.274  4 56708.50916055 16.820
 208 230.865825  66.029336    70.746    70.272  5 56718.42479886 16.614
 209 230.864490  66.029867    69.166    68.750  5 56728.34045131 17.934
 211 230.867434  66.033908    71.204    71.180  5 56748.17174518 19.085
 212 230.869129  66.034370    70.255    69.598  5 56758.08738569 18.356
 213 230.869345  66.033311    73.000    72.769  5 56768.00302002 10.880
 214 230.867360  66.031966    63.524    62.277  4 56777.91866575 22.261
 215 230.865745  66.031769    26.076    26.069  4 56787.83432162 36.374
 216 230.864391  66.032454    41.009    31.702  5 56797.74997399 33.016
 217 230.864503  66.033192    27.048    26.956  5 56807.66562103 46.828
 219 230.865700  66.030627    26.400    26.407  5 56827.49689957 33.442
 220 230.865579  66.028619    66.739    69.615  5 56837.41253373 19.198
 221 230.866083  66.028431    28.191    25.529  5 56847.32816507 28.269
 222 230.865518  66.030002    26.274    26.240  5 56857.24381660 50.066
 223 230.868465  66.032047    25.058    25.050  5 56867.15947034 28.492
 224 230.866726  66.032313    24.916    24.939  4 56877.07512208 39.173
 225 230.865615  66.031331    24.705    24.726  4 56886.99077071 28.784
 226 230.867681  66.030154    24.574    24.553  5 56896.90641691 37.988
 227 230.865934  66.030439    24.339    24.387  5 56906.82205996 28.920
 228 230.865632  66.032385    24.474    24.399  5 56916.73770100 28.463
 229 230.867396  66.034536    24.485    24.376  5 56926.65334031 41.769
 230 230.865247  66.034976    24.530    24.688  5 56936.56897569 46.888
 231 230.866132  66.033528    68.970    68.638  5 56946.48460598 25.539
 232 230.864426  66.031602    75.525    78.269  5 56956.40025932 19.524
 233 230.865699  66.030869    78.404    78.270  4 56966.31590830 17.044
 234 230.867186  66.031826    72.422    72.342  4 56976.23155309 20.057
 235 230.867525  66.033018    70.795    70.347  5 56986.14719328 20.204
 236 230.866569  66.032547    70.413    69.575  4 56996.06282768 20.074
 237 230.866734  66.030489    69.375    69.367  4 57005.97847114 20.079
 238 230.867558  66.028513    70.171    70.180  5 57015.89412583 19.908
 239 230.868646  66.028402    69.484    69.654  5 57025.80977653 19.103
 240 230.864940  66.030293    67.447    67.775  5 57035.72542475 18.809
 241 230.868077  66.032393    68.118    68.726  5 57045.64107101 17.035
 242 230.865675  66.032688    68.655    69.018  5 57055.55671348 17.041
 243 230.867011  66.031255    68.866    68.960  4 57065.47235119 16.941
 244 230.867340  66.030128    69.700    69.090  5 57075.38798421 15.920
 245 230.866953  66.030341    69.178    69.527  4 57085.30361406 14.732
 246 230.865896  66.032546    70.808    71.233  5 57095.21926934 14.665
 247 230.870559  66.034766    70.694    70.025  5 57105.13492626 14.875
 248 230.868195  66.035123    69.470    69.877  5 57115.05057808 15.418
 249 230.867393  66.033615    67.726    67.225  4 57124.96622377 15.362
 250 230.867178  66.031780    72.328    71.478  5 57134.88186422  8.117
