# NaN NaN NaN ;Mean Elev.(m), Avg Gradient(m/km), RMS Gradient(m/km) - SRTM1     
#   95.539  -3.798  13.688 ;Mean Elev.(m), Avg Gradient(m/km), RMS Gradient(m/km) - ASTER GDEM
#  103.003  -5.299  13.859 ;Mean Elev.(m), Avg Gradient(m/km), RMS Gradient(m/km) - GMTED2010 
   1 236.701236  63.100634   278.308   278.308  2 54665.96812913  1.564
   2 236.705927  63.100385   223.301   223.490  4 54675.88377417  5.397
   4 236.706698  63.103679   221.604   221.915  4 54695.71505883  6.677
   6 236.704676  63.100758   223.049   223.022  4 54715.54635058  9.717
  10 236.705658  63.098213   222.663   222.616  5 54755.20894276 11.873
  11 236.706056  63.098160   285.081   284.792  4 54765.12458815  3.465
  13 236.708397  63.093875   222.846   222.772  5 54784.95587129 10.918
  14 236.707829  63.094405   222.273   222.338  5 54794.87150961 12.703
  17 236.706445  63.100997   221.855   222.145  4 54824.61842947 13.570
  18 236.706331  63.099264   221.155   221.463  5 54834.53406950 13.567
  19 236.705271  63.098423   220.959   220.977  5 54844.44971940 13.288
  20 236.706521  63.098563   221.685   220.903  5 54854.36536849 12.879
  21 236.705580  63.100370   221.199   221.258  4 54864.28101697 13.202
  22 236.705953  63.100901   221.496   221.450  4 54874.19666541 12.869
  23 236.706513  63.099777   221.357   221.673  5 54884.11231149 12.399
  24 236.705710  63.097248   221.340   221.448  5 54894.02795419 11.687
  25 236.708195  63.094153   221.226   221.075  5 54903.94359460 10.382
  26 236.706317  63.094335   220.877   220.516  5 54913.85923317 10.244
  27 236.707065  63.095864   221.517   221.224  5 54923.77487126  9.997
  28 236.708269  63.097745   223.126   223.714  5 54933.69050858  8.818
  29 236.707028  63.098928   227.229   226.183  5 54943.60614384  5.514
  30 236.705811  63.098404   223.066   222.936  4 54953.52177718 12.532
  31 236.706651  63.095980   223.266   223.048  5 54963.43742207 17.467
  32 236.707263  63.095266   224.965   224.805  5 54973.35307064 10.720
  33 236.706345  63.097139   224.246   224.378  6 54983.26871797 10.307
  35 236.705632  63.100312   224.298   224.324  4 55003.10001129 10.159
  36 236.707108  63.099347    99.559    98.250  5 55013.01565595 21.363
  37 236.704826  63.099024   223.861   223.818  5 55022.93129883 10.468
  38 236.705183  63.099470   223.351   223.417  4 55032.84694116  7.373
  39 236.704627  63.101111   222.999   223.050  5 55042.76258263  6.874
  40 236.705502  63.102242   223.277   223.225  4 55052.67822274  5.635
  41 236.706180  63.101504   223.558   223.613  5 55062.59386081  5.865
  42 236.703937  63.099391   218.666   219.250  5 55072.50950495  6.371
  43 236.704978  63.096292   222.888   222.732  5 55082.42515378  7.492
  44 236.706836  63.094993   227.911   223.314  6 55092.34080083  6.676
  45 236.706991  63.095859   224.255   223.918  6 55102.25644714  7.016
  46 236.707298  63.097167   222.871   222.766  5 55112.17209307  9.792
  47 236.706512  63.097519   221.622   221.782  5 55122.08773672 11.497
  48 236.707852  63.096018   218.955   219.201  5 55132.00337789 10.378
  49 236.708966  63.094271   181.980   180.209  5 55141.91901708 13.424
  50 236.707019  63.094965   222.053   222.090  6 55151.83465520 10.474
  51 236.704597  63.097691   221.238   221.252  5 55161.75029333 12.193
  52 236.706576  63.099881   220.904   221.286  5 55171.66593156 15.047
  53 236.704804  63.101992   220.700   220.878  4 55181.58156790 15.491
  54 236.705188  63.100971   221.081   221.037  5 55191.49721772 14.290
  55 236.703848  63.100311   220.576   220.431  5 55201.41286789 14.600
  56 236.705771  63.099656   220.972   221.266  4 55211.32851764 13.531
  57 236.705040  63.100219   220.928   220.733  4 55221.24416653 13.003
  58 236.705056  63.099613   220.771   220.740  5 55231.15981446 13.103
  59 236.706609  63.097964   221.222   221.030  5 55241.07545943 13.182
  60 236.707246  63.095886   221.007   220.884  5 55250.99110083 11.478
  61 236.708754  63.094226   221.158   221.127  5 55260.90674006 11.609
  62 236.707032  63.095021   220.788   220.660  5 55270.82237797 11.015
  63 236.706424  63.096475   220.750   220.724  6 55280.73801587 11.472
  64 236.706148  63.097772   221.844   221.881  5 55290.65365262 10.201
  66 236.707773  63.096651   223.774   223.758  5 55310.48493367 16.987
  67 236.706439  63.095849   223.696   223.716  5 55320.40057928 13.178
  68 236.706979  63.095797   225.303   224.340  6 55330.31622383  7.544
  69 236.705137  63.097592   223.549   223.539  5 55340.23186780  9.438
  70 236.704866  63.099182    93.602    93.605  5 55350.14751168 49.735
  71 236.705728  63.099946   222.912   222.934  5 55360.06315366  7.069
  72 236.703365  63.100724   222.535   222.499  5 55369.97879321  6.864
  73 236.704465  63.100820   226.655   226.447  4 55379.89443170  7.512
  74 236.705185  63.101474   223.220   223.400  4 55389.81006945  7.982
  75 236.706338  63.101958    93.103    93.101  4 55399.72570622 49.423
  76 236.704805  63.101336   223.228   223.312  5 55409.64135332  8.133
  77 236.705290  63.098715    93.007    92.999  5 55419.55700417 48.510
  78 236.707130  63.096038   224.953   224.435  5 55429.47265182  9.314
  79 236.707872  63.095214   224.144   224.150  5 55439.38829657 11.122
  80 236.706770  63.096260    93.598    93.616  6 55449.30393946 49.288
  81 236.707108  63.097038    92.855    92.869  5 55459.21958212 48.914
  82 236.708018  63.096891    92.150    92.186  5 55469.13522409 51.242
  83 236.706450  63.096680   224.190   224.241  6 55479.05086263  7.815
  84 236.708033  63.096059   223.075   223.150  5 55488.96649866  8.659
  85 236.705433  63.097363   222.227   222.294  5 55498.88213191 13.132
  86 236.708169  63.098073   222.216   222.228  5 55508.79777162 14.656
  87 236.704720  63.099516   221.283   221.150  5 55518.71342136 16.095
  88 236.703721  63.100251   220.931   221.374  5 55528.62907049 15.977
  89 236.705057  63.099859   221.158   221.601  5 55538.54471808 16.448
  90 236.705507  63.099638   221.116   221.161  5 55548.46036329 17.194
  91 236.703358  63.100382   218.195   220.694  5 55558.37600636 17.043
  92 236.704414  63.100888   215.943   216.266  5 55568.29164883 16.900
  93 236.705988  63.100652   220.054   221.306  4 55578.20729056 15.206
  94 236.706680  63.099247   221.145   220.916  5 55588.12293004 13.884
  95 236.704865  63.097849   221.439   221.614  5 55598.03856626 12.079
  96 236.706895  63.096483   222.263   221.845  5 55607.95420020 10.411
  97 236.704641  63.097954   222.005   222.060  5 55617.86983160  8.531
  98 236.706096  63.099100   221.411   221.560  5 55627.78547760 10.422
  99 236.705422  63.099596   221.219   221.266  5 55637.70112899 10.376
 100 236.707962  63.097892   221.966   221.925  5 55647.61677885  9.888
 101 236.706668  63.096029   222.189   222.002  5 55657.53242547  7.494
 102 236.707358  63.094785   223.436   223.186  5 55667.44806797  6.086
 103 236.707409  63.095761   223.241   222.547  5 55677.36370738  6.033
 104 236.706133  63.098518   222.890   223.124  5 55687.27934454 10.209
 105 236.704044  63.101193   223.690   223.688  5 55697.19498037 18.476
 106 236.705780  63.101769   223.827   223.754  5 55707.11061542 13.274
 107 236.706836  63.100315    94.770    94.729  5 55717.02626652 52.020
 108 236.707045  63.099482   223.775   223.722  5 55726.94191516  7.199
 109 236.703678  63.100667    94.961    94.972  5 55736.85756163 51.362
 110 236.705626  63.101009   223.854   223.977  4 55746.77320745  6.454
 111 236.704433  63.101113   223.980   224.038  4 55756.68885102  5.603
 112 236.705679  63.099169   225.307   225.397  5 55766.60449247  6.411
 113 236.707743  63.096386   224.434   224.207  5 55776.52013111  8.275
 114 236.706323  63.095602   224.274   224.280  5 55786.43576641  8.149
 115 236.704390  63.097629   224.072   223.939  5 55796.35139953  7.333
 116 236.705232  63.099636    93.269    93.289  4 55806.26704028 46.482
 117 236.705682  63.100483   225.184   224.770  5 55816.18268922  8.640
 118 236.705856  63.099273   223.561   223.423  4 55826.09833535  8.266
 119 236.708706  63.096681    92.593    92.621  5 55836.01397744 49.059
 120 236.706765  63.096020   230.684   232.400  6 55845.92961557  8.698
 121 236.703855  63.098383   222.508   222.468  5 55855.84525073  9.071
 122 236.703500  63.100966   221.607   221.613  5 55865.76089215 16.669
 123 236.704525  63.102012   221.928   222.034  5 55875.67654498 15.837
 133 236.705435  63.096038   222.293   222.342  5 55974.83297879  9.466
 134 236.703733  63.099498   221.300   221.224  5 55984.74861466 10.501
 135 236.706285  63.101276   222.273   222.889  4 55994.66424865 10.917
 136 236.705781  63.099744   222.113   221.939  4 56004.57990084  9.554
 137 236.708705  63.095996   221.997   221.656  5 56014.49555005  8.889
 139 236.704885  63.096461   233.888   233.900  5 56034.32683822  1.799
 141 236.705751  63.101883   223.774   223.731  5 56054.15811709 18.068
 142 236.703673  63.103152   223.271   223.095  4 56064.07375152 14.492
 143 236.706141  63.101202   223.736   223.808  4 56073.98939500  8.796
 144 236.706828  63.099498   223.765   223.677  5 56083.90504500  7.495
 145 236.704343  63.099899   226.760   227.988  5 56093.82069218 12.620
 146 236.703951  63.100758   223.380   223.448  5 56103.73633737  8.304
 147 236.705298  63.100270   223.420   223.475  4 56113.65196838  8.055
 148 236.707736  63.098710   223.803   223.698  5 56123.56760741  5.757
 149 236.704575  63.097891   223.261   223.298  5 56133.48324188  5.002
 150 236.704833  63.096930   100.104   102.291  5 56143.39888062 20.422
 151 236.708223  63.096137   225.606   226.094  5 56153.31453147  8.303
 152 236.704803  63.098404   223.815   223.405  5 56163.23017995  6.351
 153 236.703903  63.099807   223.151   223.225  5 56173.14582670 11.818
 154 236.703793  63.099624   223.599   223.466  5 56183.06146871 10.444
 155 236.707533  63.097289   223.991   223.936  5 56192.97710755 11.481
 156 236.705218  63.096991    92.230    92.274  5 56202.89274297 38.311
 157 236.704738  63.098695   222.855   222.840  5 56212.80837668 11.116
 158 236.705855  63.101866   222.193   222.161  5 56222.72400849 14.586
 159 236.703493  63.103649   221.744   221.769  4 56232.63966435 13.976
 160 236.706144  63.102579   221.688   221.805  4 56242.55531712 14.834
 161 236.705189  63.101145   221.729   221.711  5 56252.47096513 14.460
 162 236.705131  63.099918   221.539   221.570  5 56262.38660858 12.484
 164 236.705887  63.100097   221.277   221.700  5 56282.21789175 13.119
 165 236.704011  63.099852   220.301   220.110  5 56292.13354350 13.848
 166 236.707611  63.097280   220.677   220.635  5 56302.04919152 13.227
 167 236.707623  63.095469   219.659   220.872  5 56311.96483496 11.707
 168 236.707833  63.094916   220.322   221.242  5 56321.88047619 11.297
 169 236.707565  63.096171   222.004   222.390  5 56331.79611668 10.052
 170 236.705178  63.098484   221.515   221.039  5 56341.71175644  9.550
 171 236.703898  63.100091   221.100   220.963  5 56351.62739409  9.037
 172 236.706819  63.099033   221.889   222.067  5 56361.54303430  9.124
 173 236.708328  63.096915   222.135   222.195  5 56371.45868418  8.686
 174 236.706598  63.096605   222.140   222.416  5 56381.37433087  7.034
 175 236.704738  63.098189   228.347   228.792  5 56391.28997515  4.960
 176 236.704059  63.100309   224.300   223.253  5 56401.20561781  4.668
 178 236.704833  63.102277   217.188   217.259  4 56421.03689321  9.388
 179 236.705669  63.101778   223.641   223.526  4 56430.95253171 17.093
 180 236.706417  63.100138    94.891    94.905  5 56440.86818489 50.657
 181 236.705663  63.099484    96.963    96.977  4 56450.78383541 50.128
 182 236.703900  63.099301   223.434   223.465  5 56460.69948352  7.895
 183 236.707556  63.097328   225.059   223.590  5 56470.61512901  5.494
 184 236.704748  63.097111   228.047   226.222  5 56480.53077003  4.515
 185 236.704650  63.096905   219.233   219.190  5 56490.44640732  3.600
 187 236.704858  63.099522   223.029   222.941  5 56510.27767504  4.942
 188 236.705799  63.100127    93.074    93.092  5 56520.19331804 48.390
 189 236.706243  63.099366   217.953   217.816  5 56530.10897152  4.944
 190 236.705251  63.098728    93.002    93.008  5 56540.02462092 46.275
 191 236.703609  63.098414    92.664    92.734  5 56549.94026595 48.133
 192 236.707142  63.097941    99.509    99.204  5 56559.85590920 20.472
 193 236.705235  63.099740   224.238   224.515  5 56569.77155080  6.635
 194 236.705789  63.101446   222.334   222.501  5 56579.68719132 12.647
 195 236.704793  63.102858   222.560   222.590  4 56589.60282781 12.205
 196 236.706847  63.101710   222.404   222.366  4 56599.51847351 12.456
 197 236.704798  63.100565   222.032   222.053  4 56609.43412415 13.491
 198 236.705337  63.100131   222.209   222.201  5 56619.34977004 13.935
 199 236.705696  63.100323   222.172   222.221  4 56629.26541261 13.922
 200 236.706790  63.100035   222.294   222.224  5 56639.18105211 13.845
 201 236.705367  63.098866   221.800   221.719  5 56649.09669682 13.348
 202 236.704883  63.096588   221.618   221.592  5 56659.01234823 12.903
 203 236.707564  63.095095   222.167   222.060  5 56668.92799593 12.208
 205 236.706221  63.098558   221.724   221.865  5 56688.75928400 12.207
 206 236.703960  63.099823   221.609   221.548  5 56698.67492470 11.512
 207 236.706057  63.098919   222.034   221.828  5 56708.59056138 11.476
 208 236.705970  63.098096   221.492   221.704  5 56718.50620008 11.359
 211 236.705707  63.100583   221.537   221.503  4 56748.25314579 11.596
 212 236.705806  63.101769   221.660   221.570  5 56758.16878590 11.084
 213 236.706383  63.101893   223.084   223.026  4 56768.08442012  9.893
 214 236.704841  63.100761   227.487   227.406  4 56778.00006617 14.352
 215 236.704581  63.099295   223.977   224.032  5 56787.91572228 10.061
 216 236.707227  63.098183   229.613   229.636  5 56797.83137516 11.080
 217 236.707058  63.098549   224.587   224.407  5 56807.74702214 13.867
 219 236.705318  63.097626   223.912   223.935  5 56827.57830070  5.985
 221 236.705513  63.097237    95.201    95.276  5 56847.40956633 46.646
 222 236.706882  63.097793   225.572   224.747  5 56857.32521808  7.105
 223 236.707369  63.099136   223.578   223.558  5 56867.24087132  7.199
 224 236.705921  63.099473   225.295   224.795  5 56877.15652289  6.837
 225 236.703837  63.098605   224.947   225.547  5 56887.07217139  6.806
 226 236.706912  63.096102    92.141    92.056  5 56896.98781782 49.562
 227 236.706849  63.096090   228.379   229.270  5 56906.90346096  8.555
 228 236.707861  63.097892   226.091   224.280  5 56916.81910192  7.715
 229 236.705178  63.101391   223.112   223.226  4 56926.73474048  7.586
 230 236.707795  63.102542    91.507    91.491  4 56936.65037622 48.244
 231 236.706978  63.102827   222.991   223.115  4 56946.56600639  9.334
 232 236.704793  63.100466   222.124   222.135  4 56956.48166020 14.443
 233 236.708202  63.097923   222.507   222.712  5 56966.39730962 14.631
 234 236.706238  63.098938   222.226   222.213  5 56976.31295389 14.961
 235 236.704921  63.100824   221.994   222.024  5 56986.22859359 15.110
 236 236.706726  63.101108   222.093   222.149  4 56996.14422806 15.646
 237 236.705917  63.099450   221.786   221.763  5 57006.05987173 14.422
 238 236.706530  63.096145   221.676   221.638  5 57015.97552664 14.165
 239 236.706766  63.095077   221.821   221.793  6 57025.89117735 13.013
 240 236.707749  63.096635   222.008   222.087  5 57035.80682587 14.239
 241 236.706874  63.099153   221.529   221.414  5 57045.72247158 15.058
 242 236.706605  63.100187   221.310   221.496  5 57055.63811424 14.949
 243 236.705932  63.099345   221.195   221.358  5 57065.55375195 13.707
 244 236.705965  63.098654   221.564   221.528  5 57075.46938509 12.978
 245 236.704324  63.100182   220.808   221.025  5 57085.38501466 11.534
 246 236.705519  63.101197   220.825   221.198  5 57095.30067020 11.526
 247 236.706612  63.102209   221.271   221.146  4 57105.21632655 11.083
 248 236.706072  63.102594   221.243   221.345  4 57115.13197835 10.078
 249 236.705462  63.101203   228.218   225.312  3 57125.04762411  0.701
 250 236.705416  63.099293   224.030   224.042  5 57134.96326471 11.631
