# NaN NaN NaN ;Mean Elev.(m), Avg Gradient(m/km), RMS Gradient(m/km) - SRTM1     
#   32.226 -17.977  20.392 ;Mean Elev.(m), Avg Gradient(m/km), RMS Gradient(m/km) - ASTER GDEM
#   42.287  -2.791  15.182 ;Mean Elev.(m), Avg Gradient(m/km), RMS Gradient(m/km) - GMTED2010 
   1 232.181627  65.553453   198.048   196.592 11 54664.87107004  1.481
   2 232.166456  65.553310   183.544   183.366 14 54674.78671338  3.497
   3 232.148503  65.553298    -1.742    -1.657 15 54684.70235504  3.796
   4 232.167213  65.555801   187.061   187.005  6 54694.61799869  1.606
   5 232.152160  65.553240    -3.435     0.169 16 54704.53363651 12.072
   6 232.159161  65.551626   190.293   190.509 17 54714.44928812  4.943
   7 232.167184  65.550396     8.071     9.675 18 54724.36493920 10.480
   8 232.169762  65.550470   192.222   192.084 18 54734.28058770  3.770
   9 232.163604  65.551675   189.379   189.519 17 54744.19623422  2.771
  10 232.156778  65.552550   186.100   185.030 15 54754.11188030  4.863
  11 232.158420  65.552315   187.602   189.244 16 54764.02752630  7.583
  12 232.166063  65.550806   190.793   191.848 18 54773.94317010  5.952
  13 232.174423  65.549744   194.287   194.076 17 54783.85881133  6.273
  14 232.170713  65.549538   191.684   192.474 18 54793.77444943  5.373
  17 232.158102  65.552154   178.604   178.425 17 54823.52136698  4.407
  18 232.162153  65.551866   180.451   180.554 17 54833.43700742  5.138
  19 232.160231  65.551833   178.808   178.720 16 54843.35265725  4.068
  20 232.156190  65.552871   203.346   203.226 16 54853.26830591  2.481
  21 232.145336  65.553848   200.644   200.354 13 54863.18395369  1.951
  22 232.137388  65.553900   198.471   198.079 12 54873.09960157  1.784
  23 232.155234  65.554285   201.775   201.511 13 54883.01524960  1.998
  24 232.160766  65.551984   201.661   201.753 17 54892.93089302  2.332
  25 232.166040  65.550219   201.393   201.204 18 54902.84653368  2.453
  26 232.168572  65.550456   167.856   167.786 17 54912.76217281  2.184
  27 232.162597  65.551481   202.278   201.734 16 54922.67781031  2.187
  28 232.160068  65.552415   201.582   201.981 16 54932.59344734  2.383
  29 232.168735  65.552369   204.448   206.322 14 54942.50908358  2.059
  30 232.167857  65.549938   153.266   156.064 18 54952.42471701  7.146
  31 232.179365  65.549243   197.072   198.549 17 54962.34036088  7.956
  32 232.173281  65.549293   162.820   163.312 19 54972.25600894  9.663
  33 232.166576  65.550733   160.553   161.479 18 54982.17165600  6.526
  34 232.160560  65.552215    36.893    36.832 16 54992.08730284 54.030
  35 232.156614  65.552453   190.677   189.947 16 55002.00294914  4.443
  36 232.155657  65.552117   192.952   194.519 16 55011.91859386  3.838
  37 232.159777  65.552014   150.730   152.044 16 55021.83423759  8.808
  38 232.159457  65.552730   152.994   154.564 16 55031.74988000  9.568
  39 232.154710  65.553544   173.010   171.918 15 55041.66552130  6.138
  40 232.149103  65.553501   159.957   160.451 15 55051.58116097  6.413
  41 232.157551  65.552895   191.416   192.993 16 55061.49679972  2.791
  42 232.163374  65.550986   159.524   160.579 17 55071.41244271  7.984
  43 232.170971  65.549839   193.470   193.896 18 55081.32809214  5.665
  44 232.169379  65.549802   177.392   176.716 18 55091.24373911  7.555
  45 232.166828  65.551271   192.781   194.941 17 55101.15938545  5.364
  46 232.159101  65.552235   157.985   157.333 16 55111.07503088  9.549
  47 232.161100  65.552162   177.430   176.820 16 55120.99067518  4.180
  48 232.166697  65.550733   154.500   154.800 18 55130.90631695  7.963
  49 232.174083  65.549562   133.051   136.575 18 55140.82195690  8.207
  50 232.170963  65.549479   153.701   153.633 18 55150.73759512  7.003
  51 232.164440  65.550736   162.154   162.066 17 55160.65323306  7.008
  52 232.160883  65.552204   175.920   175.632 16 55170.56887088  7.777
  53 232.158888  65.552534   178.004   177.929 16 55180.48450739  6.590
  54 232.159418  65.552249   174.873   174.872 16 55190.40015542  5.686
  55 232.157269  65.552287   165.695   165.147 16 55200.31580557  4.920
  56 232.153134  65.552711   176.838   176.753 16 55210.23145487  5.091
  57 232.151208  65.553475   175.250   174.918 15 55220.14710393  4.438
  58 232.150796  65.553190   177.405   177.846 15 55230.06275212  3.322
  59 232.155267  65.552325   178.570   178.171 16 55239.97839751  4.044
  60 232.163481  65.551182   178.768   178.832 17 55249.89403962  4.521
  61 232.167414  65.550353   181.067   181.063 17 55259.80967903  4.571
  62 232.166168  65.550302   183.288   183.261 18 55269.72531720  3.865
  63 232.164212  65.550999   184.765   185.420 18 55279.64095521  4.458
  64 232.166298  65.551641   187.003   187.502 16 55289.55659231  2.824
  65 232.168045  65.551251   188.281   188.570 17 55299.47222694  3.114
  66 232.167688  65.549980   162.408   160.491 18 55309.38787128 13.442
  67 232.174991  65.549868   195.435   196.287 17 55319.30351781  4.568
  68 232.171825  65.550041   161.805   162.779 18 55329.21916238  5.659
  69 232.164906  65.551035   191.768   193.166 18 55339.13480630  5.322
  70 232.160833  65.552161   167.051   166.245 16 55349.05045015  4.377
  71 232.157030  65.552479   169.227   168.942 16 55358.96609205  3.193
  72 232.154521  65.552243   159.525   159.196 16 55368.88173189  5.140
  73 232.154675  65.552195   191.621   192.818 16 55378.79737049  4.033
  74 232.157004  65.552662   164.968   165.453 16 55388.71300856  4.207
  75 232.158406  65.552807   174.238   173.425 16 55398.62864555  6.702
  76 232.159148  65.552134   174.359   173.211 16 55408.54429092  1.855
  77 232.125755  65.547629   159.254   158.715  4 55418.45993845  0.910
  78 232.168636  65.550300   182.781   182.120 18 55428.37558982  2.374
  79 232.169581  65.550213   179.315   178.327 18 55438.29123462  2.374
  80 232.166646  65.550766   176.786   175.651 17 55448.20687774  3.775
  81 232.164685  65.551322   191.741   189.996 17 55458.12252068  3.248
  82 232.160757  65.550997   178.656   177.919 17 55468.03816268  3.864
  83 232.165091  65.550445   183.728   183.834 17 55477.95380217  3.588
  84 232.167690  65.549658    95.068    97.123 18 55487.86943839 13.328
  85 232.173309  65.549766   126.340   125.470 18 55497.78507264  4.324
  86 232.168160  65.550293   158.303   157.298 17 55507.70070990  3.537
  87 232.147512  65.549858   122.273   123.382 11 55517.61635833  4.598
  88 232.159270  65.552095   179.671   179.521 16 55527.53200890  5.456
  89 232.166054  65.553171   184.834   184.440 13 55537.44765701  3.596
  90 232.154632  65.552344   183.602   183.539 16 55547.36330113  2.892
  91 232.155664  65.553022   179.014   178.884 15 55557.27894469  3.425
  92 232.152593  65.553408   175.196   174.510 16 55567.19458701  3.540
  93 232.154650  65.553240   174.983   174.178 16 55577.11022905  3.595
  94 232.161095  65.552102   176.437   176.151 16 55587.02586944  4.448
  95 232.167213  65.550386   193.709   194.230 18 55596.94150665  4.414
  96 232.173590  65.549760   192.965   194.301 18 55606.85714100  4.678
  97 232.173358  65.549905   189.327   189.889 18 55616.77277270  3.919
  98 232.164545  65.550543   199.379   201.498 17 55626.68841540  3.682
  99 232.161123  65.550913   199.196   200.143 17 55636.60406682  3.878
 100 232.165609  65.550852   198.793   200.092 17 55646.51971688  3.481
 101 232.170866  65.550108   201.666   201.430 18 55656.43536419  3.050
 102 232.170168  65.549483   204.069   204.038 18 55666.35100656  2.769
 103 232.167386  65.549892   201.397   201.810 18 55676.26664592  2.288
 105 232.160610  65.551893    37.108    37.088 17 55696.09791985 37.482
 106 232.160133  65.551925   189.046   190.140 17 55706.01355520  8.571
 107 232.162144  65.551902   192.491   194.586 17 55715.92920457  4.843
 108 232.159888  65.551944   164.766   164.977 17 55725.84485317  7.259
 109 232.144415  65.551476   159.089   158.807 13 55735.76049868  3.557
 110 232.131145  65.551221   166.573   159.287  8 55745.67614312  2.444
 111 232.131233  65.550925   168.394   160.773  8 55755.59178698  1.764
 112 232.162255  65.551762   174.365   173.320 17 55765.50743129  2.330
 113 232.161737  65.549158   180.454   177.015 15 55775.42306970  1.020
 114 232.178636  65.549443   187.102   187.602 17 55785.33870684  4.237
 115 232.168953  65.549552   178.414   177.825 18 55795.25433948  2.718
 116 232.162431  65.550747   173.888   173.036 17 55805.16997790  2.060
 117 232.161450  65.551551   177.025   176.461 16 55815.08562720  2.825
 118 232.167162  65.550880   172.147   171.199 17 55825.00127455  2.271
 119 232.142617  65.546828   164.327   164.192  8 55834.91691443  3.324
 120 232.176796  65.549239   186.611   187.279 17 55844.83255627  3.352
 121 232.167198  65.549570    80.486    80.359 18 55854.74819113 26.197
 122 232.162405  65.551319   150.327   149.612 16 55864.66383007  5.660
 123 232.154256  65.552368   151.267   150.984 16 55874.57948262  5.286
 133 232.176452  65.550539    33.581    33.804 16 55973.73591957 11.805
 134 232.164696  65.551549   185.330   185.660 17 55983.65155467  3.284
 135 232.161024  65.551789   183.536   183.885 17 55993.56718835  2.720
 136 232.163033  65.550887   183.231   182.898 17 56003.48283844  3.238
 137 232.170167  65.549532   188.329   188.643 18 56013.39848808  3.382
 139 232.171615  65.550838   206.178   206.775 16 56033.22977733  2.533
 141 232.161511  65.553967    34.515    34.467 12 56053.06105638 23.755
 142 232.155262  65.552912   152.667   153.698 15 56062.97669119  4.521
 143 232.158859  65.551846   190.486   191.328 16 56072.89233269  8.609
 144 232.160749  65.551706   153.172   153.785 17 56082.80798299  9.646
 145 232.156524  65.551998   165.965   165.198 16 56092.72363026  5.616
 146 232.156472  65.553018   170.389   169.751 16 56102.63927570  3.256
 147 232.116287  65.548928   152.122   152.122  2 56112.55490282  1.097
 148 232.164733  65.551671   173.293   172.144 17 56122.47054627  4.372
 149 232.186462  65.551162   189.986   191.405 13 56132.38618330  3.058
 150 232.173915  65.548870   177.749   177.687 19 56142.30181883  4.467
 151 232.211113  65.553675    40.839    36.383  5 56152.21747327 18.427
 152 232.177937  65.552743   181.583   182.172 13 56162.13311941  2.080
 153 232.131330  65.549463   158.017   157.981  8 56172.04876231  2.886
 154 232.134317  65.548809   159.437   159.904  7 56181.96440519  2.242
 155 232.168588  65.550230   194.534   195.706 17 56191.88004723  5.888
 156 232.171268  65.549598   154.878   155.603 19 56201.79568356  7.390
 157 232.166618  65.550311   179.763   179.596 18 56211.71131726  5.971
 158 232.159705  65.551730   172.829   172.112 17 56221.62694884  5.199
 159 232.154915  65.553271   172.350   172.434 15 56231.54260186  4.549
 160 232.154294  65.553347   153.600   152.902 16 56241.45825446  5.606
 161 232.154593  65.552510   129.273   126.914 16 56251.37390295  7.023
 162 232.158237  65.551948   145.313   145.408 16 56261.28954706  5.764
 163 232.158952  65.552059   159.784   158.492 17 56271.20518873  5.973
 164 232.159042  65.552387   162.736   161.100 16 56281.12082927  6.128
 165 232.154775  65.552165   160.760   160.410 16 56291.03648121  5.424
 166 232.161492  65.551558   162.302   161.498 16 56300.95212966  5.184
 167 232.169440  65.550534   166.926   165.722 18 56310.86777405  5.916
 168 232.172496  65.550022   169.952   168.910 18 56320.78341574  6.074
 169 232.166412  65.550369   159.628   159.166 18 56330.69905594  4.704
 170 232.162855  65.551442   160.183   159.437 17 56340.61469582  3.859
 171 232.160674  65.551764   155.135   155.213 16 56350.53033354  3.724
 172 232.161602  65.550847   169.317   168.180 17 56360.44597144  3.677
 173 232.173980  65.551036   190.083   190.773 15 56370.36162241  2.557
 175 232.170260  65.552466   188.084   188.413 13 56390.19291430  2.505
 176 232.166374  65.553888   183.353   183.878 13 56400.10855728  2.568
 177 232.166835  65.554786   187.914   189.297 11 56410.02419800  2.262
 178 232.155069  65.553144   198.224   199.520 16 56419.93983276  2.339
 179 232.158870  65.552479   150.495   150.305 16 56429.85546906 12.222
 180 232.159406  65.552512   193.701   194.147 16 56439.77112239  6.369
 181 232.154625  65.552246   153.236   153.229 16 56449.68677275 10.339
 182 232.159779  65.552667   152.498   154.072 16 56459.60242181  6.553
 183 232.160580  65.551844   154.708   153.914 16 56469.51806710  7.036
 184 232.164050  65.551114   155.835   158.683 18 56479.43370876  9.010
 185 232.166932  65.550414   169.170   168.722 18 56489.34934642  5.900
 187 232.164294  65.550304   171.226   170.701 17 56509.18061487  1.605
 188 232.164745  65.550933   180.018   179.918 17 56519.09625576  2.340
 189 232.154609  65.550421   165.594   165.496 14 56529.01190872  3.957
 190 232.162713  65.551068   162.112   162.570 16 56538.92755925  4.280
 191 232.164737  65.551004   195.750   196.334 17 56548.84320500  3.048
 192 232.163244  65.551481   162.331   162.598 17 56558.75884799  6.623
 193 232.157861  65.552157   165.576   165.266 16 56568.67448970  5.251
 194 232.153766  65.553061   171.492   171.120 15 56578.59013023  4.996
 195 232.152708  65.553076   166.229   165.760 16 56588.50576724  4.038
 196 232.156186  65.552827   117.158   116.018 15 56598.42141069  7.696
 197 232.155175  65.552259   142.755   142.337 16 56608.33706172  7.263
 198 232.156651  65.552510   164.438   164.083 16 56618.25270811  4.959
 199 232.156640  65.552635   174.535   173.636 16 56628.16835109  4.066
 200 232.157684  65.552182   178.195   177.827 16 56638.08399125  3.160
 201 232.177589  65.552609   189.566   189.922 13 56647.99963624  2.858
 202 232.173349  65.551069   182.604   183.550 15 56657.91528757  3.714
 203 232.168813  65.550316   192.072   193.078 18 56667.83093465  3.619
 205 232.159779  65.551705   198.989   198.636 17 56687.66222253  3.911
 206 232.160514  65.551944   201.906   201.580 17 56697.57786409  4.138
 207 232.164731  65.551337   201.745   202.184 17 56707.49350132  4.041
 208 232.168300  65.550651   201.846   202.726 17 56717.40913770  3.900
 209 232.161995  65.550739    45.858    44.787 17 56727.32478997  9.499
 211 232.153025  65.553572   199.220   200.145 15 56747.15608359  3.613
 212 232.149622  65.553633   198.521   198.759 15 56757.07172428  3.378
 214 232.168593  65.553218   123.422   123.422  2 56776.90300429  1.417
 215 232.155828  65.552237   191.190   193.328 16 56786.81865939  7.578
 216 232.153982  65.552946   152.602   152.487 15 56796.73431196 11.371
 217 232.154046  65.553532   190.998   192.202 15 56806.64995978  4.253
 219 232.164765  65.551562   169.592   169.774 17 56826.48124008  3.600
 220 232.168575  65.550046    34.591    34.515 18 56836.39687490 27.659
 221 232.160463  65.549062   161.016   161.122 15 56846.31250556  3.472
 222 232.155515  65.550107   155.595   155.534 15 56856.22815414  4.223
 223 232.151886  65.551462   164.430   164.391 14 56866.14380735  4.922
 224 232.156731  65.552146   159.265   158.820 16 56876.05946015  6.133
 225 232.161227  65.551894   154.891   157.890 17 56885.97510976  5.514
 226 232.151953  65.550171   166.652   165.279 14 56895.89075521  4.442
 227 232.160638  65.551545   155.130   157.592 17 56905.80639941  6.677
 228 232.156020  65.552950   159.410   159.741 16 56915.72204019  4.551
 229 232.145871  65.553753   163.068   162.822 13 56925.63767857  5.677
 230 232.146013  65.554003   157.212   156.693 13 56935.55331471  7.195
 231 232.155234  65.553219   134.331   135.031 16 56945.46894634  6.977
 232 232.152257  65.551338   134.794   135.339 14 56955.38459715  6.021
 233 232.160259  65.551584    79.864    79.738 17 56965.30024729 22.783
 234 232.155370  65.552123   178.512   178.749 16 56975.21589182  4.642
 235 232.154219  65.553061   174.787   174.896 16 56985.13153225  5.494
 236 232.156369  65.552493   175.980   175.964 16 56995.04716762  6.941
 237 232.167195  65.551152   178.927   178.486 17 57004.96280950  7.086
 238 232.169569  65.549597   179.745   179.402 18 57014.87846508  7.524
 239 232.170886  65.549868   179.558   179.351 18 57024.79411606  6.458
 240 232.160139  65.551119   162.292   161.280 17 57034.70976367  3.895
 241 232.155991  65.552682   175.056   174.786 16 57044.62540938  4.857
 242 232.156556  65.552845   173.403   172.366 16 57054.54105257  3.277
 243 232.161504  65.551560   175.083   174.282 16 57064.45669129  2.746
 244 232.171991  65.551231   185.019   185.233 15 57074.37232574  3.088
 245 232.172657  65.551578   195.698   196.344 15 57084.28795594  2.779
 246 232.155113  65.552510   203.058   202.812 16 57094.20360657  1.290
 247 232.164925  65.555763   203.950   203.518  5 57104.11926434  0.502
 248 232.139791  65.553793    36.933    34.546 13 57114.03491458  8.087
 249 232.138412  65.551972   184.124   194.508  3 57123.95056083  0.060
