# NaN NaN NaN ;Mean Elev.(m), Avg Gradient(m/km), RMS Gradient(m/km) - SRTM1     
#    8.621  -2.807   9.084 ;Mean Elev.(m), Avg Gradient(m/km), RMS Gradient(m/km) - ASTER GDEM
#   30.036  -2.364   8.885 ;Mean Elev.(m), Avg Gradient(m/km), RMS Gradient(m/km) - GMTED2010 
   1 230.919139  66.033140    26.051    26.020  4 54665.88673384 30.845
   2 230.919833  66.034314    25.393    25.367  5 54675.80237855 52.937
   3 230.917984  66.035983     1.188     1.334  4 54685.71802163  9.096
   4 230.917117  66.036937    75.895    75.256  5 54695.63366320 18.712
   5 230.918802  66.036032     5.070     5.075  4 54705.54930246 10.077
   6 230.919594  66.033661    24.931    24.994  5 54715.46495476 50.654
   7 230.918963  66.031337    11.197    11.202  5 54725.38060471 14.429
   8 230.921789  66.031057    24.469    24.453  5 54735.29625308 42.324
   9 230.919763  66.032666    24.812    24.850  5 54745.21190008 31.381
  10 230.918983  66.034283    79.982    79.721  4 54755.12754676 20.015
  11 230.916745  66.033936    78.024    78.602  5 54765.04319206 25.431
  12 230.918808  66.031815    77.972    76.999  5 54774.95883486 21.406
  13 230.918873  66.029861    79.140    79.830  5 54784.87447495 23.829
  14 230.919043  66.030002    77.237    77.887  6 54794.79011342 25.818
  17 230.916654  66.034302    77.873    77.615  5 54824.53703352 18.479
  18 230.918924  66.033578    78.884    78.736  4 54834.45267351 17.310
  19 230.918432  66.033502    78.866    78.937  4 54844.36832333 16.648
  20 230.919911  66.034622    79.128    79.028  5 54854.28397247 16.692
  21 230.919542  66.036371    79.522    79.568  4 54864.19962127 16.873
  22 230.919280  66.037009    79.513    79.470  4 54874.11526981 16.020
  23 230.917415  66.035850    79.352    79.368  4 54884.03091564 15.957
  24 230.920471  66.033406    79.166    79.143  5 54893.94655849 16.211
  25 230.921347  66.031272    78.875    78.880  5 54903.86219846 15.763
  26 230.921217  66.031052    78.531    78.669  5 54913.77783717 15.940
  27 230.918687  66.032314    78.892    78.630  4 54923.69347503 15.286
  28 230.917187  66.033548    78.858    78.580  5 54933.60911218 14.879
  29 230.916890  66.033217    78.772    78.725  5 54943.52474751 14.486
  30 230.917545  66.031338    79.524    79.502  5 54953.44038084 19.764
  31 230.921089  66.029705    80.744    81.391  5 54963.35602551 19.938
  32 230.921505  66.029936    32.035    32.108  5 54973.27167402 34.106
  33 230.919906  66.031754    26.703    26.824  5 54983.18732158 51.565
  34 230.918891  66.033764    80.025    79.815  5 54993.10296897 24.126
  35 230.917574  66.034506    27.538    27.509  4 55003.01861533 47.406
  36 230.919195  66.034327    26.474    26.421  4 55012.93426001 35.492
  37 230.918229  66.033775    26.438    26.476  5 55022.84990303 29.493
  38 230.917318  66.034337    26.542    26.509  5 55032.76554530 51.333
  39 230.917277  66.035436    25.346    25.374  4 55042.68118695 49.524
  40 230.918908  66.035896    25.183    25.192  4 55052.59682718 47.649
  41 230.917767  66.034576    25.096    25.094  5 55062.51246491 47.813
  42 230.917198  66.032415    25.739    25.762  5 55072.42810877 53.551
  43 230.919610  66.030839    24.913    24.882  5 55082.34375737 43.978
  44 230.918752  66.030815    25.908    25.835  5 55092.25940413 52.191
  45 230.916849  66.031972    25.084    25.071  5 55102.17505048 51.268
  46 230.918602  66.033335    24.826    24.808  5 55112.09069683 35.431
  47 230.918917  66.033158    79.463    79.665  4 55122.00634076 25.836
  48 230.919512  66.031726    77.561    75.905  5 55131.92198180 27.171
  49 230.920639  66.030295    78.564    78.620  5 55141.83762088 25.824
  50 230.921637  66.030517    78.662    79.295  5 55151.75325933 24.908
  51 230.916146  66.031863    78.039    78.305  5 55161.66889740 22.797
  52 230.919169  66.033668    78.997    78.895  4 55171.58453587 22.192
  53 230.917725  66.034324    78.918    78.940  4 55181.50017236 20.932
  54 230.918869  66.034275    79.323    79.404  5 55191.41582195 21.380
  55 230.919880  66.034548    79.080    79.322  5 55201.33147224 21.855
  56 230.919003  66.035090    79.426    79.402  5 55211.24712172 20.722
  57 230.916756  66.035537    79.708    79.491  5 55221.16277061 20.648
  58 230.919491  66.035091    79.987    80.254  5 55231.07841883 19.190
  59 230.917389  66.033664    79.107    79.134  5 55240.99406337 19.364
  60 230.919828  66.032160    79.257    78.722  5 55250.90970478 19.263
  61 230.915645  66.031119    78.358    78.469  5 55260.82534330 18.786
  62 230.920731  66.031599    78.479    78.578  5 55270.74098184 19.364
  63 230.918823  66.032184    78.808    78.676  5 55280.65661968 18.834
  64 230.918070  66.032386    79.184    78.710  4 55290.57225639 17.133
  65 230.918157  66.031871    78.106    78.254  5 55300.48789084 13.766
  66 230.921016  66.031042    81.440    81.349  5 55310.40353706 19.684
  67 230.918955  66.030491    27.797    27.842  6 55320.31918249 37.706
  68 230.917197  66.030983    29.062    29.024  5 55330.23482690 54.444
  69 230.919628  66.032476    25.496    25.653  5 55340.15047156 37.002
  70 230.919750  66.033615    25.300    25.222  5 55350.06611576 47.473
  71 230.918773  66.034110    25.913    25.912  4 55359.98175777 36.670
  72 230.917146  66.034195    25.236    25.268  4 55369.89739755 34.216
  73 230.917940  66.034518    25.802    25.742  5 55379.81303606 35.442
  74 230.917271  66.034997    25.657    25.634  5 55389.72867372 32.080
  75 230.916590  66.034934    25.237    25.271  4 55399.64431032 41.738
  76 230.918916  66.033941    25.414    25.408  4 55409.55995748 49.163
  77 230.916808  66.032051    24.827    24.883  5 55419.47560773 43.488
  78 230.917620  66.030804    24.992    25.031  5 55429.39125496 32.232
  79 230.919745  66.031098    24.950    24.973  5 55439.30689978 34.414
  80 230.918306  66.032134    25.140    25.131  4 55449.22254287 32.950
  81 230.919315  66.032769    25.177    25.270  5 55459.13818583 49.058
  82 230.918376  66.032309    24.819    24.839  5 55469.05382777 32.906
  83 230.918349  66.031164    24.299    24.259  5 55478.96946657 43.254
  84 230.918326  66.030409    78.415    78.389  5 55488.88510248 23.556
  85 230.917744  66.030577    78.096    78.114  5 55498.80073609 22.933
  86 230.919775  66.031973    76.708    75.914  5 55508.71637565 22.969
  87 230.917857  66.033144    78.410    78.347  5 55518.63202563 17.824
  88 230.919679  66.033947    79.451    79.396  5 55528.54767503 17.843
  89 230.919817  66.034073    79.360    79.117  5 55538.46332239 18.459
  90 230.917738  66.034160    78.961    79.134  5 55548.37896730 19.207
  91 230.917042  66.034808    79.105    79.125  5 55558.29461059 18.930
  92 230.919492  66.035754    79.524    79.501  4 55568.21025331 18.877
  93 230.919554  66.035511    79.528    79.444  4 55578.12589498 18.776
  94 230.918345  66.033670    78.446    78.456  4 55588.04153425 18.488
  95 230.921083  66.031332    78.876    78.899  5 55597.95717080 17.866
  96 230.920561  66.030058    78.867    78.788  5 55607.87280440 16.314
  97 230.920884  66.030581    78.697    79.061  5 55617.78843615 15.908
  98 230.915863  66.032245    79.533    79.368  5 55627.70408142 13.026
  99 230.919715  66.033163    79.827    79.744  5 55637.61973319 13.755
 100 230.918425  66.032282    79.456    79.197  5 55647.53538240 13.573
 101 230.919871  66.030597    78.681    78.708  5 55657.45102895 13.731
 102 230.919768  66.029848    79.020    78.912  5 55667.36667118 14.442
 103 230.918046  66.030768    78.782    78.835  5 55677.28231055 13.379
 104 230.918867  66.032755    80.461    80.279  5 55687.19794829  2.332
 105 230.919370  66.034152    75.621    75.387  4 55697.11358476 24.026
 106 230.919631  66.034139    27.882    27.902  5 55707.02921986 54.341
 107 230.917892  66.033485    26.383    26.307  5 55716.94487050 32.469
 108 230.918047  66.033480    25.828    25.853  5 55726.86051912 53.967
 109 230.918663  66.034435    25.563    25.587  4 55736.77616608 41.106
 110 230.919196  66.035517    26.098    26.151  5 55746.69181177 22.853
 111 230.917973  66.035253    25.204    25.200  5 55756.60745528 35.066
 112 230.918386  66.033311    26.124    26.137  4 55766.52309635 53.993
 113 230.917693  66.030714    25.836    25.893  5 55776.43873437 53.076
 114 230.918389  66.029402    24.875    24.877  6 55786.35436976 27.675
 115 230.918907  66.030496    25.672    25.568  6 55796.27000338 39.899
 116 230.921122  66.032550    25.498    25.531  5 55806.18564445 51.762
 117 230.917879  66.033498    24.670    24.707  4 55816.10129331 37.414
 118 230.919099  66.032376    24.820    24.763  5 55826.01693958 28.676
 119 230.920051  66.030561    24.236    24.267  5 55835.93258136 29.170
 120 230.918558  66.029472    24.453    24.427  6 55845.84821955 52.260
 121 230.921197  66.030855    78.792    78.814  5 55855.76385548 25.890
 122 230.920232  66.033168    77.444    77.738  5 55865.67949692 28.031
 123 230.918326  66.034960    77.829    77.524  4 55875.59514956 24.751
 133 230.918900  66.030574    79.060    78.674  5 55974.75158284 16.076
 134 230.916779  66.032646    78.873    79.140  5 55984.66721893 16.655
 135 230.917890  66.033658    79.611    79.832  4 55994.58285286 15.956
 136 230.918138  66.032660    78.868    78.721  4 56004.49850465 16.425
 137 230.919225  66.030606    78.903    78.762  5 56014.41415320 15.900
 139 230.920334  66.031429    79.326    79.382  5 56034.24544190 15.124
 141 230.916848  66.035421    25.232    25.183  4 56054.07672119 30.046
 142 230.919625  66.035336    29.679    29.594  4 56063.99235632 33.368
 143 230.916933  66.034030    26.882    26.996  5 56073.90799903 54.815
 144 230.917441  66.033582    26.647    26.674  5 56083.82364888 44.996
 145 230.917819  66.033921    28.925    29.024  5 56093.73929635 55.720
 146 230.916524  66.034565    26.884    26.871  5 56103.65494149 54.720
 147 230.918245  66.034237    26.817    26.805  5 56113.57057240 53.997
 148 230.918458  66.032888    25.533    25.562  4 56123.48621097 52.222
 149 230.921568  66.030993    25.232    25.262  5 56133.40184586 53.126
 150 230.916269  66.029874    24.687    24.620  5 56143.31748384 32.192
 151 230.918666  66.030788    24.912    24.913  6 56153.23313465 33.893
 152 230.920692  66.032575    24.790    24.800  5 56163.14878402 48.010
 153 230.917955  66.033486    24.808    24.779  4 56173.06443091 27.676
 154 230.917294  66.032914    25.002    25.047  5 56182.98007300 51.549
 155 230.921509  66.031606    24.858    24.754  5 56192.89571176 31.211
 156 230.919482  66.030725    24.629    24.572  5 56202.81134723 33.872
 157 230.917981  66.031669    24.680    24.897  5 56212.72698103 50.261
 158 230.918315  66.033747    24.412    24.383  5 56222.64261307 49.751
 159 230.916667  66.035447    24.385    24.393  4 56232.55826892 46.944
 160 230.919684  66.035724    79.834    79.786  4 56242.47392156 21.073
 161 230.918571  66.034810    79.452    79.518  5 56252.38956938 21.408
 162 230.917715  66.033992    78.779    78.905  5 56262.30521264 21.591
 164 230.918965  66.034114    79.196    78.912  4 56282.13649594 21.496
 165 230.918572  66.033847    78.618    79.021  4 56292.05214793 22.017
 166 230.918644  66.032604    78.557    78.485  5 56301.96779546 21.773
 167 230.917210  66.031158    78.565    78.462  5 56311.88343864 21.208
 168 230.918518  66.030838    78.486    78.163  5 56321.79907990 20.266
 169 230.917031  66.031671    78.425    78.462  5 56331.71472034 18.618
 170 230.916784  66.032688    78.857    78.891  5 56341.63036043 17.614
 171 230.917518  66.033015    78.060    77.545  5 56351.54599830 17.513
 172 230.920984  66.032392    78.759    79.246  5 56361.46163819 18.305
 173 230.921151  66.031723    78.781    78.905  5 56371.37728765 16.508
 174 230.916511  66.031849    78.863    78.744  5 56381.29293405 14.901
 175 230.918942  66.033423    79.169    79.239  4 56391.20857899 15.715
 176 230.919445  66.034836    80.273    80.450  4 56401.12422211 14.668
 177 230.917424  66.035390    79.671    79.627  5 56411.03986227 11.625
 178 230.918690  66.035082    80.980    80.835  5 56420.95549780  2.818
 179 230.916413  66.034453    27.992    27.981  5 56430.87113582 40.271
 180 230.919614  66.034568    27.773    27.811  5 56440.78678908 50.726
 181 230.917104  66.034499    32.407    27.216  4 56450.70243933 26.617
 182 230.917453  66.034053    26.191    26.145  4 56460.61808755 24.816
 183 230.917881  66.032901    26.417    26.286  5 56470.53373245 47.305
 184 230.917603  66.031818    26.525    26.555  5 56480.44937359 53.023
 185 230.915878  66.031246    25.926    25.944  5 56490.36501068 53.737
 187 230.916438  66.032192    25.630    25.672  5 56510.19627889 52.092
 188 230.917254  66.032604    25.062    25.041  5 56520.11192191 40.958
 189 230.918425  66.032599    25.104    25.104  5 56530.02757554 53.384
 190 230.918243  66.032236    25.117    25.137  4 56539.94322509 51.332
 191 230.918787  66.032173    24.909    24.896  4 56549.85887039 47.078
 192 230.916616  66.032974    24.586    24.586  5 56559.77451311 39.783
 193 230.917869  66.034361    24.858    24.853  5 56569.69015517 52.265
 194 230.917797  66.035520    24.485    24.524  5 56579.60579577 51.555
 195 230.918797  66.035448    80.105    80.245  5 56589.52143253 22.743
 196 230.918250  66.034676    79.859    79.886  5 56599.43707763 24.886
 197 230.917313  66.034094    79.563    79.724  4 56609.35272824 24.558
 198 230.919378  66.034553    79.638    79.561  4 56619.26837430 24.599
 199 230.917657  66.034871    79.357    79.353  5 56629.18401680 22.225
 200 230.918043  66.034278    79.118    78.595  4 56639.09965634 19.614
 201 230.918778  66.032562    78.774    78.656  5 56649.01530108 18.732
 202 230.918714  66.030963    78.777    78.758  6 56658.93095239 20.201
 203 230.921432  66.030872    78.514    78.534  5 56668.84659998 20.926
 205 230.918355  66.033738    79.786    79.731  4 56688.67788814 20.565
 206 230.916878  66.033732    78.501    78.963  5 56698.59352895 19.361
 207 230.920573  66.032603    78.723    78.937  5 56708.50916557 19.313
 208 230.917223  66.031409    78.560    78.553  5 56718.42480358 18.625
 209 230.915888  66.031939    78.342    78.338  5 56728.34045603 19.357
 211 230.918843  66.035977    79.432    80.038  5 56748.17174990 19.385
 212 230.917327  66.036311    78.866    78.662  4 56758.08739012 19.245
 213 230.917542  66.035254    80.024    79.931  4 56768.00302445 12.422
 214 230.918767  66.034038    78.389    78.304  4 56777.91867047 21.003
 215 230.920366  66.033969    26.073    26.031  5 56787.83432663 37.787
 216 230.919013  66.034653    26.755    26.792  4 56797.74997901 26.787
 217 230.919125  66.035389    26.669    26.658  4 56807.66562605 53.488
 219 230.917100  66.032697    26.343    26.385  5 56827.49690429 43.143
 220 230.916972  66.030690    79.306    79.016  5 56837.41253845 14.083
 221 230.917476  66.030504    25.890    25.890  5 56847.32816979 41.974
 222 230.916915  66.032074    25.909    25.930  5 56857.24382132 52.423
 223 230.919868  66.034117    24.787    24.727  5 56867.15947506 34.777
 224 230.918131  66.034383    24.731    24.741  4 56877.07512681 40.194
 225 230.920233  66.033531    24.762    24.690  5 56886.99077573 35.555
 226 230.919086  66.032223    24.350    24.305  5 56896.90642163 38.895
 227 230.917339  66.032508    24.542    24.556  5 56906.82206468 30.130
 228 230.917041  66.034454    24.207    24.191  5 56916.73770572 33.283
 229 230.918808  66.036606    24.156    24.152  5 56926.65334503 49.166
 230 230.919871  66.037177    24.220    24.218  4 56936.56898071 50.270
 231 230.917538  66.035601    76.944    75.875  5 56946.48461070 27.523
 232 230.919041  66.033804    75.594    75.871  4 56956.40026433 26.501
 233 230.920313  66.033069    77.943    77.831  5 56966.31591332 22.743
 234 230.918590  66.033896    79.067    78.989  4 56976.23155781 21.131
 235 230.918933  66.035089    79.322    79.013  5 56986.14719800 20.927
 236 230.917978  66.034620    78.598    78.755  4 56996.06283240 20.630
 237 230.918140  66.032561    78.226    77.953  4 57005.97847586 20.799
 238 230.918962  66.030585    78.359    78.058  5 57015.89413056 20.954
 239 230.920050  66.030472    77.923    77.851  5 57025.80978125 20.276
 240 230.916347  66.032364    79.052    78.619  5 57035.72542947 18.460
 241 230.919486  66.034463    79.311    79.945  5 57045.64107573 17.472
 242 230.917083  66.034760    78.293    77.594  5 57055.55671820 17.046
 243 230.918413  66.033327    79.249    79.364  4 57065.47235591 16.101
 244 230.918739  66.032201    79.026    78.993  5 57075.38798894 16.008
 245 230.918353  66.032415    79.078    79.063  4 57085.30361878 14.488
 246 230.917300  66.034618    79.812    79.746  5 57095.21927407 14.714
 247 230.918757  66.036707    80.020    80.075  4 57105.13493068 14.825
 248 230.916395  66.037064    80.237    80.325  4 57115.05058251 13.897
 249 230.918804  66.035685    79.887    79.920  4 57124.96622849 13.186
 250 230.918586  66.033851    81.003    81.024  5 57134.88186894  6.570
