# NaN NaN NaN ;Mean Elev.(m), Avg Gradient(m/km), RMS Gradient(m/km) - SRTM1     
#  130.008  -0.824   2.971 ;Mean Elev.(m), Avg Gradient(m/km), RMS Gradient(m/km) - ASTER GDEM
#  143.000  -0.801   2.488 ;Mean Elev.(m), Avg Gradient(m/km), RMS Gradient(m/km) - GMTED2010 
   1 241.947838  61.429940   141.615   141.561  4 54667.75755371 27.792
   2 241.947149  61.431140   141.468   141.470  3 54677.67319817 29.504
   4 241.944658  61.432548   141.351   141.373  3 54697.50448231 32.542
   5 241.947029  61.431622   -11.057   -11.036  3 54707.42012387  1.504
   6 241.948113  61.430143   140.868   140.920  3 54717.33577563 33.231
   7 241.946523  61.427938     9.123    10.485  4 54727.25142457  3.478
   8 241.947705  61.428729   140.837   140.734  3 54737.16707256 49.396
   9 241.946929  61.430713   141.112   140.929  4 54747.08272017 32.299
  10 241.945242  61.432164   141.111   141.216  3 54756.99836725 29.991
  11 241.946481  61.432312   140.954   140.940  4 54766.91401255 39.931
  12 241.946905  61.429919   140.831   140.803  3 54776.82965426 34.918
  13 241.947533  61.427721   139.883   139.890  3 54786.74529355 29.572
  14 241.946757  61.427032   140.356   140.334  4 54796.66093167 26.660
  17 241.945806  61.430424   141.691   141.689  4 54826.40785512 27.885
  18 241.947338  61.431371   141.512   141.522  3 54836.32349456 25.528
  19 241.945558  61.431994   141.331   141.342  3 54846.23914400 24.235
  20 241.945590  61.433454   141.202   141.211  4 54856.15479311 18.046
  21 241.943970  61.434609   141.145   141.125  3 54866.07044205 18.174
  22 241.944775  61.435157   141.052   141.076  4 54875.98609068 17.815
  23 241.945248  61.433935   141.165   141.156  4 54885.90173617 17.332
  24 241.945517  61.431700   141.255   141.237  3 54895.81737806 17.277
  25 241.945999  61.430151   141.240   141.238  4 54905.73301733 16.040
  26 241.945744  61.429688   141.364   141.326  3 54915.64865544 15.565
  27 241.946653  61.430536   141.326   141.321  4 54925.56429347 15.942
  28 241.947020  61.430736   141.333   141.230  3 54935.47993068  8.403
  29 241.947112  61.429402   141.383   141.378  3 54945.39556574 24.696
  30 241.948906  61.427090   142.048   142.014  4 54955.31119836 41.800
  31 241.947371  61.425754   143.357   143.362  4 54965.22684519 46.057
  32 241.948015  61.426864   142.750   142.718  4 54975.14249340 37.360
  33 241.948174  61.429073   142.090   142.170  3 54985.05814149 31.396
  34 241.946038  61.430224   129.354   129.371  4 54994.97378921 17.284
  35 241.947102  61.431581   141.947   141.871  4 55004.88943582 36.403
  36 241.946142  61.431702   141.871   141.868  3 55014.80507991 33.224
  37 241.945216  61.431741   141.776   141.691  3 55024.72072256 29.587
  38 241.945477  61.432803   141.780   141.751  4 55034.63636483 35.628
  39 241.945675  61.433094   141.894   141.766  3 55044.55200623 51.129
  40 241.946721  61.431947   141.413   141.336  3 55054.46764583 30.297
  41 241.946949  61.429222   141.383   141.317  4 55064.38328292 29.929
  42 241.947142  61.428129   141.378   141.285  4 55074.29892940 32.406
  43 241.947896  61.428669   141.599   141.403  3 55084.21457751 50.166
  44 241.946935  61.429715   141.571   141.432  4 55094.13022402 38.606
  45 241.947490  61.430897   141.284   141.258  4 55104.04587060 28.315
  46 241.946847  61.430990   140.938   140.979  4 55113.96151674 32.969
  47 241.946784  61.430035   141.006   141.081  3 55123.87716035 45.004
  48 241.948375  61.429289   141.004   140.991  3 55133.79280127 43.568
  49 241.947607  61.428235   140.718   140.702  4 55143.70843976 32.709
  50 241.947517  61.428680   140.500   140.479  3 55153.62407780 28.047
  51 241.947002  61.429279   140.223   140.222  3 55163.53971613 27.426
  52 241.946437  61.429603   141.346   141.347  4 55173.45535414 29.982
  53 241.947640  61.429611   141.627   141.612  3 55183.37099188 30.152
  54 241.946480  61.430565   141.483   141.480  4 55193.28664306 25.019
  55 241.945040  61.432047   141.410   141.434  3 55203.20229306 22.160
  56 241.944779  61.433747   141.298   141.307  4 55213.11794261 20.403
  57 241.945229  61.434338   141.305   141.306  4 55223.03359166 20.571
  58 241.944834  61.432881   141.206   141.204  4 55232.94923896 20.760
  59 241.945671  61.430627   141.222   141.231  4 55242.86488307 20.435
  60 241.948117  61.429885   141.381   141.379  3 55252.78052420 20.366
  61 241.946198  61.429537   141.293   141.307  3 55262.69616272 20.477
  62 241.945842  61.430610   141.328   141.327  3 55272.61180053 16.385
  63 241.945353  61.430422   141.324   141.380  3 55282.52743791 16.740
  64 241.947246  61.429218   141.369   141.362  4 55292.44307416 12.432
  65 241.947061  61.426593   141.447   141.514  3 55302.35870901 35.957
  66 241.947755  61.426398   142.618   142.640  3 55312.27435667 39.768
  67 241.948216  61.427642   144.056   143.963  3 55322.19000225 50.318
  68 241.947242  61.429303   142.094   142.100  3 55332.10564660 30.279
  69 241.947295  61.430963   140.736   140.631  4 55342.02129105 37.922
  70 241.946292  61.430835   141.510   141.523  4 55351.93693498 29.870
  71 241.946164  61.430377   141.356   141.345  3 55361.85257675 32.060
  72 241.946149  61.430501   141.486   141.313  4 55371.76821652 35.069
  74 241.945511  61.431904   141.184   141.195  3 55391.59949241 41.138
  75 241.946548  61.431265   141.077   141.057  4 55401.51512857 33.828
  76 241.947773  61.429939   140.876   140.854  4 55411.43077827 50.880
  77 241.946957  61.427514   140.696   140.670  4 55421.34642758 39.779
  78 241.946689  61.426596   141.350   141.362  4 55431.26207426 49.621
  79 241.947441  61.428597   140.793   140.776  3 55441.17771923 49.133
  80 241.945812  61.430343   140.730   140.689  3 55451.09336250 38.721
  81 241.945959  61.431141   140.541   140.493  3 55461.00900520 37.819
  82 241.947037  61.429737   140.816   140.603  4 55470.92464647 43.581
  83 241.948092  61.427482   140.700   140.659  3 55480.84028466 41.300
  84 241.947619  61.425667   140.645   140.673  4 55490.75592026 43.215
  85 241.946621  61.425756   140.524   140.513  4 55500.67155391 41.680
  86 241.948322  61.428782   140.030   140.097  3 55510.58719691 36.896
  87 241.945565  61.430344   140.522   140.495  4 55520.50284651 41.098
  88 241.946820  61.431558   140.376   140.398  4 55530.41849538 32.443
  89 241.946406  61.431108   140.621   140.629  4 55540.33414225 26.541
  90 241.947540  61.431486   140.514   140.482  3 55550.24978722 25.453
  91 241.945006  61.432011   140.435   140.468  3 55560.16543032 25.453
  92 241.944682  61.433361   140.317   140.279  4 55570.08107294 24.781
  93 241.944979  61.433158   140.272   140.272  4 55579.99671445 24.644
  94 241.946636  61.430809   140.615   140.624  4 55589.91235308 24.786
  95 241.947114  61.426867   140.770   140.772  4 55599.82798828 22.183
  96 241.946615  61.424275   140.775   140.772  4 55609.74362118 21.440
  97 241.947051  61.424857   140.878   140.887  4 55619.65925299 19.179
  98 241.947470  61.428632   140.789   140.791  3 55629.57490333 18.341
  99 241.946064  61.430011   140.680   140.660  3 55639.49055422 18.638
 100 241.946867  61.429135   140.665   140.672  3 55649.40620270 16.762
 101 241.946057  61.426445   140.768   140.747  4 55659.32184758 15.086
 102 241.949005  61.426435   140.681   140.646  4 55669.23748946 11.751
 103 241.948959  61.427905   140.855   140.855  4 55679.15312911 38.002
 104 241.947187  61.429668   141.218   141.143  3 55689.06876676 41.059
 105 241.946426  61.430585   142.124   142.234  3 55698.98440297 28.813
 106 241.948013  61.430335   141.348   141.515  3 55708.90004059 31.841
 107 241.947876  61.430037   141.502   141.441  4 55718.81569129 33.266
 108 241.945613  61.429813   141.535   141.661  3 55728.73133930 30.455
 109 241.946698  61.431398   141.679   141.689  3 55738.64698631 41.474
 110 241.945034  61.432144   141.310   141.300  3 55748.56263170 50.445
 111 241.946737  61.432422   141.246   141.189  3 55758.47827501 30.019
 112 241.946555  61.430153   141.287   141.191  4 55768.39391510 31.185
 113 241.947389  61.427241   141.193   141.165  3 55778.30955207 28.533
 114 241.947627  61.425154   141.113   141.094  3 55788.22518661 32.015
 115 241.947195  61.425229   141.423   141.286  4 55798.14082005 40.671
 116 241.946878  61.427462   141.340   141.249  4 55808.05646474 33.936
 117 241.947906  61.429686   141.068   141.126  3 55817.97211420 31.604
 118 241.947147  61.428501   141.278   141.107  4 55827.88775922 47.916
 119 241.947729  61.426462   140.977   140.993  4 55837.80339988 37.280
 120 241.947843  61.424947   141.328   141.260  3 55847.71903741 43.723
 121 241.948853  61.426101   141.020   141.001  4 55857.63467302 43.512
 122 241.947637  61.428829   140.672   140.690  4 55867.55031868 39.961
 123 241.945825  61.431175   142.027   142.173  3 55877.46597070 35.995
 133 241.948560  61.428025   141.383   141.360  4 55976.62240104 15.181
 134 241.947560  61.428624   141.248   141.229  3 55986.53803717 16.138
 135 241.947042  61.428295   141.307   141.327  3 55996.45367409 15.459
 136 241.946811  61.428015   141.326   141.352  3 56006.36932552 14.845
 137 241.948688  61.427628   141.588   141.562  4 56016.28497309 15.563
 139 241.946154  61.428946   141.630   141.601  4 56036.11626051 10.267
 141 241.945570  61.431209   142.557   142.516  3 56055.94753984 41.207
 142 241.946744  61.430594   142.013   142.060  3 56065.86317391 32.454
 143 241.946123  61.430224   141.678   141.701  3 56075.77882024 30.723
 144 241.945688  61.430882   141.730   141.726  4 56085.69446952 32.347
 145 241.946187  61.431459   141.707   141.858  3 56095.61011645 32.198
 146 241.947206  61.431547   141.642   141.669  3 56105.52576121 31.185
 147 241.946948  61.430114   141.683   141.682  3 56115.44139118 51.431
 148 241.948463  61.428819   141.548   141.546  4 56125.35702917 29.285
 149 241.947876  61.426676   141.562   141.507  3 56135.27266291 43.667
 150 241.946823  61.426260   141.267   141.314  4 56145.18830443 31.253
 151 241.948273  61.428139   141.498   141.420  4 56155.10395480 50.926
 152 241.946928  61.429160   141.219   141.236  3 56165.01960380 30.016
 153 241.946355  61.429419   141.418   141.377  4 56174.93525061 27.993
 154 241.947059  61.428867   141.189   141.179  4 56184.85089231 28.979
 155 241.947041  61.427666   141.414   141.330  3 56194.76653005 34.354
 156 241.947900  61.427684   141.222   141.113  4 56204.68216506 41.983
 157 241.947989  61.428394   141.384   141.101  3 56214.59779850 38.231
 158 241.947004  61.429205   141.358   141.406  4 56224.51343482 41.130
 159 241.946382  61.430746   140.874   140.871  4 56234.42909065 30.522
 160 241.945091  61.430850   140.624   140.649  3 56244.34474233 27.783
 161 241.945459  61.430997   139.194   138.996  3 56254.26038927 27.903
 162 241.945504  61.431305   141.747   141.712  3 56264.17603205 24.300
 165 241.947140  61.430361   141.769   141.752  3 56293.92296876 21.861
 166 241.948416  61.429250   141.628   141.621  3 56303.83861577 20.814
 167 241.947182  61.428495   141.483   141.491  4 56313.75425856 18.321
 168 241.947946  61.429703   141.477   141.472  3 56323.66989961 18.894
 169 241.946109  61.430152   141.388   141.380  4 56333.58553962 18.570
 170 241.947887  61.430234   141.386   141.419  3 56343.50117930 19.116
 171 241.946844  61.428127   141.422   141.490  3 56353.41681617 20.143
 172 241.946872  61.427007   141.397   141.399  4 56363.33245864 21.041
 173 241.947964  61.428364   141.456   141.467  4 56373.24810788 19.838
 175 241.945441  61.432129   142.780   142.806  3 56393.07939860  4.531
 176 241.945134  61.432541   141.686   141.698  4 56402.99504116  6.741
 177 241.945014  61.431692   141.730   141.723  3 56412.91068074 22.309
 178 241.947310  61.430488   142.513   142.545  3 56422.82631550 37.449
 179 241.947783  61.430510   143.291   143.268  3 56432.74195807 28.345
 180 241.946450  61.431869   142.334   142.136  4 56442.65761054 51.795
 181 241.946145  61.433126   141.805   141.820  4 56452.57326052 42.471
 182 241.945188  61.432088   142.170   142.208  4 56462.48890760 47.007
 183 241.946131  61.430231   141.971   141.964  3 56472.40455144 40.576
 184 241.948449  61.428591   141.971   141.963  4 56482.32019201 36.192
 185 241.948992  61.428071   141.934   141.891  4 56492.23582896 33.888
 187 241.947628  61.428671   141.543   141.614  3 56512.06709653 27.709
 188 241.947170  61.428826   141.531   141.560  3 56521.98274341 26.981
 189 241.946492  61.428267   141.508   141.503  3 56531.89839611 25.725
 191 241.947006  61.428444   141.389   141.392  4 56551.72969022 27.025
 192 241.946778  61.430729   141.381   141.334  4 56561.64533317 29.126
 193 241.946640  61.432968   141.463   141.390  3 56571.56097494 35.591
 194 241.945216  61.433071   141.251   141.129  3 56581.47661466 35.280
 195 241.945915  61.431020   141.207   141.341  3 56591.39225007 31.204
 196 241.947043  61.430114   141.030   141.032  4 56601.30789881 44.707
 197 241.945499  61.429890   142.115   142.071  3 56611.22354851 37.762
 198 241.946153  61.431616   141.526   141.535  3 56621.13919413 26.129
 199 241.944922  61.432300   141.695   141.694  3 56631.05483646 23.857
 200 241.945335  61.431102   141.655   141.615  3 56640.97047490 20.399
 201 241.946415  61.428952   141.899   141.905  4 56650.88612238 34.593
 202 241.948056  61.427717   141.849   141.872  4 56660.80177287 29.804
 203 241.948458  61.428136   141.709   141.693  4 56670.71742004 24.439
 205 241.944990  61.431421   141.568   141.587  3 56690.54870814 23.354
 206 241.947079  61.431514   141.537   141.552  3 56700.46434803 23.660
 207 241.946892  61.428555   141.568   141.612  3 56710.37998261 24.744
 208 241.947694  61.427512   141.715   141.708  3 56720.29562481 23.991
 209 241.946267  61.428733   129.352   129.359  3 56730.21127684 14.714
 211 241.944706  61.434101   141.508   141.498  3 56750.04256971 21.172
 212 241.945156  61.434109   141.531   141.531  4 56759.95820905 19.099
 213 241.945451  61.431458   141.455   141.547  3 56769.87384163 19.634
 214 241.946349  61.430647   141.929   141.907  3 56779.78949270 33.466
 215 241.945965  61.431115   142.368   142.335  4 56789.70514807 39.279
 216 241.945939  61.432935   141.463   141.421  4 56799.62080028 35.453
 217 241.944713  61.433950   141.401   141.419  4 56809.53644585 33.736
 219 241.946078  61.430533   141.608   141.513  3 56829.36772228 27.518
 220 241.946943  61.427062   129.657   129.662  3 56839.28335523 19.847
 221 241.948047  61.425748   141.373   141.340  3 56849.19898778 28.952
 222 241.946541  61.428265   141.332   141.241  4 56859.11464254 29.089
 223 241.945894  61.431268   141.189   141.188  4 56869.03029651 28.824
 224 241.945139  61.432236   141.120   141.149  3 56878.94594799 34.535
 225 241.946159  61.431730   140.942   140.962  4 56888.86159605 32.138
 226 241.945835  61.430371   140.646   140.658  4 56898.77724113 35.842
 227 241.945544  61.430920   140.686   140.678  4 56908.69288398 36.238
 228 241.945185  61.432903   140.799   140.801  4 56918.60852505 51.031
 229 241.944916  61.434496   140.604   140.626  4 56928.52416400 38.003
 230 241.946416  61.434338   140.502   140.566  3 56938.43979862 35.911
 231 241.946402  61.431593   141.170   141.083  4 56948.35543199 40.981
 232 241.946806  61.430642   140.691   140.658  4 56958.27108505 45.974
 233 241.946180  61.430245   140.342   140.365  3 56968.18673286 35.922
 234 241.946198  61.431006   140.840   140.877  3 56978.10237698 28.937
 235 241.946733  61.431685   140.736   140.736  4 56988.01801668 26.766
 236 241.946598  61.430086   141.511   141.507  3 56997.93364997 35.326
 237 241.946668  61.428718   141.728   141.719  3 57007.84929831 34.656
 238 241.947335  61.427979   141.688   141.640  3 57017.76495171 31.202
 239 241.947414  61.428320   141.490   141.502  4 57027.68060174 30.741
 240 241.946064  61.429828   141.413   141.409  3 57037.59624997 26.666
 241 241.947285  61.431876   141.149   141.147  3 57047.51189592 24.906
 242 241.947247  61.431998   141.043   141.099  3 57057.42753779 24.303
 243 241.946870  61.430207   141.187   141.174  4 57067.34317391 20.341
 244 241.946885  61.428728   141.183   141.214  3 57077.25880582 20.059
 245 241.946849  61.428118   141.179   141.181  4 57087.17443721 17.737
 246 241.946986  61.431539   140.921   140.920  4 57097.09009647 19.883
 247 241.945156  61.433652   140.809   140.808  3 57107.00575253 19.895
 248 241.944174  61.433866   139.977   140.159  3 57116.92140358 18.087
 249 241.945145  61.432882   140.847   140.852  3 57126.83704841 24.442
 250 241.946199  61.431461   141.200   141.227  3 57136.75268776 35.186
