# NaN NaN NaN ;Mean Elev.(m), Avg Gradient(m/km), RMS Gradient(m/km) - SRTM1     
#   47.440  -7.955  20.558 ;Mean Elev.(m), Avg Gradient(m/km), RMS Gradient(m/km) - ASTER GDEM
#   72.680 -10.175  22.359 ;Mean Elev.(m), Avg Gradient(m/km), RMS Gradient(m/km) - GMTED2010 
   2 235.568376  64.062729   168.257   167.756  3 54669.78877012  6.659
   4 235.564044  64.064095   173.303   173.440  5 54689.62005677  5.492
  10 235.562429  64.061158   181.010   180.994  4 54749.11393629  7.712
  11 235.562835  64.062149   298.512   299.116  3 54759.02958347  1.714
  12 235.561371  64.061715   172.733   172.691  5 54768.94522807 11.376
  14 235.562040  64.059043   172.703   172.774  4 54788.77650817  7.399
  15 235.560778  64.058477   166.448   162.833  5 54798.69214579  7.670
  17 235.561516  64.060460   166.298   164.333  4 54818.52342110  7.081
  18 235.563559  64.061981   119.660   119.404  5 54828.43907285 13.028
  19 235.562668  64.062521   176.734   177.053  4 54838.35471166  4.365
  20 235.562247  64.063508   180.075   180.417  4 54848.27036092  2.684
  21 235.562942  64.064815   186.425   186.710  4 54858.18600981  2.991
  22 235.563759  64.065906   186.701   186.465  5 54868.10165884  2.561
  23 235.562170  64.065156   186.727   187.112  5 54878.01730673  2.342
  24 235.562411  64.063440   205.950   208.371  4 54887.93295163  2.766
  25 235.561502  64.061377   204.852   210.270  4 54897.84859304  3.210
  26 235.560434  64.060512   205.787   209.408  5 54907.76423192  2.459
  27 235.562390  64.061251   196.627   189.853  5 54917.67986992  2.937
  28 235.561863  64.061469   188.588   187.063  4 54927.59550749  2.201
  29 235.561104  64.060583   196.320   193.535  4 54937.51114429  2.795
  30 235.562549  64.059336   202.972   199.654  5 54947.42677947  3.822
  31 235.562036  64.057605   180.298   179.939  4 54957.34241377 22.528
  32 235.560765  64.057628   180.848   181.449  5 54967.25806217 21.192
  33 235.561988  64.059049   179.435   179.543  5 54977.17370996 14.988
  35 235.561263  64.061118   124.407   123.739  4 54997.00500548 24.864
  36 235.562479  64.061796   123.262   123.231  5 55006.92065171 23.546
  38 235.563476  64.063476   123.506   122.415  5 55026.75193831 21.638
  39 235.561764  64.064379   121.995   121.813  5 55036.66758019 21.162
  40 235.564021  64.064805    74.646    74.663  5 55046.58322145 40.513
  41 235.561419  64.062480   120.631   120.662  4 55056.49886015 23.422
  42 235.561753  64.059694   124.480   123.658  4 55066.41449674 19.448
  43 235.562136  64.058739    74.993    74.997  4 55076.33014636 45.808
  44 235.562533  64.059545   122.356   122.503  4 55086.24579428 19.057
  45 235.563010  64.061267    74.914    74.918  5 55096.16144069 44.797
  46 235.562970  64.062121   128.860   126.729  5 55106.07708671 15.305
  47 235.561989  64.061346    74.523    74.561  4 55115.99273216 44.628
  48 235.561303  64.059656    74.167    74.172  4 55125.90837520 46.919
  49 235.562776  64.058851   163.045   161.707  5 55135.82401598 12.786
  50 235.562030  64.058800   162.817   160.697  5 55145.73965450 10.316
  51 235.561722  64.060037   166.703   166.861  4 55155.65529238  8.436
  52 235.560811  64.060847    75.756    75.765  5 55165.57093034 17.152
  53 235.561494  64.061243    74.867    74.796  4 55175.48656817 15.306
  54 235.562211  64.060790   170.645   172.588  4 55185.40220912  6.060
  55 235.562718  64.061585   122.415   123.198  4 55195.31786030  8.845
  56 235.562951  64.063311   125.805   125.329  4 55205.23351029  6.044
  57 235.562943  64.065197   125.334   125.194  5 55215.14915966  6.064
  58 235.564607  64.066007   173.710   175.844  5 55225.06480859  4.306
  59 235.562347  64.063863   180.817   180.812  5 55234.98045493  2.639
  60 235.561822  64.060763   123.968   123.898  5 55244.89609805  5.142
  63 235.562186  64.061660   180.711   180.341  4 55274.64301528  1.820
  64 235.561550  64.062165   182.471   182.929  4 55284.55865244  1.674
  65 235.560640  64.060129   187.252   186.646  5 55294.47428772  0.894
  67 235.562241  64.056886   181.792   182.068  4 55314.30557282 21.595
  68 235.561841  64.058191   179.084   179.020  5 55324.22121835 17.234
  69 235.560337  64.060301   181.666   181.824  5 55334.13686260 17.965
  70 235.562123  64.062319   180.866   180.864  5 55344.05250694 11.241
  71 235.562153  64.062277   180.436   180.980  5 55353.96815036  6.028
  72 235.561586  64.061514   121.538   121.266  5 55363.88379155 23.736
  73 235.563664  64.061715   125.518   132.223  5 55373.79943130 21.835
  74 235.562953  64.062381   123.245   124.669  5 55383.71506956 19.212
  75 235.564153  64.063466   181.905   181.947  5 55393.63070719 16.897
  76 235.562015  64.062792   241.268   241.428  5 55403.54634383  3.984
  77 235.563266  64.061701   121.476   120.065  5 55413.46199562 22.098
  78 235.562710  64.059307   122.785   121.283  5 55423.37764422 21.748
  79 235.562386  64.057714    74.436    74.523  4 55433.29329033 36.212
  80 235.561175  64.058541    74.063    74.075  4 55443.20893488 17.496
  81 235.561548  64.060740    74.595    74.604  4 55453.12457833 45.515
  82 235.563852  64.062625   124.711   120.606  5 55463.04022114 22.456
  83 235.561589  64.061011   120.638   120.317  5 55472.95586118 22.356
  84 235.562931  64.058706   120.433   120.613  5 55482.87149865 23.282
  85 235.560836  64.056324   165.899   165.968  4 55492.78713360 11.702
  86 235.560078  64.056688   165.463   165.197  5 55502.70276735 11.527
  87 235.561493  64.059766   169.900   172.801  4 55512.61841390  9.374
  88 235.562884  64.062537   166.458   167.650  5 55522.53406378 11.099
  89 235.561656  64.063056   164.666   161.889  4 55532.44971179 10.693
  90 235.562456  64.062518   164.093   162.102  5 55542.36535825  9.096
  91 235.560667  64.061749   166.413   163.834  5 55552.28100244  8.225
  92 235.562063  64.062870   134.534   134.461  5 55562.19664579 16.274
  93 235.563979  64.064345   134.019   133.428  5 55572.11228855 18.778
  94 235.560632  64.063549   174.928   176.861  5 55582.02792945  5.552
  95 235.553231  64.059935   201.018   201.018  2 55591.94356648  0.165
  96 235.561161  64.058281   181.880   182.067  4 55601.85920179  4.008
  97 235.560778  64.056238   185.751   188.247  5 55611.77483413  2.788
  98 235.560522  64.056583   189.240   188.682  5 55621.69046751  2.006
  99 235.561373  64.059540   187.303   186.142  5 55631.60612065  2.129
 100 235.563135  64.061323   186.267   186.965  5 55641.52177162  1.753
 101 235.562206  64.060471   198.419   198.281  4 55651.43741936  2.268
 103 235.561017  64.057290   204.956   208.267  4 55671.26870392  1.940
 105 235.562255  64.060474   180.293   179.965  4 55691.09998120 20.517
 106 235.563860  64.062071   242.623   242.556  5 55701.01561746  7.024
 107 235.562238  64.061945   181.386   181.368  4 55710.93125802 16.623
 108 235.561911  64.061765   181.663   181.737  5 55720.84690792 14.883
 109 235.561687  64.061863    75.173    75.134  4 55730.76255570 47.552
 110 235.563791  64.062683    76.563    76.577  5 55740.67820242 30.643
 111 235.561543  64.062711    75.440    75.397  5 55750.59384742 44.272
 112 235.562905  64.062494    74.941    74.931  4 55760.50949034 45.543
 113 235.560594  64.060630   122.868   121.988  5 55770.42512995 21.981
 114 235.561925  64.058718    75.037    75.100  5 55780.34076650 41.114
 115 235.561689  64.057221   126.319   124.165  5 55790.25640040 18.956
 116 235.560999  64.056988    75.140    75.121  4 55800.17203326 46.989
 117 235.561870  64.058906    74.759    74.766  4 55810.08768160 45.528
 118 235.561742  64.060181   125.546   123.542  5 55820.00333066 22.920
 119 235.562262  64.059842   121.089   121.111  5 55829.91897506 21.883
 120 235.562868  64.058320   180.386   180.066  4 55839.83461484 16.034
 121 235.560904  64.056886    74.386    74.407  5 55849.75025131 43.502
 122 235.562326  64.057878   160.005   159.947  4 55859.66588623 13.746
 123 235.562708  64.060545   170.405   172.646  4 55869.58153631 10.793
 134 235.561249  64.059409   173.321   173.601  5 55978.65361477  5.364
 136 235.560857  64.058957   186.807   186.797  4 55998.48489152  3.511
 138 235.563073  64.058876   138.451   138.358  5 56018.31618952  4.381
 139 235.561917  64.059445   185.854   185.897  4 56028.23183341  3.886
 141 235.562543  64.061964    74.427    74.450  4 56048.06311635 29.116
 142 235.562070  64.062232   122.238   122.113  4 56057.97875395 26.931
 144 235.561600  64.061832   181.758   181.898  5 56077.81003749 16.955
 145 235.563661  64.062955   182.284   182.301  5 56087.72568647 13.944
 146 235.561960  64.063096    77.729    77.713  5 56097.64133251 46.275
 147 235.563078  64.062616    76.336    76.387  4 56107.55697652 44.397
 148 235.562495  64.060683    75.512    75.437  5 56117.47260586 45.533
 149 235.561508  64.058515   122.421   122.123  4 56127.38824304 20.502
 150 235.561675  64.057394   172.711   172.887  4 56137.30387671  5.660
 151 235.561895  64.058534    74.479    74.672  4 56147.21952216 46.482
 152 235.562255  64.060212    74.495    74.572  5 56157.13517170 46.333
 153 235.561636  64.060818   121.105   120.120  5 56167.05082013 23.337
 154 235.561517  64.060098   130.577   131.244  4 56176.96646599 16.437
 155 235.561635  64.058935   179.972   180.386  4 56186.88210703 15.833
 156 235.562873  64.058592   121.264   121.292  4 56196.79774452 23.697
 157 235.562826  64.059423   122.742   122.925  4 56206.71337896 23.669
 158 235.560356  64.060402   124.326   120.178  5 56216.62901163 22.533
 159 235.561019  64.061740   162.079   162.110  5 56226.54465315 10.843
 160 235.563378  64.062552   160.074   160.997  5 56236.46030835 11.826
 161 235.561627  64.061882   160.486   160.273  5 56246.37595919 11.815
 162 235.562826  64.062062   158.495   157.609  5 56256.29160531 12.218
 163 235.561851  64.062705   120.459   119.979  5 56266.20724760 13.102
 164 235.561341  64.063230   122.010   121.485  5 56276.12288827 11.622
 165 235.561392  64.062716   120.326   120.876  5 56286.03853487 12.222
 166 235.563405  64.061107   162.692   162.175  5 56295.95418512  6.568
 167 235.561124  64.058601   108.104   116.173  4 56305.86983082 14.061
 168 235.561531  64.058397   119.814   120.925  5 56315.78547361 10.987
 169 235.562184  64.060248   122.292   122.243  4 56325.70111472  8.740
 170 235.562181  64.061825   123.469   123.441  4 56335.61675482  7.765
 171 235.562623  64.061592   122.594   123.336  5 56345.53239364  7.520
 172 235.562576  64.059558   122.815   122.798  4 56355.44802989  5.536
 173 235.563126  64.058388   120.355   120.272  5 56365.36367573  6.011
 174 235.560701  64.058584   118.625   118.480  4 56375.27932428  5.303
 176 235.560595  64.063315   132.032   131.993  5 56395.11061432  3.859
 177 235.563339  64.064527   202.160   206.203  5 56405.02625647  0.500
 178 235.562109  64.063409   132.001   131.972  5 56414.94189491  1.018
 179 235.562568  64.061411   127.131   127.003  4 56424.85752857 21.028
 180 235.562272  64.061162   181.435   181.578  5 56434.77317561 21.677
 181 235.561826  64.062356   181.558   181.596  5 56444.68882768 17.277
 182 235.562259  64.063941    76.511    76.508  4 56454.60447737 47.344
 183 235.563197  64.063809    76.160    76.144  4 56464.52012404 47.809
 184 235.560485  64.061117   153.558   148.752  5 56474.43576662 11.983
 185 235.561341  64.058511   125.268   125.261  4 56484.35140612 15.885
 187 235.561704  64.058812    75.306    75.354  5 56504.18267722 42.431
 188 235.561225  64.060242    75.020    74.993  4 56514.09831026 44.871
 189 235.562915  64.061489   126.023   126.688  4 56524.01396167 15.494
 190 235.562134  64.060360    74.553    74.588  5 56533.92961316 41.127
 192 235.561127  64.058997   129.770   130.145  4 56553.76090551 17.067
 193 235.563764  64.061711   120.402   120.046  5 56563.67654873 21.026
 194 235.561985  64.063868   121.437   120.997  5 56573.59219018 21.454
 195 235.564076  64.065045   127.913   129.132  5 56583.50782949 20.899
 196 235.560718  64.062646    74.000    74.123  5 56593.42346342 38.315
 197 235.560719  64.061484   164.697   162.966  5 56603.33911586 14.928
 198 235.560537  64.061014   164.194   162.874  5 56613.25476470 12.087
 199 235.561207  64.061995   163.891   163.163  5 56623.17040963 10.476
 200 235.562001  64.062935   166.439   164.885  5 56633.08605173  9.414
 201 235.563119  64.062513   163.560   163.300  5 56643.00168918  7.991
 202 235.561809  64.060668   164.257   163.835  4 56652.91733976  7.174
 203 235.562717  64.059082   165.919   162.306  5 56662.83298909  6.129
 204 235.562226  64.058529   172.754   172.840  4 56672.74863552  4.301
 205 235.562919  64.060466   179.091   179.256  5 56682.66428071  5.698
 206 235.561747  64.061986   181.993   182.190  5 56692.57992360  4.145
 207 235.560590  64.062030   182.970   183.055  5 56702.49556225  4.167
 208 235.561968  64.060359   182.225   182.648  4 56712.41119593  4.022
 210 235.565404  64.060718   182.605   182.321  4 56732.24249401  3.434
 211 235.563192  64.062681   186.148   184.954  5 56742.15814165  2.980
 212 235.562796  64.064794   186.939   186.901  4 56752.07378514  2.528
 213 235.563745  64.065323   185.344   185.502  5 56761.98942343  2.331
 214 235.562336  64.063223    74.597    74.666  4 56771.90505445 13.720
 215 235.562491  64.062499   183.395   183.771  5 56781.82071105 19.942
 216 235.562921  64.062402   181.672   181.934  4 56791.73636552 16.728
 217 235.561260  64.062945   182.119   182.139  5 56801.65201687 20.772
 218 235.562544  64.063857   181.727   181.625  5 56811.56766120 14.827
 219 235.562131  64.063295    75.523    75.636  5 56821.48330095 48.271
 221 235.561264  64.058597    75.420    75.476  4 56841.31456856 44.979
 222 235.562967  64.058069    75.499    75.502  5 56851.23020577 34.919
 223 235.562959  64.059932    75.010    75.022  4 56861.14586036 44.938
 224 235.563006  64.062126   122.107   121.028  5 56871.06151434 24.035
 225 235.563051  64.063038   123.280   122.423  5 56880.97716536 19.890
 226 235.563451  64.062688   121.002   120.935  5 56890.89281262 21.043
 227 235.562787  64.061800   129.346   132.679  5 56900.80845680 16.766
 228 235.562201  64.062376   121.529   120.369  5 56910.72409905 21.281
 229 235.561712  64.063618   123.532   123.447  5 56920.63973971 20.324
 230 235.562387  64.064870   134.417   132.607  5 56930.55537831 15.160
 231 235.562634  64.064419   124.305   127.350  5 56940.47101179 25.455
 232 235.561454  64.062903    73.514    73.522  4 56950.38665031 46.878
 233 235.561983  64.062299   170.589   173.327  4 56960.30230216 12.087
 234 235.561741  64.062019   168.759   170.602  5 56970.21794897 12.033
 235 235.561069  64.061889    74.481    74.574  5 56980.13359187 34.336
 236 235.562612  64.061887   164.564   163.088  4 56990.04923058  8.935
 237 235.560639  64.060115   167.537   168.961  5 56999.96486250  8.407
 238 235.562920  64.060191    74.371    74.384  5 57009.88051685 16.583
 239 235.562003  64.059571   160.748   160.496  4 57019.79616901  8.126
 240 235.562131  64.059988   120.042   120.109  4 57029.71181830 11.771
 241 235.561593  64.060897   138.514   138.414  5 57039.62746581  8.540
 242 235.563900  64.062295   127.453   128.776  5 57049.54311136  8.136
 243 235.562426  64.061944   163.801   163.625  4 57059.45875242  5.697
 244 235.562817  64.061200   173.124   173.943  5 57069.37438794  4.239
 245 235.562719  64.060557   128.951   128.851  4 57079.29001914  5.924
 247 235.561753  64.063267   182.880   183.453  5 57099.12131467  0.807
 250 235.562608  64.063274   136.000   135.980  5 57128.86826385  0.609
