# NaN NaN NaN ;Mean Elev.(m), Avg Gradient(m/km), RMS Gradient(m/km) - SRTM1     
#  100.180 -20.329  26.248 ;Mean Elev.(m), Avg Gradient(m/km), RMS Gradient(m/km) - ASTER GDEM
#  103.042 -20.348  26.166 ;Mean Elev.(m), Avg Gradient(m/km), RMS Gradient(m/km) - GMTED2010 
   1 236.701475  63.103350   287.934   287.477  4 54665.80639500  1.389
   2 236.699637  63.104447   221.795   221.588  3 54675.72203957  6.341
   6 236.701485  63.103601   222.671   222.690  3 54715.38461564  8.856
   8 236.701803  63.101992   222.899   222.847  3 54735.21591372  9.257
  10 236.704318  63.107090   222.155   222.155  2 54755.04720847 13.071
  20 236.703290  63.107029   221.451   221.850  3 54854.20363402 13.055
  21 236.701959  63.108909   220.844   221.244  3 54864.11928292 13.339
  22 236.702463  63.109824   221.284   221.456  3 54874.03493168 13.380
  23 236.701621  63.108313   221.449   221.366  3 54883.95057757 12.032
  24 236.701235  63.105337   220.936   220.550  3 54893.86621994 12.846
  25 236.702365  63.103310   286.996   286.087  4 54903.78185981  2.094
  26 236.702524  63.103138   285.060   285.095  3 54913.69749851  2.218
  27 236.699455  63.103766   220.893   220.502  3 54923.61313628 10.418
  30 236.707129  63.102268   223.189   223.189  2 54953.36004252 14.137
  32 236.703134  63.100330   224.597   224.819  4 54973.19133466  9.962
  35 236.701647  63.105551   223.104   223.273  3 55002.93827679 10.943
  36 236.699626  63.105047   218.765   218.758  3 55012.85392115  7.840
  37 236.700672  63.104931   223.699   223.562  3 55022.76956439 10.428
  38 236.699007  63.105271   278.104   278.088  3 55032.68520660  2.579
  39 236.699815  63.106467   215.363   215.314  3 55042.60084839  4.946
  40 236.700175  63.106371   241.414   242.276  3 55052.51648842  6.261
  41 236.702119  63.104868   224.206   224.113  3 55062.43212627  5.186
  42 236.702115  63.102691   226.127   226.503  4 55072.34776984  6.796
  43 236.701853  63.101471   223.819   223.529  3 55082.26341813  7.626
  44 236.703128  63.102387   223.596   223.721  4 55092.17906523  5.774
  45 236.701909  63.103794   225.144   224.979  3 55102.09471185  6.546
  46 236.700428  63.104919   221.712   221.788  3 55112.01035807 10.630
  47 236.700390  63.104461   221.305   221.538  3 55121.92600204 14.256
  48 236.702482  63.103078   222.137   221.843  3 55131.84164321 10.321
  49 236.702793  63.101442   221.876   221.743  3 55141.75728214 11.456
  50 236.703466  63.101777   221.225   221.271  3 55151.67292059 12.153
  51 236.700766  63.102554   220.485   220.800  3 55161.58855891 12.415
  61 236.703925  63.103677   218.476   218.450  3 55260.74500531 14.204
  62 236.700210  63.103026   219.471   219.635  3 55270.66064293 12.459
  63 236.700041  63.103310   219.993   220.077  3 55280.57628087 12.116
  64 236.701377  63.103211   220.855   221.059  3 55290.49191767 11.016
  66 236.703430  63.101454   214.009   222.065  3 55310.32319784 20.506
  67 236.702996  63.101240   223.408   223.609  3 55320.23884339 13.212
  68 236.701832  63.101953   222.709   222.692  4 55330.15448796 10.690
  69 236.702480  63.103764   223.046   223.082  3 55340.07013268 10.520
  70 236.700595  63.104385   222.121   222.145  3 55349.98577679  8.446
  71 236.700832  63.104781   222.048   221.880  3 55359.90141901  7.823
  72 236.700735  63.104890   222.264   222.376  3 55369.81705897  6.418
  73 236.699401  63.104864   226.706   226.924  3 55379.73269729  6.396
  75 236.701231  63.105061   225.586   225.075  4 55399.56397178  5.974
  76 236.701945  63.103878   222.723   222.754  4 55409.47961851  7.601
  77 236.702252  63.102336   223.887   224.264  3 55419.39526884  9.219
  78 236.702104  63.101467   223.352   223.463  3 55429.31091589  9.496
  79 236.702457  63.102367   222.976   223.067  4 55439.22656065 11.577
  80 236.702455  63.103850   223.237   223.302  3 55449.14220407  9.042
  81 236.699569  63.103700   228.569   228.510  3 55459.05784675  5.876
  82 236.701976  63.103476   223.840   224.494  3 55468.97348911  9.170
  83 236.702612  63.101935   223.728   223.988  3 55478.88912795  6.809
  84 236.703093  63.100830   222.419   222.371  4 55488.80476389 10.471
  85 236.702476  63.100561   221.676   221.801  3 55498.72039749 13.006
  86 236.702759  63.102102   220.569   220.409  4 55508.63603686 16.188
  87 236.701236  63.103610   220.992   220.737  3 55518.55168697 16.526
  88 236.695659  63.103288   344.180   344.180  2 55528.46733559  1.739
  92 236.703626  63.107986   212.920   212.920  2 55568.12991506 19.126
  97 236.703795  63.100395   221.942   222.014  3 55617.70809742  8.916
  98 236.703073  63.102604   221.861   222.003  3 55627.62374303  9.433
  99 236.702726  63.103686   221.150   221.268  3 55637.53939444 10.549
 100 236.701387  63.102591   220.235   220.022  3 55647.45504348  8.605
 101 236.701871  63.100970   221.320   221.538  4 55657.37068977  8.375
 105 236.696342  63.103161   318.643   318.643  2 55697.03324536  0.815
 106 236.702078  63.103808   223.269   223.531  3 55706.94888111 13.051
 107 236.701172  63.103327   222.956   223.159  4 55716.86453172  9.283
 108 236.701353  63.103894   222.959   223.071  3 55726.78018043  7.361
 109 236.701460  63.105377   222.905   223.429  3 55736.69582746  8.010
 110 236.699709  63.106372   282.021   281.885  3 55746.61147297  2.549
 111 236.702262  63.106688   282.078   282.168  3 55756.52711681  4.359
 112 236.699976  63.103641   224.592   224.455  3 55766.44275733  5.862
 113 236.701950  63.100922   223.088   223.184  4 55776.35839535  8.384
 114 236.702188  63.099276   285.465   285.680  4 55786.27403057  3.313
 116 236.701493  63.102146   223.867   224.321  3 55806.10530513 10.315
 117 236.701306  63.103449   222.834   222.877  3 55816.02095448  9.078
 118 236.703575  63.102641   223.376   223.316  3 55825.93660093  8.096
 119 236.702400  63.100270   224.085   224.476  3 55835.85224245  8.148
 120 236.704659  63.099681   224.085   224.441  4 55845.76788101  8.374
 121 236.703817  63.100696   222.259   222.057  3 55855.68351670 10.914
 122 236.701171  63.102675   220.664   221.006  4 55865.59915793 17.158
 134 236.705056  63.103883   222.023   222.023  2 55984.58688086 10.770
 136 236.703134  63.102798   221.347   220.995  4 56004.41816587  9.679
 137 236.703750  63.101150   220.501   220.778  4 56014.33381423  9.885
 142 236.703187  63.105684   223.796   223.599  3 56063.91201785 13.964
 143 236.703195  63.104382   222.823   222.874  3 56073.82766060 10.830
 144 236.699572  63.103711   222.347   222.176  3 56083.74331004  7.198
 146 236.700530  63.105441   222.230   222.077  3 56103.57460290  9.730
 147 236.699060  63.104475   223.792   224.027  3 56113.49023337  6.819
 149 236.702540  63.100762   225.734   224.583  3 56133.32150649  5.961
 150 236.705116  63.100288   224.468   224.304  4 56143.23714503  6.705
 151 236.701451  63.100951   226.270   226.219  4 56153.15279540  8.549
 153 236.703021  63.104593   223.284   223.536  3 56172.98409237 11.612
 154 236.702199  63.103543   222.992   223.216  3 56182.89973446 10.841
 155 236.702916  63.101983   223.070   223.028  4 56192.81537288  9.913
 156 236.702659  63.101027   224.985   223.875  4 56202.73100850 10.317
 157 236.701614  63.101544   222.160   221.841  3 56212.64664235 10.322
 169 236.701296  63.102817   220.830   220.947  4 56331.63438185 10.211
 170 236.703556  63.104054   220.843   220.843  2 56341.55002219 10.864
 171 236.704869  63.104016   221.289   220.778  3 56351.46566003  9.935
 172 236.704771  63.102799   221.884   221.884  2 56361.38129927  9.721
 174 236.701121  63.102940   221.805   221.792  4 56381.21259523  7.247
 178 236.702923  63.105644   193.712   193.514  3 56420.87515945  1.920
 180 236.703394  63.105911   297.045   297.006  3 56440.70645057  0.504
 181 236.701525  63.106088   222.859   222.843  3 56450.62210087 11.509
 183 236.702281  63.104430    94.508    94.436  3 56470.45339377 37.748
 184 236.702439  63.103092    94.515    94.531  3 56480.36903480 45.972
 187 236.703050  63.102332   222.455   222.460  4 56510.11594027  6.036
 188 236.701276  63.102045   224.054   223.623  3 56520.03158295  5.299
 189 236.698207  63.101699   288.896   288.896  2 56529.94723627  0.816
 190 236.702187  63.102597   227.643   227.608  3 56539.86288638  7.277
 191 236.700532  63.102538   222.674   222.405  3 56549.77853155  6.376
 192 236.700130  63.103834   225.293   224.264  3 56559.69417456  8.642
 193 236.699893  63.105315   272.102   272.816  3 56569.60981658  3.519
 194 236.701097  63.106483   221.166   220.667  3 56579.52545736 13.859
 196 236.699160  63.104063   221.040   221.247  3 56599.35673857 12.979
 197 236.699737  63.104312   221.195   221.110  3 56609.27238937 13.317
 205 236.699901  63.104792   221.538   221.693  3 56688.59754953 11.938
 207 236.707836  63.104176   222.496   222.496  2 56708.42882736 12.060
 208 236.703106  63.101639   221.211   221.192  4 56718.34446477 11.959
 211 236.701247  63.107875   220.752   220.752  2 56748.09141141 11.842
 212 236.700804  63.107683   220.606   220.591  3 56758.00705181 11.632
 213 236.701420  63.105693   225.180   224.217  3 56767.92268611  3.657
 215 236.701001  63.105075   223.235   223.376  4 56787.75398781  9.913
 217 236.702824  63.108325   222.912   222.782  3 56807.58528775 13.628
 219 236.701314  63.104027   228.269   228.114  4 56827.41656558  6.660
 221 236.699523  63.099769   278.329   278.329  2 56847.24783047  2.116
 222 236.701956  63.102659   278.428   277.918  3 56857.16348237  4.479
 223 236.698775  63.104470   222.105   221.978  3 56867.07913575  6.607
 225 236.703149  63.105358   222.479   222.513  3 56886.91043711  8.613
 226 236.700582  63.103649   226.698   225.391  3 56896.82608282  9.789
 227 236.701505  63.104547   222.611   222.894  3 56906.74172623  9.085
 229 236.701807  63.108722   277.044   276.511  3 56926.57300675  2.998
 230 236.700445  63.108156   223.713   223.706  3 56936.48864212  7.468
 231 236.700872  63.105448   221.525   221.791  3 56946.40427212 10.062
 241 236.702814  63.106227   281.142   281.704  3 57045.56073731  5.449
 242 236.700727  63.105780   220.472   220.542  3 57055.47637971 15.294
 243 236.699785  63.103482   220.356   220.370  3 57065.39201699 13.886
 244 236.701157  63.102155   220.775   220.897  3 57075.30764999 12.389
 245 236.703280  63.102303   221.582   221.647  3 57085.22328009 10.673
 246 236.701027  63.105016   220.516   220.753  4 57095.13893528 11.133
 247 236.701746  63.108087   220.925   220.925  2 57105.05459217 11.047
 250 236.700632  63.104772   225.932   224.944  3 57134.80153034  6.150
