# NaN NaN NaN ;Mean Elev.(m), Avg Gradient(m/km), RMS Gradient(m/km) - SRTM1     
#   47.265 -12.164  16.349 ;Mean Elev.(m), Avg Gradient(m/km), RMS Gradient(m/km) - ASTER GDEM
#   67.965 -21.980  29.355 ;Mean Elev.(m), Avg Gradient(m/km), RMS Gradient(m/km) - GMTED2010 
   3    -8.192 54686.65342273  7.53 235.112808  64.483169  2.987 -100.00 -100.00 -100.00
   3    -6.849 54686.65342332  7.79 235.118498  64.484104  3.383 -100.00 -100.00 -100.00
   3    -6.468 54686.65342391  7.50 235.124190  64.485039  2.986 -100.00 -100.00 -100.00
   3    -5.942 54686.65342450  8.18 235.129882  64.485974  3.407 -100.00 -100.00 -100.00
   3    -5.437 54686.65342509  8.26 235.135574  64.486908  3.662 -100.00 -100.00 -100.00
   5    -5.026 54706.48470474  6.47 235.117663  64.483472  3.792 -100.00 -100.00 -100.00
   5    -3.950 54706.48470533  6.41 235.123354  64.484407  3.251 -100.00 -100.00 -100.00
   5    -2.892 54706.48470592  6.92 235.129045  64.485342  3.385 -100.00 -100.00 -100.00
   5    -1.855 54706.48470651  6.99 235.134737  64.486277  3.359 -100.00 -100.00 -100.00
   7    11.461 54726.31600684  7.10 235.123151  64.480036  3.319 -100.00 -100.00 -100.00
   7    11.496 54726.31600743  8.97 235.128841  64.480970  5.461 -100.00 -100.00 -100.00
   7    11.461 54726.31600802  7.60 235.134532  64.481905  3.121 -100.00 -100.00 -100.00
   7    11.387 54726.31600861  7.80 235.140223  64.482839  3.101 -100.00 -100.00 -100.00
   7    11.336 54726.31600920  8.55 235.145914  64.483773  3.725 -100.00 -100.00 -100.00
   7    11.241 54726.31600979  9.26 235.151606  64.484707  3.951 -100.00 -100.00 -100.00
   7    11.292 54726.31601038  9.41 235.157298  64.485640  4.301 -100.00 -100.00 -100.00
  10   294.962 54756.06294868  6.60 235.117039  64.482953  8.554 -100.00 -100.00 -100.00
  10   291.188 54756.06294927  5.90 235.122730  64.483888  9.326 -100.00 -100.00 -100.00
  10   288.694 54756.06294986  4.11 235.128422  64.484822  7.346 -100.00 -100.00 -100.00
  10   285.608 54756.06295045  5.17 235.134114  64.485756 10.844 -100.00 -100.00 -100.00
  10   281.844 54756.06295104  3.72 235.139807  64.486690  7.139 -100.00 -100.00 -100.00
  11   296.086 54765.97859392  3.07 235.116487  64.482611  9.017 -100.00 -100.00 -100.00
  11   292.917 54765.97859451  1.74 235.122179  64.483546  7.423 -100.00 -100.00 -100.00
  11   289.166 54765.97859510  2.30 235.127871  64.484480  7.363 -100.00 -100.00 -100.00
  11   286.106 54765.97859569  1.27 235.133563  64.485415  6.007 -100.00 -100.00 -100.00
  11   281.939 54765.97859628  1.70 235.139255  64.486349  7.523 -100.00 -100.00 -100.00
  12   295.118 54775.89423638  2.17 235.120055  64.480789  7.472 -100.00 -100.00 -100.00
  12   292.577 54775.89423697  0.69 235.125747  64.481724  6.237 -100.00 -100.00 -100.00
  12   286.571 54775.89423757  1.56 235.131438  64.482658  6.780 -100.00 -100.00 -100.00
  12   285.080 54775.89423816  0.46 235.137131  64.483592  7.039 -100.00 -100.00 -100.00
  12   281.014 54775.89423875  0.03 235.142823  64.484526  6.111 -100.00 -100.00 -100.00
  14   294.554 54795.72551458  0.64 235.121659  64.478719  8.263 -100.00 -100.00 -100.00
  14   292.128 54795.72551517  0.06 235.127351  64.479654  7.626 -100.00 -100.00 -100.00
  17   114.627 54825.47243624 14.08 235.118616  64.482352  6.378 -100.00 -100.00 -100.00
  17   115.024 54825.47243684 14.49 235.124307  64.483287  7.364 -100.00 -100.00 -100.00
  17   125.084 54825.47243743 13.28 235.129999  64.484222  5.109 -100.00 -100.00 -100.00
  17   115.793 54825.47243802 14.38 235.135691  64.485156  7.524 -100.00 -100.00 -100.00
  17   116.371 54825.47243861 13.51 235.141383  64.486091  6.293 -100.00 -100.00 -100.00
  18   113.610 54835.38807577 14.98 235.119314  64.482173  7.937 -100.00 -100.00 -100.00
  18   115.960 54835.38807636 13.87 235.125005  64.483107  6.308 -100.00 -100.00 -100.00
  18   115.311 54835.38807695 14.09 235.130697  64.484042  7.648 -100.00 -100.00 -100.00
  18   115.807 54835.38807754 14.05 235.136389  64.484976  6.792 -100.00 -100.00 -100.00
  18   116.058 54835.38807813 13.76 235.142081  64.485911  6.083 -100.00 -100.00 -100.00
  19   123.341 54845.30372533 12.33 235.117750  64.482376  5.535 -100.00 -100.00 -100.00
  19   124.123 54845.30372592 12.81 235.123441  64.483311  5.908 -100.00 -100.00 -100.00
  19   114.954 54845.30372651 13.13 235.129133  64.484245  7.261 -100.00 -100.00 -100.00
  19   124.824 54845.30372711 12.20 235.134825  64.485180  6.240 -100.00 -100.00 -100.00
  19   115.923 54845.30372770 12.30 235.140517  64.486114  5.902 -100.00 -100.00 -100.00
  20   116.764 54855.21937410 11.72 235.114892  64.483094  5.669 -100.00 -100.00 -100.00
  20   115.041 54855.21937469 12.62 235.120583  64.484029  6.828 -100.00 -100.00 -100.00
  20   114.980 54855.21937528 11.92 235.126275  64.484963  5.718 -100.00 -100.00 -100.00
  20   115.249 54855.21937587 12.25 235.131967  64.485898  6.200 -100.00 -100.00 -100.00
  20   124.563 54855.21937646 12.35 235.137660  64.486832  7.550 -100.00 -100.00 -100.00
  21   114.504 54865.13502298 12.02 235.113548  64.484613  6.967 -100.00 -100.00 -100.00
  21   124.068 54865.13502357 11.39 235.119240  64.485548  5.668 -100.00 -100.00 -100.00
  21   124.897 54865.13502416 12.02 235.124932  64.486483  6.816 -100.00 -100.00 -100.00
  21   114.528 54865.13502475 12.58 235.130624  64.487417  7.765 -100.00 -100.00 -100.00
  22   123.803 54875.05067131 10.64 235.111176  64.484758  5.542 -100.00 -100.00 -100.00
  22   123.716 54875.05067190 11.33 235.116868  64.485693  6.166 -100.00 -100.00 -100.00
  22   113.878 54875.05067250 12.16 235.122561  64.486627  7.724 -100.00 -100.00 -100.00
  22   114.198 54875.05067309 11.88 235.128253  64.487562  8.005 -100.00 -100.00 -100.00
  23   116.719 54884.96631733 10.84 235.114102  64.484121  5.987 -100.00 -100.00 -100.00
  23   124.150 54884.96631792 10.66 235.119794  64.485056  5.490 -100.00 -100.00 -100.00
  23   114.776 54884.96631851 10.70 235.125486  64.485990  5.761 -100.00 -100.00 -100.00
  23   124.970 54884.96631910 10.35 235.131179  64.486925  5.462 -100.00 -100.00 -100.00
  24   124.197 54894.88196011  9.50 235.120070  64.482657  4.603 -100.00 -100.00 -100.00
  24   115.936 54894.88196070 10.03 235.125763  64.483592  5.035 -100.00 -100.00 -100.00
  24   116.167 54894.88196129  9.90 235.131455  64.484526  4.932 -100.00 -100.00 -100.00
  24   116.214 54894.88196188 10.11 235.137148  64.485460  5.240 -100.00 -100.00 -100.00
  25   117.755 54904.79759959 10.14 235.119857  64.480608  5.230 -100.00 -100.00 -100.00
  25   125.140 54904.79760019 10.65 235.125549  64.481542  5.080 -100.00 -100.00 -100.00
  25   115.388 54904.79760078 11.14 235.131241  64.482477  6.452 -100.00 -100.00 -100.00
  25   125.462 54904.79760137 10.18 235.136933  64.483411  5.173 -100.00 -100.00 -100.00
  25   116.483 54904.79760196 10.69 235.142626  64.484345  6.192 -100.00 -100.00 -100.00
  25   124.775 54904.79760255 10.27 235.148319  64.485278  5.237 -100.00 -100.00 -100.00
  26   117.595 54914.71323806  9.91 235.120070  64.480284  5.182 -100.00 -100.00 -100.00
  26   113.904 54914.71323865 10.77 235.125761  64.481219  5.945 -100.00 -100.00 -100.00
  26   115.763 54914.71323924 10.55 235.131453  64.482153  5.879 -100.00 -100.00 -100.00
  26   124.614 54914.71323983 10.84 235.137145  64.483087  6.399 -100.00 -100.00 -100.00
  26   116.459 54914.71324043 11.21 235.142838  64.484021  7.199 -100.00 -100.00 -100.00
  26   116.675 54914.71324102 10.05 235.148531  64.484955  4.846 -100.00 -100.00 -100.00
  26   117.057 54914.71324161 10.31 235.154224  64.485888  5.790 -100.00 -100.00 -100.00
  27   117.555 54924.62887592  9.41 235.118031  64.480965  5.988 -100.00 -100.00 -100.00
  27   115.918 54924.62887651  9.51 235.123722  64.481900  5.967 -100.00 -100.00 -100.00
  27   115.805 54924.62887710 10.09 235.129414  64.482834  6.915 -100.00 -100.00 -100.00
  27   124.885 54924.62887769  9.16 235.135106  64.483768  5.533 -100.00 -100.00 -100.00
  27   115.544 54924.62887828  9.64 235.140799  64.484702  5.686 -100.00 -100.00 -100.00
  27   116.069 54924.62887887 10.55 235.146492  64.485636  8.181 -100.00 -100.00 -100.00
  28   117.025 54934.54451321  9.29 235.118134  64.481825  5.784 -100.00 -100.00 -100.00
  28   124.008 54934.54451380  8.84 235.123825  64.482760  5.379 -100.00 -100.00 -100.00
  28   124.608 54934.54451439  8.86 235.129517  64.483694  5.186 -100.00 -100.00 -100.00
  28   124.841 54934.54451498  9.14 235.135209  64.484628  5.846 -100.00 -100.00 -100.00
  28   124.890 54934.54451558  8.92 235.140901  64.485563  5.464 -100.00 -100.00 -100.00
  29   117.106 54944.46014832  9.33 235.117117  64.480963  5.821 -100.00 -100.00 -100.00
  29   116.417 54944.46014891  8.81 235.122808  64.481898  5.308 -100.00 -100.00 -100.00
  29   124.703 54944.46014950  9.33 235.128499  64.482833  6.453 -100.00 -100.00 -100.00
  29   115.789 54944.46015009  9.42 235.134190  64.483767  6.237 -100.00 -100.00 -100.00
  29   116.311 54944.46015068  8.77 235.139882  64.484702  5.576 -100.00 -100.00 -100.00
  29   116.394 54944.46015127  9.51 235.145574  64.485636  5.281 -100.00 -100.00 -100.00
  30   127.529 54954.37578162 16.71 235.121752  64.479393  4.921 -100.00 -100.00 -100.00
  30   127.713 54954.37578221 16.75 235.127442  64.480328  4.515 -100.00 -100.00 -100.00
  30   128.281 54954.37578280 16.96 235.133132  64.481263  5.094 -100.00 -100.00 -100.00
  30   129.140 54954.37578339 16.84 235.138823  64.482197  4.346 -100.00 -100.00 -100.00
  30   128.961 54954.37578398 18.09 235.144514  64.483132  5.466 -100.00 -100.00 -100.00
  30   129.094 54954.37578457 18.35 235.150206  64.484066  5.563 -100.00 -100.00 -100.00
  30   129.072 54954.37578516 21.78 235.155898  64.484999  9.764 -100.00 -100.00 -100.00
  31   135.695 54964.29142746 21.69 235.123854  64.478247  9.023 -100.00 -100.00 -100.00
  31   134.451 54964.29142805 22.32 235.129543  64.479181 10.463 -100.00 -100.00 -100.00
  31   138.535 54964.29142864 16.14 235.135234  64.480116  6.073 -100.00 -100.00 -100.00
  31   136.719 54964.29142923 16.57 235.140924  64.481050  5.187 -100.00 -100.00 -100.00
  31   137.092 54964.29142982 17.87 235.146615  64.481984  6.543 -100.00 -100.00 -100.00
  31   136.574 54964.29143041 18.20 235.152306  64.482918  5.782 -100.00 -100.00 -100.00
  31   129.571 54964.29143100 20.45 235.157998  64.483852  8.095 -100.00 -100.00 -100.00
  32    58.137 54974.20707631 48.11 235.129249  64.479569   -100 -100.00 -100.00 -100.00
  32    58.137 54974.20707690 50.96 235.134939  64.480504   -100 -100.00 -100.00 -100.00
  32    58.148 54974.20707749 48.85 235.140630  64.481438   -100 -100.00 -100.00 -100.00
  32    58.062 54974.20707808 48.48 235.146321  64.482372   -100 -100.00 -100.00 -100.00
  32    58.267 54974.20707867 46.20 235.152013  64.483305   -100 -100.00 -100.00 -100.00
  32    58.292 54974.20707926 48.05 235.157705  64.484239   -100 -100.00 -100.00 -100.00
  33    58.628 54984.12272373 48.72 235.124498  64.480791   -100 -100.00 -100.00 -100.00
  33    58.718 54984.12272432 50.05 235.130189  64.481725   -100 -100.00 -100.00 -100.00
  33    58.842 54984.12272491 50.15 235.135880  64.482660   -100 -100.00 -100.00 -100.00
  33    58.853 54984.12272550 49.16 235.141572  64.483594   -100 -100.00 -100.00 -100.00
  33    58.787 54984.12272609 47.19 235.147263  64.484528   -100 -100.00 -100.00 -100.00
  33    59.048 54984.12272668 44.56 235.152956  64.485461   -100 -100.00 -100.00 -100.00
  34   107.619 54994.03837115 21.07 235.121109  64.482237  8.471 -100.00 -100.00 -100.00
  34   105.705 54994.03837174 23.87 235.126800  64.483172 13.918 -100.00 -100.00 -100.00
  34   105.026 54994.03837233 23.49 235.132492  64.484107 27.354 -100.00 -100.00 -100.00
  34   125.878 54994.03837292 15.14 235.138183  64.485041 12.460 -100.00 -100.00 -100.00
  34   106.156 54994.03837351 24.98 235.143876  64.485975   -100 -100.00 -100.00 -100.00
  36    58.182 55013.86966295 38.46 235.130601  64.484825   -100 -100.00 -100.00 -100.00
  36    58.098 55013.86966354 39.27 235.136293  64.485759   -100 -100.00 -100.00 -100.00
  37   127.891 55023.78530418  9.99 235.114460  64.481975  3.491 -100.00 -100.00 -100.00
  37   128.020 55023.78530477 10.36 235.120152  64.482910  3.816 -100.00 -100.00 -100.00
  37   129.032 55023.78530536 10.63 235.125843  64.483844  4.535 -100.00 -100.00 -100.00
  37   129.043 55023.78530595 11.67 235.131535  64.484779  4.334 -100.00 -100.00 -100.00
  37   129.476 55023.78530654 11.37 235.137227  64.485713  4.075 -100.00 -100.00 -100.00
  38   132.182 55033.70094660 19.43 235.115689  64.482871  7.898 -100.00 -100.00 -100.00
  38   132.131 55033.70094719 21.96 235.121381  64.483805  7.916 -100.00 -100.00 -100.00
  38    98.376 55033.70094778 21.06 235.127072  64.484740 16.772 -100.00 -100.00 -100.00
  38   131.309 55033.70094837 14.14 235.132764  64.485674  6.247 -100.00 -100.00 -100.00
  38   129.340 55033.70094896 13.18 235.138457  64.486609  5.939 -100.00 -100.00 -100.00
  39   130.849 55043.61658789 18.16 235.113041  64.483161  7.480 -100.00 -100.00 -100.00
  39   130.972 55043.61658848 20.78 235.118732  64.484096  6.621 -100.00 -100.00 -100.00
  39   130.345 55043.61658907 13.62 235.124423  64.485031  6.886 -100.00 -100.00 -100.00
  39   129.133 55043.61658966  9.21 235.130115  64.485966  4.257 -100.00 -100.00 -100.00
  39   132.575 55043.61659025 14.22 235.135808  64.486900  8.145 -100.00 -100.00 -100.00
  41    98.190 55063.44786552 21.41 235.115711  64.481312 20.101 -100.00 -100.00 -100.00
  41   110.133 55063.44786611 17.02 235.121401  64.482247 10.905 -100.00 -100.00 -100.00
  41   126.094 55063.44786670 12.11 235.127092  64.483182  5.691 -100.00 -100.00 -100.00
  41   125.030 55063.44786729 13.89 235.132783  64.484117  7.828 -100.00 -100.00 -100.00
  41   124.621 55063.44786788 12.79 235.138474  64.485051  5.836 -100.00 -100.00 -100.00
  41   117.054 55063.44786847 13.55 235.144166  64.485986  8.433 -100.00 -100.00 -100.00
  42    57.217 55073.36351130 46.34 235.122185  64.480674   -100 -100.00 -100.00 -100.00
  42    57.035 55073.36351189 48.21 235.127876  64.481609  4.059 -100.00 -100.00 -100.00
  42    57.254 55073.36351248 50.37 235.133566  64.482543   -100 -100.00 -100.00 -100.00
  42    57.166 55073.36351308 45.39 235.139257  64.483477   -100 -100.00 -100.00 -100.00
  42    57.014 55073.36351367 45.72 235.144949  64.484411  1.710 -100.00 -100.00 -100.00
  42    57.068 55073.36351426 45.41 235.150640  64.485345   -100 -100.00 -100.00 -100.00
  43   109.676 55083.27915937 17.47 235.121988  64.479835 13.995 -100.00 -100.00 -100.00
  43   112.503 55083.27915996 18.94 235.127678  64.480769 17.002 -100.00 -100.00 -100.00
  43   115.875 55083.27916055 19.75 235.133369  64.481703 18.115 -100.00 -100.00 -100.00
  43   125.753 55083.27916114 14.80 235.139060  64.482638  7.895 -100.00 -100.00 -100.00
  43   128.611 55083.27916173 14.02 235.144751  64.483571  7.720 -100.00 -100.00 -100.00
  43   128.901 55083.27916232 15.99 235.150443  64.484505 10.637 -100.00 -100.00 -100.00
  43   129.245 55083.27916292 13.29 235.156135  64.485439  5.465 -100.00 -100.00 -100.00
  44    57.010 55093.19480859 35.82 235.146551  64.484443   -100 -100.00 -100.00 -100.00
  44    56.988 55093.19480918 35.01 235.152244  64.485376   -100 -100.00 -100.00 -100.00
  45    55.893 55103.11045476 46.17 235.142748  64.484915  9.522 -100.00 -100.00 -100.00
  45    55.848 55103.11045535 44.36 235.148441  64.485849  7.937 -100.00 -100.00 -100.00
  46   185.596 55113.02609845  0.43 235.117670  64.481662  3.049 -100.00 -100.00 -100.00
  46   189.810 55113.02609904  0.74 235.123361  64.482597  3.279 -100.00 -100.00 -100.00
  46   189.784 55113.02609963  1.80 235.129053  64.483532  4.103 -100.00 -100.00 -100.00
  46   194.539 55113.02610022  0.77 235.134745  64.484466  3.322 -100.00 -100.00 -100.00
  46   197.469 55113.02610081  1.56 235.140437  64.485400  4.151 -100.00 -100.00 -100.00
  48   125.852 55132.85738636 26.28 235.149686  64.485148 16.733 -100.00 -100.00 -100.00
  48   128.504 55132.85738696 26.28 235.155380  64.486082 15.286 -100.00 -100.00 -100.00
  50   123.007 55152.68866035 17.21 235.121460  64.479624  7.918 -100.00 -100.00 -100.00
  50   113.265 55152.68866094 18.72 235.127152  64.480559 11.268 -100.00 -100.00 -100.00
  50   114.171 55152.68866153 18.71 235.132843  64.481493 10.229 -100.00 -100.00 -100.00
  50   114.820 55152.68866213 18.62 235.138535  64.482427 11.807 -100.00 -100.00 -100.00
  50   113.953 55152.68866272 25.71 235.144228  64.483362 30.315 -100.00 -100.00 -100.00
  50   105.424 55152.68866331 26.02 235.149920  64.484295 12.408 -100.00 -100.00 -100.00
  50   102.099 55152.68866390 27.99 235.155614  64.485229 26.927 -100.00 -100.00 -100.00
  51   124.581 55162.60429856 14.05 235.118194  64.480199  6.576 -100.00 -100.00 -100.00
  51   125.099 55162.60429915 14.27 235.123885  64.481134  6.756 -100.00 -100.00 -100.00
  51   125.092 55162.60429974 14.73 235.129577  64.482069  7.605 -100.00 -100.00 -100.00
  51   125.843 55162.60430033 14.37 235.135268  64.483003  6.818 -100.00 -100.00 -100.00
  51   125.633 55162.60430092 16.09 235.140961  64.483938 10.104 -100.00 -100.00 -100.00
  51   125.126 55162.60430151 15.51 235.146653  64.484872 10.473 -100.00 -100.00 -100.00
  51   115.209 55162.60430211 19.54 235.152346  64.485805 17.269 -100.00 -100.00 -100.00
  52   124.206 55172.51993706 13.22 235.121005  64.481774  5.381 -100.00 -100.00 -100.00
  52   125.461 55172.51993765 13.73 235.126696  64.482709  6.762 -100.00 -100.00 -100.00
  52   125.499 55172.51993824 14.45 235.132388  64.483644  6.343 -100.00 -100.00 -100.00
  52   126.461 55172.51993883 13.79 235.138080  64.484579  6.148 -100.00 -100.00 -100.00
  52   126.400 55172.51993942 12.94 235.143772  64.485513  6.028 -100.00 -100.00 -100.00
  54   124.194 55192.35122434 12.97 235.119137  64.482334  6.533 -100.00 -100.00 -100.00
  54   124.923 55192.35122493 12.07 235.124828  64.483269  5.351 -100.00 -100.00 -100.00
  54   125.915 55192.35122552 12.69 235.130519  64.484203  6.871 -100.00 -100.00 -100.00
  54   126.301 55192.35122611 11.78 235.136211  64.485138  4.803 -100.00 -100.00 -100.00
  54   126.472 55192.35122670 12.05 235.141903  64.486072  5.572 -100.00 -100.00 -100.00
  55   124.345 55202.26687396 12.20 235.114237  64.482542  5.221 -100.00 -100.00 -100.00
  55   124.844 55202.26687455 11.86 235.119928  64.483477  4.683 -100.00 -100.00 -100.00
  55   125.929 55202.26687514 11.96 235.125620  64.484412  5.228 -100.00 -100.00 -100.00
  55   126.342 55202.26687573 11.97 235.131311  64.485346  6.142 -100.00 -100.00 -100.00
  55   126.569 55202.26687632 11.53 235.137004  64.486281  5.118 -100.00 -100.00 -100.00
  56   124.277 55212.18252350 11.21 235.114269  64.483601  5.353 -100.00 -100.00 -100.00
  56   124.971 55212.18252409 12.24 235.119961  64.484536  5.327 -100.00 -100.00 -100.00
  56   125.058 55212.18252468 11.67 235.125653  64.485471  5.307 -100.00 -100.00 -100.00
  56   126.444 55212.18252527 11.26 235.131345  64.486405  4.796 -100.00 -100.00 -100.00
  57   124.537 55222.09817248 11.38 235.113616  64.483894  5.168 -100.00 -100.00 -100.00
  57   125.086 55222.09817307 12.07 235.119307  64.484829  5.173 -100.00 -100.00 -100.00
  57   126.310 55222.09817366 11.80 235.124999  64.485763  5.082 -100.00 -100.00 -100.00
  57   126.582 55222.09817425 11.05 235.130692  64.486698  4.445 -100.00 -100.00 -100.00
  58   124.638 55232.01382055 11.94 235.117231  64.483588  6.168 -100.00 -100.00 -100.00
  58   125.355 55232.01382114 11.63 235.122923  64.484523  5.835 -100.00 -100.00 -100.00
  58   126.117 55232.01382173 10.79 235.128616  64.485458  4.368 -100.00 -100.00 -100.00
  58   126.595 55232.01382232 11.14 235.134308  64.486392  4.564 -100.00 -100.00 -100.00
  59   124.157 55241.92946527 11.28 235.120183  64.482290  5.073 -100.00 -100.00 -100.00
  59   125.294 55241.92946586 11.33 235.125875  64.483225  5.410 -100.00 -100.00 -100.00
  59   127.368 55241.92946645 10.44 235.131567  64.484159  4.585 -100.00 -100.00 -100.00
  59   126.654 55241.92946704 11.14 235.137259  64.485093  5.946 -100.00 -100.00 -100.00
  59   126.356 55241.92946763 10.55 235.142952  64.486027  5.908 -100.00 -100.00 -100.00
  60   124.473 55251.84510638 10.44 235.121271  64.481024  4.788 -100.00 -100.00 -100.00
  60   126.051 55251.84510697 10.86 235.126963  64.481958  4.670 -100.00 -100.00 -100.00
  60   125.251 55251.84510756 10.86 235.132655  64.482893  4.323 -100.00 -100.00 -100.00
  60   126.477 55251.84510815  9.70 235.138347  64.483827  4.034 -100.00 -100.00 -100.00
  60   126.479 55251.84510874  9.70 235.144040  64.484761  4.347 -100.00 -100.00 -100.00
  60   126.827 55251.84510933  9.67 235.149734  64.485695  4.486 -100.00 -100.00 -100.00
  61   125.060 55261.76074498 11.16 235.119447  64.480370  6.555 -100.00 -100.00 -100.00
  61   125.509 55261.76074557 11.08 235.125138  64.481304  5.941 -100.00 -100.00 -100.00
  61   125.325 55261.76074616 11.53 235.130830  64.482239  5.870 -100.00 -100.00 -100.00
  61   125.562 55261.76074675 11.49 235.136522  64.483173  7.147 -100.00 -100.00 -100.00
  61   126.186 55261.76074734 11.03 235.142215  64.484107  5.939 -100.00 -100.00 -100.00
  61   126.963 55261.76074793  9.94 235.147908  64.485040  4.957 -100.00 -100.00 -100.00
  61   126.807 55261.76074852  9.96 235.153602  64.485974  4.769 -100.00 -100.00 -100.00
  62   125.271 55271.67638317 10.24 235.122236  64.481463  5.366 -100.00 -100.00 -100.00
  62   125.407 55271.67638376  9.64 235.127928  64.482398  4.788 -100.00 -100.00 -100.00
  62   127.390 55271.67638435 10.47 235.133620  64.483332  5.916 -100.00 -100.00 -100.00
  62   126.420 55271.67638494  9.64 235.139312  64.484266  5.421 -100.00 -100.00 -100.00
  62   126.684 55271.67638553  9.41 235.145005  64.485200  5.199 -100.00 -100.00 -100.00
  63   125.002 55281.59202037 10.70 235.117042  64.480886  5.226 -100.00 -100.00 -100.00
  63   125.158 55281.59202096 11.30 235.122733  64.481820  5.845 -100.00 -100.00 -100.00
  63   125.342 55281.59202155 11.05 235.128425  64.482755  6.475 -100.00 -100.00 -100.00
  63   126.279 55281.59202214 11.01 235.134117  64.483689  6.446 -100.00 -100.00 -100.00
  63   126.595 55281.59202273 10.26 235.139809  64.484623  5.245 -100.00 -100.00 -100.00
  63   125.861 55281.59202333 10.42 235.145501  64.485557  5.403 -100.00 -100.00 -100.00
  64   124.916 55291.50765696  8.91 235.117958  64.480368  4.467 -100.00 -100.00 -100.00
  64   125.731 55291.50765755  9.63 235.123649  64.481303  5.679 -100.00 -100.00 -100.00
  64   125.855 55291.50765814  9.14 235.129340  64.482237  5.096 -100.00 -100.00 -100.00
  64   126.272 55291.50765873  8.80 235.135031  64.483172  4.536 -100.00 -100.00 -100.00
  64   126.462 55291.50765932  8.64 235.140723  64.484106  5.127 -100.00 -100.00 -100.00
  64   126.549 55291.50765991  8.13 235.146415  64.485040  4.315 -100.00 -100.00 -100.00
  64   126.690 55291.50766050  8.13 235.152107  64.485974  4.359 -100.00 -100.00 -100.00
  66   129.229 55311.33894133 19.20 235.145792  64.482843  5.033 -100.00 -100.00 -100.00
  66   129.441 55311.33894192 21.04 235.151483  64.483777  7.481 -100.00 -100.00 -100.00
  66   129.338 55311.33894251 23.28 235.157175  64.484711  9.963 -100.00 -100.00 -100.00
  67   127.736 55321.25458478 14.51 235.126273  64.479913  5.850 -100.00 -100.00 -100.00
  67   127.836 55321.25458537 15.98 235.131963  64.480848  7.431 -100.00 -100.00 -100.00
  67   128.540 55321.25458596 15.35 235.137654  64.481782  5.707 -100.00 -100.00 -100.00
  67   128.926 55321.25458655 15.98 235.143345  64.482716  6.738 -100.00 -100.00 -100.00
  67   129.051 55321.25458715 18.68 235.149036  64.483650  9.650 -100.00 -100.00 -100.00
  67   128.960 55321.25458774 23.55 235.154728  64.484583 21.030 -100.00 -100.00 -100.00
  68    57.462 55331.17022876 47.35 235.121667  64.480345  0.443 -100.00 -100.00 -100.00
  68    57.656 55331.17022935 48.15 235.127358  64.481280   -100 -100.00 -100.00 -100.00
  68    57.834 55331.17022994 49.50 235.133048  64.482214   -100 -100.00 -100.00 -100.00
  68    57.468 55331.17023053 50.95 235.138739  64.483148 23.415 -100.00 -100.00 -100.00
  68    57.597 55331.17023112 46.94 235.144431  64.484082   -100 -100.00 -100.00 -100.00
  68    57.635 55331.17023171 47.39 235.150123  64.485016  0.509 -100.00 -100.00 -100.00
  68    57.682 55331.17023230 46.69 235.155815  64.485949  0.949 -100.00 -100.00 -100.00
  69   123.747 55341.08587283 17.22 235.117972  64.481183 16.684 -100.00 -100.00 -100.00
  69   101.563 55341.08587342 17.14 235.123662  64.482118 15.146 -100.00 -100.00 -100.00
  69   122.715 55341.08587401 18.70 235.129353  64.483052 15.083 -100.00 -100.00 -100.00
  69   113.498 55341.08587460 19.23 235.135045  64.483987 15.113 -100.00 -100.00 -100.00
  69   128.957 55341.08587519 14.85 235.140736  64.484921  7.903 -100.00 -100.00 -100.00
  69   129.034 55341.08587578 18.16 235.146429  64.485854 11.790 -100.00 -100.00 -100.00
  70   131.634 55351.00151677 19.51 235.115530  64.481417  7.811 -100.00 -100.00 -100.00
  70   131.705 55351.00151736 19.66 235.121221  64.482352  7.105 -100.00 -100.00 -100.00
  70    97.352 55351.00151795 24.66 235.126912  64.483286 27.267 -100.00 -100.00 -100.00
  70   117.579 55351.00151854 10.80 235.132603  64.484221  5.811 -100.00 -100.00 -100.00
  70   115.049 55351.00151913 13.87 235.138295  64.485155  9.801 -100.00 -100.00 -100.00
  71    57.541 55360.91715889 40.95 235.116812  64.481714   -100 -100.00 -100.00 -100.00
  71    57.521 55360.91715948 41.07 235.122503  64.482649   -100 -100.00 -100.00 -100.00
  71    57.403 55360.91716007 37.75 235.128194  64.483584 30.289 -100.00 -100.00 -100.00
  71    57.284 55360.91716067 36.74 235.133885  64.484518 27.488 -100.00 -100.00 -100.00
  71    57.108 55360.91716126 39.49 235.139578  64.485453   -100 -100.00 -100.00 -100.00
  72    56.868 55370.83279862 42.25 235.115652  64.481729 26.814 -100.00 -100.00 -100.00
  72    56.966 55370.83279921 43.33 235.121343  64.482664 22.148 -100.00 -100.00 -100.00
  72    56.873 55370.83279980 45.98 235.127034  64.483598   -100 -100.00 -100.00 -100.00
  72    56.856 55370.83280039 39.48 235.132726  64.484533 23.819 -100.00 -100.00 -100.00
  72    56.580 55370.83280098 39.24 235.138418  64.485467 31.364 -100.00 -100.00 -100.00
  73   134.518 55380.74843681 12.74 235.113816  64.482047  5.571 -100.00 -100.00 -100.00
  73   133.936 55380.74843740 14.41 235.119507  64.482982  7.493 -100.00 -100.00 -100.00
  73   131.538 55380.74843799 10.78 235.125198  64.483917  3.809 -100.00 -100.00 -100.00
  73   128.939 55380.74843858 11.80 235.130890  64.484851  5.516 -100.00 -100.00 -100.00
  73   129.060 55380.74843917 12.78 235.136582  64.485786  5.860 -100.00 -100.00 -100.00
  74   112.354 55390.66407480 14.89 235.117098  64.483240  8.096 -100.00 -100.00 -100.00
  74   111.583 55390.66407539 19.62 235.122789  64.484175 12.334 -100.00 -100.00 -100.00
  74   126.260 55390.66407598 15.24 235.128480  64.485110  9.613 -100.00 -100.00 -100.00
  74   127.744 55390.66407657 17.84 235.134172  64.486044 16.772 -100.00 -100.00 -100.00
  75   113.826 55400.57971093 13.86 235.114757  64.482349  5.257 -100.00 -100.00 -100.00
  75   113.929 55400.57971152 20.88 235.120448  64.483285 11.269 -100.00 -100.00 -100.00
  75   112.628 55400.57971211 22.87 235.126139  64.484219 10.382 -100.00 -100.00 -100.00
  75   112.148 55400.57971271 17.55 235.131830  64.485154 10.326 -100.00 -100.00 -100.00
  75   114.277 55400.57971330 15.40 235.137522  64.486089  6.741 -100.00 -100.00 -100.00
  76   110.043 55410.49535985 23.34 235.121204  64.481887 19.516 -100.00 -100.00 -100.00
  76   109.899 55410.49536044 26.94 235.126895  64.482822 19.462 -100.00 -100.00 -100.00
  76   114.961 55410.49536103 20.24 235.132586  64.483756 11.217 -100.00 -100.00 -100.00
  76   116.291 55410.49536162 19.80 235.138277  64.484691 12.472 -100.00 -100.00 -100.00
  76   116.827 55410.49536222 20.04 235.143969  64.485625 14.190 -100.00 -100.00 -100.00
  77    65.108 55420.41100992 20.00 235.122456  64.480093  8.727 -100.00 -100.00 -100.00
  77    64.101 55420.41101051 17.88 235.128146  64.481027  6.471 -100.00 -100.00 -100.00
  77    57.384 55420.41101110 22.39 235.133837  64.481962 13.131 -100.00 -100.00 -100.00
  77    57.186 55420.41101170 24.53 235.139528  64.482896 18.226 -100.00 -100.00 -100.00
  77    57.670 55420.41101229 20.00 235.145219  64.483830  9.000 -100.00 -100.00 -100.00
  77    60.787 55420.41101288 20.14 235.150911  64.484764 10.045 -100.00 -100.00 -100.00
  77    60.812 55420.41101347 20.22 235.156603  64.485698  9.475 -100.00 -100.00 -100.00
  78   130.774 55430.32665715 20.90 235.125278  64.479601  9.383 -100.00 -100.00 -100.00
  78   130.780 55430.32665774 21.04 235.130968  64.480535  7.010 -100.00 -100.00 -100.00
  78   126.007 55430.32665833 21.14 235.136659  64.481469 12.876 -100.00 -100.00 -100.00
  78   128.527 55430.32665892 13.46 235.142350  64.482403  4.830 -100.00 -100.00 -100.00
  78   129.130 55430.32665951 14.06 235.148041  64.483337  5.313 -100.00 -100.00 -100.00
  78   132.665 55430.32666010 14.18 235.153733  64.484271  4.209 -100.00 -100.00 -100.00
  78   132.942 55430.32666069 18.11 235.159425  64.485204  7.521 -100.00 -100.00 -100.00
  79   106.691 55440.24230173 20.82 235.124092  64.480427 11.649 -100.00 -100.00 -100.00
  79   106.444 55440.24230232 24.23 235.129783  64.481362 13.583 -100.00 -100.00 -100.00
  79   107.853 55440.24230291 25.50 235.135473  64.482296 21.167 -100.00 -100.00 -100.00
  79   116.764 55440.24230350 15.26 235.141165  64.483230  8.214 -100.00 -100.00 -100.00
  79   116.963 55440.24230409 17.74 235.146856  64.484163 11.460 -100.00 -100.00 -100.00
  79   117.990 55440.24230468 17.38 235.152548  64.485097 12.137 -100.00 -100.00 -100.00
  80   113.338 55450.15794450 24.81 235.118895  64.481231 15.432 -100.00 -100.00 -100.00
  80   113.486 55450.15794509 25.06 235.124586  64.482165 10.440 -100.00 -100.00 -100.00
  80   111.223 55450.15794568 27.97 235.130277  64.483100 26.780 -100.00 -100.00 -100.00
  80   116.222 55450.15794627 17.88 235.135968  64.484034  9.184 -100.00 -100.00 -100.00
  80   116.397 55450.15794686 18.49 235.141660  64.484968 11.344 -100.00 -100.00 -100.00
  80   117.236 55450.15794745 19.50 235.147352  64.485901 14.618 -100.00 -100.00 -100.00
  81    56.288 55460.07358746 44.13 235.120994  64.482154 29.363 -100.00 -100.00 -100.00
  81    56.264 55460.07358805 48.49 235.126685  64.483089   -100 -100.00 -100.00 -100.00
  81    56.017 55460.07358864 49.02 235.132376  64.484023  0.511 -100.00 -100.00 -100.00
  81    56.002 55460.07358923 45.61 235.138068  64.484957   -100 -100.00 -100.00 -100.00
  81    55.871 55460.07358982 41.39 235.143761  64.485891   -100 -100.00 -100.00 -100.00
  82    55.138 55469.98923086 45.09 235.138030  64.483848  1.042 -100.00 -100.00 -100.00
  82    55.195 55469.98923145 44.91 235.143722  64.484782   -100 -100.00 -100.00 -100.00
  82    55.213 55469.98923204 44.34 235.149415  64.485716   -100 -100.00 -100.00 -100.00
  83    56.089 55479.90486923 20.32 235.137070  64.481884 13.713 -100.00 -100.00 -100.00
  83    56.532 55479.90486982 16.44 235.142762  64.482818  8.209 -100.00 -100.00 -100.00
  83    61.622 55479.90487041 15.61 235.148454  64.483752  7.601 -100.00 -100.00 -100.00
  83    61.074 55479.90487100 16.67 235.154147  64.484685  7.109 -100.00 -100.00 -100.00
  87   295.882 55519.56742769  1.80 235.116583  64.481337  9.300 -100.00 -100.00 -100.00
  87   292.758 55519.56742828  0.95 235.122274  64.482272  7.382 -100.00 -100.00 -100.00
  88   124.646 55529.48307677 17.54 235.117518  64.482166  8.142 -100.00 -100.00 -100.00
  88   124.434 55529.48307736 17.86 235.123209  64.483100  7.797 -100.00 -100.00 -100.00
  88   125.738 55529.48307795 17.86 235.128901  64.484035  7.139 -100.00 -100.00 -100.00
  88   126.063 55529.48307854 17.96 235.134593  64.484970  7.041 -100.00 -100.00 -100.00
  88   126.525 55529.48307913 18.39 235.140285  64.485904  6.937 -100.00 -100.00 -100.00
  89   124.914 55539.39872369 15.26 235.115209  64.481679  5.675 -100.00 -100.00 -100.00
  89   124.872 55539.39872428 15.83 235.120900  64.482614  5.733 -100.00 -100.00 -100.00
  89   117.236 55539.39872487 16.04 235.126591  64.483548  6.776 -100.00 -100.00 -100.00
  89   125.678 55539.39872546 15.55 235.132282  64.484483  5.129 -100.00 -100.00 -100.00
  89   125.746 55539.39872605 15.83 235.137974  64.485417  6.239 -100.00 -100.00 -100.00
  90   118.113 55549.31436880 16.22 235.116514  64.482034  6.514 -100.00 -100.00 -100.00
  90   117.569 55549.31436939 16.21 235.122205  64.482969  7.926 -100.00 -100.00 -100.00
  90   124.744 55549.31436999 15.64 235.127897  64.483904  5.811 -100.00 -100.00 -100.00
  90   125.971 55549.31437058 15.46 235.133588  64.484838  5.742 -100.00 -100.00 -100.00
  90   125.787 55549.31437117 15.79 235.139280  64.485773  6.818 -100.00 -100.00 -100.00
  91   186.584 55559.23001186  0.24 235.113447  64.482560  4.049 -100.00 -100.00 -100.00
  91   187.299 55559.23001304  0.29 235.124830  64.484429  3.791 -100.00 -100.00 -100.00
  93   115.862 55579.06129622 13.54 235.115822  64.483860  7.535 -100.00 -100.00 -100.00
  93   114.823 55579.06129681 13.23 235.121514  64.484794  6.085 -100.00 -100.00 -100.00
  93   124.429 55579.06129740 13.54 235.127206  64.485729  7.034 -100.00 -100.00 -100.00
  93   115.642 55579.06129799 13.38 235.132898  64.486664  7.631 -100.00 -100.00 -100.00
  94   115.086 55588.97693507 12.61 235.115381  64.481471  6.524 -100.00 -100.00 -100.00
  94   123.601 55588.97693566 12.53 235.121072  64.482406  5.987 -100.00 -100.00 -100.00
  94   124.428 55588.97693625 13.11 235.126764  64.483341  6.313 -100.00 -100.00 -100.00
  94   124.785 55588.97693684 13.19 235.132456  64.484276  8.099 -100.00 -100.00 -100.00
  94   116.038 55588.97693743 12.54 235.138149  64.485210  5.987 -100.00 -100.00 -100.00
  95   124.562 55598.89257158 11.01 235.122579  64.479411  6.081 -100.00 -100.00 -100.00
  95   124.199 55598.89257217 11.06 235.128270  64.480346  6.271 -100.00 -100.00 -100.00
  95   125.655 55598.89257276 11.22 235.133961  64.481281  5.931 -100.00 -100.00 -100.00
  95   125.219 55598.89257335 10.74 235.139653  64.482215  5.282 -100.00 -100.00 -100.00
  95   124.783 55598.89257394 10.46 235.145346  64.483149  5.785 -100.00 -100.00 -100.00
  95   124.795 55598.89257453 10.70 235.151038  64.484083  5.815 -100.00 -100.00 -100.00
  95   124.901 55598.89257512 10.92 235.156731  64.485017  6.847 -100.00 -100.00 -100.00
  96    56.012 55608.80820793 28.74 235.151380  64.482366   -100 -100.00 -100.00 -100.00
  96    56.164 55608.80820852 31.20 235.157072  64.483300   -100 -100.00 -100.00 -100.00
  96    56.375 55608.80820911 31.74 235.162766  64.484233   -100 -100.00 -100.00 -100.00
  97   123.978 55618.72383676  9.43 235.123303  64.478313  4.590 -100.00 -100.00 -100.00
  97   124.434 55618.72383735 10.13 235.128993  64.479248  5.885 -100.00 -100.00 -100.00
  97   117.679 55618.72383794  9.85 235.134685  64.480183  5.122 -100.00 -100.00 -100.00
  97   124.915 55618.72383853 10.03 235.140376  64.481117  5.334 -100.00 -100.00 -100.00
  97   126.118 55618.72383912  9.24 235.146068  64.482051  4.471 -100.00 -100.00 -100.00
  97   126.030 55618.72383971  8.82 235.151760  64.482986  4.679 -100.00 -100.00 -100.00
  97   125.660 55618.72384030  9.39 235.157453  64.483919  5.070 -100.00 -100.00 -100.00
  98   123.436 55628.63948422 10.15 235.118501  64.480193  5.738 -100.00 -100.00 -100.00
  98   124.407 55628.63948481 10.26 235.124192  64.481128  5.446 -100.00 -100.00 -100.00
  98   124.487 55628.63948540 10.18 235.129883  64.482063  5.191 -100.00 -100.00 -100.00
  98   125.192 55628.63948599 10.27 235.135575  64.482997  5.433 -100.00 -100.00 -100.00
  98   125.493 55628.63948658  9.24 235.141267  64.483932  4.783 -100.00 -100.00 -100.00
  98   125.059 55628.63948718 10.21 235.146960  64.484866  5.686 -100.00 -100.00 -100.00
  98   124.891 55628.63948777  9.54 235.152652  64.485800  4.996 -100.00 -100.00 -100.00
  99   123.555 55638.55513568 10.55 235.121067  64.481888  5.861 -100.00 -100.00 -100.00
  99   124.237 55638.55513627 10.67 235.126758  64.482823  5.272 -100.00 -100.00 -100.00
  99   125.378 55638.55513686 10.70 235.132450  64.483758  6.654 -100.00 -100.00 -100.00
  99   125.694 55638.55513745  9.75 235.138142  64.484692  3.799 -100.00 -100.00 -100.00
  99   125.220 55638.55513804  9.77 235.143834  64.485627  4.845 -100.00 -100.00 -100.00
 100   117.902 55648.47078477  8.46 235.123366  64.481243  4.546 -100.00 -100.00 -100.00
 100   125.592 55648.47078536  8.61 235.129057  64.482177  5.273 -100.00 -100.00 -100.00
 100   125.342 55648.47078595  8.74 235.134748  64.483112  5.829 -100.00 -100.00 -100.00
 100   115.934 55648.47078654  9.49 235.140440  64.484046  6.806 -100.00 -100.00 -100.00
 100   125.149 55648.47078713  8.60 235.146132  64.484980  5.158 -100.00 -100.00 -100.00
 100   124.994 55648.47078772  7.81 235.151824  64.485914  4.969 -100.00 -100.00 -100.00
 101   118.868 55658.38643041  8.66 235.122437  64.478965  5.865 -100.00 -100.00 -100.00
 101   118.100 55658.38643100  8.77 235.128127  64.479900  5.530 -100.00 -100.00 -100.00
 101   116.883 55658.38643159  8.94 235.133818  64.480834  5.719 -100.00 -100.00 -100.00
 101   125.057 55658.38643218  8.63 235.139509  64.481769  5.143 -100.00 -100.00 -100.00
 101   116.441 55658.38643277  9.01 235.145200  64.482703  5.785 -100.00 -100.00 -100.00
 101   124.873 55658.38643336  8.58 235.150892  64.483636  5.606 -100.00 -100.00 -100.00
 101   125.172 55658.38643395  8.75 235.156584  64.484570  5.307 -100.00 -100.00 -100.00
 102   118.366 55668.30207273  8.54 235.126642  64.478787  5.334 -100.00 -100.00 -100.00
 102   123.889 55668.30207332  9.03 235.132333  64.479722  4.829 -100.00 -100.00 -100.00
 102   125.663 55668.30207391  8.62 235.138023  64.480656  5.393 -100.00 -100.00 -100.00
 102   125.451 55668.30207450  8.92 235.143714  64.481590  5.295 -100.00 -100.00 -100.00
 102   125.646 55668.30207509  8.24 235.149406  64.482524  4.861 -100.00 -100.00 -100.00
 102   125.355 55668.30207568  8.02 235.155097  64.483457  4.413 -100.00 -100.00 -100.00
 102   125.494 55668.30207627  8.73 235.160790  64.484391  5.452 -100.00 -100.00 -100.00
 103   128.597 55678.21771182  4.64 235.121872  64.479306  3.512 -100.00 -100.00 -100.00
 103   128.802 55678.21771241  4.98 235.127562  64.480240  3.686 -100.00 -100.00 -100.00
 103   128.325 55678.21771300  5.33 235.133253  64.481175  3.574 -100.00 -100.00 -100.00
 103   127.497 55678.21771359  4.55 235.138944  64.482109  3.408 -100.00 -100.00 -100.00
 103   127.430 55678.21771418  4.42 235.144635  64.483043  2.942 -100.00 -100.00 -100.00
 103   127.154 55678.21771477  4.17 235.150327  64.483977  3.047 -100.00 -100.00 -100.00
 103   127.119 55678.21771536  3.98 235.156019  64.484910  2.864 -100.00 -100.00 -100.00
 104   126.965 55688.13334921  8.94 235.118424  64.480964  4.976 -100.00 -100.00 -100.00
 104   119.155 55688.13334980 14.73 235.124114  64.481899 16.526 -100.00 -100.00 -100.00
 104   122.786 55688.13335039 17.88 235.129805  64.482834 14.737 -100.00 -100.00 -100.00
 104   122.540 55688.13335098 17.97 235.135496  64.483768 15.134 -100.00 -100.00 -100.00
 104   128.799 55688.13335157 11.98 235.141188  64.484702  7.639 -100.00 -100.00 -100.00
 104   128.974 55688.13335216 14.20 235.146880  64.485636  9.819 -100.00 -100.00 -100.00
 105   249.471 55698.04898610  0.52 235.123456  64.483105  4.195 -100.00 -100.00 -100.00
 105   255.170 55698.04898787  0.64 235.140531  64.485908  5.194 -100.00 -100.00 -100.00
 106    58.513 55707.96462170 49.00 235.120023  64.482016   -100 -100.00 -100.00 -100.00
 106    58.664 55707.96462229 51.83 235.125714  64.482951   -100 -100.00 -100.00 -100.00
 106    58.497 55707.96462288 50.72 235.131405  64.483886   -100 -100.00 -100.00 -100.00
 106    58.335 55707.96462347 50.73 235.137097  64.484820  7.035 -100.00 -100.00 -100.00
 106    58.403 55707.96462406 47.93 235.142789  64.485755   -100 -100.00 -100.00 -100.00
 107   133.901 55717.88027296 17.91 235.121947  64.481792  6.802 -100.00 -100.00 -100.00
 107   100.731 55717.88027355 19.70 235.127638  64.482726 13.526 -100.00 -100.00 -100.00
 107   104.272 55717.88027414 22.56 235.133329  64.483661 21.149 -100.00 -100.00 -100.00
 107   100.609 55717.88027474 19.80 235.139021  64.484596 17.350 -100.00 -100.00 -100.00
 107   125.569 55717.88027533 10.61 235.144713  64.485530  3.613 -100.00 -100.00 -100.00
 108    57.741 55727.79592119 46.79 235.119808  64.481636 31.759 -100.00 -100.00 -100.00
 108    57.625 55727.79592178 48.79 235.125499  64.482571   -100 -100.00 -100.00 -100.00
 108    57.758 55727.79592237 51.25 235.131190  64.483505   -100 -100.00 -100.00 -100.00
 108    57.542 55727.79592296 52.27 235.136882  64.484440   -100 -100.00 -100.00 -100.00
 108    57.667 55727.79592355 46.05 235.142574  64.485374   -100 -100.00 -100.00 -100.00
 109   126.980 55737.71156777 11.66 235.116726  64.482286  8.276 -100.00 -100.00 -100.00
 109   125.336 55737.71156836 12.62 235.122417  64.483221  8.073 -100.00 -100.00 -100.00
 109   127.513 55737.71156896 15.26 235.128108  64.484156 12.784 -100.00 -100.00 -100.00
 109   128.667 55737.71156955 12.41 235.133800  64.485090  8.515 -100.00 -100.00 -100.00
 109   128.931 55737.71157014 14.40 235.139492  64.486025  7.782 -100.00 -100.00 -100.00
 110   100.697 55747.62721335 19.30 235.116099  64.483440 10.304 -100.00 -100.00 -100.00
 110   102.939 55747.62721394 21.37 235.121790  64.484375  8.867 -100.00 -100.00 -100.00
 110   105.948 55747.62721453 22.62 235.127481  64.485309 20.566 -100.00 -100.00 -100.00
 110   110.247 55747.62721512 21.94 235.133173  64.486244 19.901 -100.00 -100.00 -100.00
 111    57.323 55757.54285652 30.33 235.114322  64.482961 15.467 -100.00 -100.00 -100.00
 111    57.422 55757.54285711 30.75 235.120013  64.483896 15.653 -100.00 -100.00 -100.00
 111    57.652 55757.54285770 34.96 235.125704  64.484831 27.989 -100.00 -100.00 -100.00
 111    57.364 55757.54285829 35.42 235.131396  64.485766 30.814 -100.00 -100.00 -100.00
 111    57.425 55757.54285888 34.05 235.137088  64.486700 28.468 -100.00 -100.00 -100.00
 112   113.085 55767.45849748 15.46 235.118390  64.481515  9.632 -100.00 -100.00 -100.00
 112   116.502 55767.45849807 12.78 235.124080  64.482449  5.303 -100.00 -100.00 -100.00
 112   115.085 55767.45849866 13.63 235.129771  64.483384  6.081 -100.00 -100.00 -100.00
 112   106.999 55767.45849925 20.13 235.135462  64.484318 12.268 -100.00 -100.00 -100.00
 112   106.619 55767.45849984 21.97 235.141154  64.485253 15.189 -100.00 -100.00 -100.00
 113   132.160 55777.37413559 16.28 235.124757  64.479657  7.712 -100.00 -100.00 -100.00
 113    98.358 55777.37413618 23.31 235.130447  64.480591 12.981 -100.00 -100.00 -100.00
 113   132.988 55777.37413677 23.23 235.136138  64.481526 10.093 -100.00 -100.00 -100.00
 113   126.820 55777.37413736 14.87 235.141828  64.482460  9.946 -100.00 -100.00 -100.00
 113   129.321 55777.37413795 14.00 235.147520  64.483394  6.085 -100.00 -100.00 -100.00
 113   129.191 55777.37413854 15.48 235.153211  64.484328  9.691 -100.00 -100.00 -100.00
 113   129.241 55777.37413913 16.32 235.158904  64.485261  8.953 -100.00 -100.00 -100.00
 114   115.007 55787.28977048 10.72 235.124305  64.477865  5.889 -100.00 -100.00 -100.00
 114   109.358 55787.28977107 19.57 235.129994  64.478800 17.691 -100.00 -100.00 -100.00
 114   109.190 55787.28977166 23.52 235.135684  64.479734 10.160 -100.00 -100.00 -100.00
 114   108.237 55787.28977225 23.51 235.141375  64.480669 21.285 -100.00 -100.00 -100.00
 114   119.283 55787.28977284 12.04 235.147066  64.481603  7.099 -100.00 -100.00 -100.00
 114   118.032 55787.28977343 11.98 235.152757  64.482536  5.281 -100.00 -100.00 -100.00
 114   117.655 55787.28977402 14.46 235.158449  64.483470  7.901 -100.00 -100.00 -100.00
 115   113.998 55797.20540420 14.00 235.125341  64.478788  5.671 -100.00 -100.00 -100.00
 115   111.139 55797.20540479 27.06 235.131031  64.479722 29.112 -100.00 -100.00 -100.00
 115   111.040 55797.20540538 25.37 235.136722  64.480657 14.612 -100.00 -100.00 -100.00
 115   115.616 55797.20540597 15.62 235.142412  64.481591  7.182 -100.00 -100.00 -100.00
 115   115.549 55797.20540656 16.02 235.148103  64.482525  7.847 -100.00 -100.00 -100.00
 115   115.369 55797.20540715 17.53 235.153795  64.483459  8.828 -100.00 -100.00 -100.00
 115   108.913 55797.20540774 18.89 235.159487  64.484392 10.862 -100.00 -100.00 -100.00
 116   112.857 55807.12104661 21.95 235.121505  64.480264 10.524 -100.00 -100.00 -100.00
 116   113.702 55807.12104720 22.42 235.127196  64.481199 10.646 -100.00 -100.00 -100.00
 116   114.369 55807.12104779 22.66 235.132886  64.482134 10.472 -100.00 -100.00 -100.00
 116   114.845 55807.12104838 21.79 235.138577  64.483068  8.565 -100.00 -100.00 -100.00
 116   115.731 55807.12104897 20.97 235.144269  64.484003  8.334 -100.00 -100.00 -100.00
 116   127.526 55807.12104956 20.91 235.149961  64.484937  6.208 -100.00 -100.00 -100.00
 116   129.846 55807.12105015 20.55 235.155653  64.485870  6.348 -100.00 -100.00 -100.00
 118   128.073 55826.95234143  9.17 235.121721  64.480711  3.588 -100.00 -100.00 -100.00
 118   128.407 55826.95234202 11.34 235.127411  64.481646  6.118 -100.00 -100.00 -100.00
 118   128.799 55826.95234261 11.22 235.133103  64.482580  5.609 -100.00 -100.00 -100.00
 118   128.578 55826.95234320 14.13 235.138794  64.483515  9.009 -100.00 -100.00 -100.00
 118   129.037 55826.95234379 13.24 235.144486  64.484449  6.324 -100.00 -100.00 -100.00
 118   129.092 55826.95234438 15.71 235.150179  64.485383  9.368 -100.00 -100.00 -100.00
 119    55.479 55836.86798418 40.09 235.137380  64.481246  5.667 -100.00 -100.00 -100.00
 119    55.685 55836.86798477 38.54 235.143071  64.482181   -100 -100.00 -100.00 -100.00
 119    55.831 55836.86798536 37.10 235.148764  64.483115   -100 -100.00 -100.00 -100.00
 119    55.908 55836.86798595 36.53 235.154456  64.484049   -100 -100.00 -100.00 -100.00
 119    55.955 55836.86798654 36.21 235.160149  64.484982   -100 -100.00 -100.00 -100.00
 120    55.229 55846.78362182 44.13 235.134273  64.479407  7.706 -100.00 -100.00 -100.00
 120    55.297 55846.78362241 45.58 235.139964  64.480341 17.977 -100.00 -100.00 -100.00
 120    55.364 55846.78362300 45.67 235.145656  64.481275 14.672 -100.00 -100.00 -100.00
 120    55.440 55846.78362359 44.59 235.151348  64.482209 18.291 -100.00 -100.00 -100.00
 120    55.538 55846.78362418 46.81 235.157040  64.483143 15.930 -100.00 -100.00 -100.00
 120    55.653 55846.78362477 44.88 235.162733  64.484077  5.768 -100.00 -100.00 -100.00
 123   182.925 55876.53055171  1.79 235.115597  64.482528  4.565 -100.00 -100.00 -100.00
 123   183.363 55876.53055230  2.08 235.121288  64.483463  3.691 -100.00 -100.00 -100.00
 123   188.021 55876.53055289  2.82 235.126979  64.484398  4.887 -100.00 -100.00 -100.00
 123   190.372 55876.53055348  2.61 235.132671  64.485333  4.677 -100.00 -100.00 -100.00
 123   195.254 55876.53055407  3.07 235.138363  64.486268  4.353 -100.00 -100.00 -100.00
 133   118.798 55975.68698409 11.52 235.123895  64.479572  5.421 -100.00 -100.00 -100.00
 133   117.017 55975.68698468 11.45 235.129586  64.480507  6.023 -100.00 -100.00 -100.00
 133   116.170 55975.68698527 12.17 235.135278  64.481441  6.537 -100.00 -100.00 -100.00
 133   115.693 55975.68698586 11.72 235.140969  64.482375  5.778 -100.00 -100.00 -100.00
 133   115.362 55975.68698645 12.65 235.146662  64.483309  8.378 -100.00 -100.00 -100.00
 133   116.212 55975.68698704 11.66 235.152355  64.484243  6.035 -100.00 -100.00 -100.00
 133   116.762 55975.68698763 11.45 235.158048  64.485177  5.693 -100.00 -100.00 -100.00
 134   114.292 55985.60262001 12.52 235.119682  64.480558  5.757 -100.00 -100.00 -100.00
 134   116.201 55985.60262060 12.62 235.125372  64.481493  6.128 -100.00 -100.00 -100.00
 134   114.034 55985.60262119 13.06 235.131064  64.482427  6.357 -100.00 -100.00 -100.00
 134   115.829 55985.60262178 12.58 235.136756  64.483362  6.198 -100.00 -100.00 -100.00
 134   115.016 55985.60262237 12.27 235.142448  64.484296  6.248 -100.00 -100.00 -100.00
 134   115.885 55985.60262296 12.88 235.148140  64.485230  6.683 -100.00 -100.00 -100.00
 134   116.244 55985.60262355 13.20 235.153833  64.486164  7.959 -100.00 -100.00 -100.00
 135   119.059 55995.51825518 12.59 235.119571  64.481001  7.505 -100.00 -100.00 -100.00
 135   116.606 55995.51825577 12.85 235.125262  64.481936  7.198 -100.00 -100.00 -100.00
 135   114.907 55995.51825636 13.62 235.130953  64.482871  8.644 -100.00 -100.00 -100.00
 135   115.272 55995.51825695 12.99 235.136644  64.483806  7.885 -100.00 -100.00 -100.00
 135   115.747 55995.51825754 12.67 235.142336  64.484740  6.910 -100.00 -100.00 -100.00
 135   116.047 55995.51825813 12.99 235.148028  64.485674  7.744 -100.00 -100.00 -100.00
 136   117.968 56005.43390693 12.06 235.118882  64.480257  6.397 -100.00 -100.00 -100.00
 136   118.611 56005.43390753 12.19 235.124573  64.481192  6.885 -100.00 -100.00 -100.00
 136   115.498 56005.43390812 12.31 235.130264  64.482127  5.882 -100.00 -100.00 -100.00
 136   115.452 56005.43390871 12.03 235.135955  64.483062  6.637 -100.00 -100.00 -100.00
 136   115.633 56005.43390930 12.10 235.141646  64.483996  6.456 -100.00 -100.00 -100.00
 136   116.458 56005.43390989 11.95 235.147338  64.484930  6.193 -100.00 -100.00 -100.00
 136   116.173 56005.43391048 12.24 235.153030  64.485864  6.836 -100.00 -100.00 -100.00
 137   115.346 56015.34955513 12.18 235.122600  64.479238  6.489 -100.00 -100.00 -100.00
 137   117.672 56015.34955572 12.06 235.128290  64.480172  6.203 -100.00 -100.00 -100.00
 137   115.206 56015.34955631 12.74 235.133981  64.481107  6.989 -100.00 -100.00 -100.00
 137   115.511 56015.34955690 12.21 235.139672  64.482041  6.560 -100.00 -100.00 -100.00
 137   115.344 56015.34955749 12.09 235.145363  64.482975  6.602 -100.00 -100.00 -100.00
 137   116.113 56015.34955808 11.89 235.151055  64.483909  6.162 -100.00 -100.00 -100.00
 137   116.628 56015.34955867 12.62 235.156747  64.484843  7.402 -100.00 -100.00 -100.00
 139   116.282 56035.18084317 12.30 235.121474  64.480364  6.071 -100.00 -100.00 -100.00
 139   115.866 56035.18084376 11.70 235.127164  64.481298  5.405 -100.00 -100.00 -100.00
 139   115.899 56035.18084435 12.72 235.132855  64.482233  7.240 -100.00 -100.00 -100.00
 139   115.885 56035.18084494 11.55 235.138546  64.483167  5.578 -100.00 -100.00 -100.00
 139   115.410 56035.18084553 11.87 235.144238  64.484101  6.007 -100.00 -100.00 -100.00
 139   116.734 56035.18084612 11.71 235.149930  64.485034  5.938 -100.00 -100.00 -100.00
 139   116.473 56035.18084671 12.84 235.155622  64.485968  8.268 -100.00 -100.00 -100.00
 143   118.540 56074.84340158 23.68 235.119319  64.482123 19.907 -100.00 -100.00 -100.00
 143   118.311 56074.84340217 26.03 235.125010  64.483058 26.837 -100.00 -100.00 -100.00
 143   121.395 56074.84340276 28.29 235.130701  64.483993   -100 -100.00 -100.00 -100.00
 143   128.794 56074.84340335 16.70 235.136393  64.484928  5.979 -100.00 -100.00 -100.00
 143   129.056 56074.84340394 19.92 235.142085  64.485862 10.258 -100.00 -100.00 -100.00
 144    58.492 56084.75905245 49.00 235.132226  64.484321   -100 -100.00 -100.00 -100.00
 144    58.524 56084.75905304 47.79 235.137918  64.485256   -100 -100.00 -100.00 -100.00
 145    60.896 56094.67469830 34.37 235.119595  64.482564 20.089 -100.00 -100.00 -100.00
 145    61.035 56094.67469889 34.46 235.125286  64.483499 19.696 -100.00 -100.00 -100.00
 145    61.101 56094.67469948 34.03 235.130977  64.484433 19.169 -100.00 -100.00 -100.00
 145    61.171 56094.67470007 35.01 235.136669  64.485368 23.312 -100.00 -100.00 -100.00
 145    61.276 56094.67470067 33.09 235.142361  64.486302 18.590 -100.00 -100.00 -100.00
 146   133.831 56104.59034276 11.49 235.114268  64.481980  3.761 -100.00 -100.00 -100.00
 146   134.382 56104.59034335 18.83 235.119959  64.482915  9.428 -100.00 -100.00 -100.00
 146   134.083 56104.59034394 20.18 235.125650  64.483850  7.585 -100.00 -100.00 -100.00
 146   129.976 56104.59034453 23.14 235.131341  64.484785 13.069 -100.00 -100.00 -100.00
 146   129.381 56104.59034512 11.87 235.137033  64.485719  5.849 -100.00 -100.00 -100.00
 147   100.412 56114.50597381 19.34 235.120370  64.482221  8.094 -100.00 -100.00 -100.00
 147   103.994 56114.50597440 23.47 235.126060  64.483156 10.836 -100.00 -100.00 -100.00
 147   108.360 56114.50597499 27.41 235.131752  64.484091 29.450 -100.00 -100.00 -100.00
 147   115.422 56114.50597558 12.46 235.137443  64.485025  7.600 -100.00 -100.00 -100.00
 147   116.641 56114.50597617 12.32 235.143135  64.485959  7.706 -100.00 -100.00 -100.00
 148   110.222 56124.42161188 14.43 235.119377  64.480635  7.339 -100.00 -100.00 -100.00
 148   125.178 56124.42161247 13.22 235.125067  64.481570  7.105 -100.00 -100.00 -100.00
 148   124.374 56124.42161306 13.58 235.130757  64.482505  7.219 -100.00 -100.00 -100.00
 148   114.326 56124.42161365 13.27 235.136448  64.483439  7.176 -100.00 -100.00 -100.00
 148   114.405 56124.42161424 14.85 235.142140  64.484373  9.446 -100.00 -100.00 -100.00
 148   116.185 56124.42161483 13.18 235.147831  64.485307  5.962 -100.00 -100.00 -100.00
 149   111.598 56134.33724663 20.78 235.125201  64.479629 13.492 -100.00 -100.00 -100.00
 149   109.732 56134.33724722 24.75 235.130891  64.480563  9.744 -100.00 -100.00 -100.00
 149   114.920 56134.33724781 21.77 235.136581  64.481498 14.342 -100.00 -100.00 -100.00
 149   116.300 56134.33724840 17.14 235.142272  64.482432  7.500 -100.00 -100.00 -100.00
 149   116.629 56134.33724899 17.70 235.147963  64.483366  9.298 -100.00 -100.00 -100.00
 149   117.462 56134.33724958 15.82 235.153655  64.484300  5.553 -100.00 -100.00 -100.00
 149   117.590 56134.33725017 17.48 235.159347  64.485233  8.319 -100.00 -100.00 -100.00
 150   114.454 56144.25288674 14.03 235.126114  64.479122  8.613 -100.00 -100.00 -100.00
 150   115.158 56144.25288733 14.53 235.131803  64.480057  8.626 -100.00 -100.00 -100.00
 150   115.888 56144.25288792 14.70 235.137494  64.480991  8.502 -100.00 -100.00 -100.00
 150   116.149 56144.25288851 14.74 235.143184  64.481925  8.505 -100.00 -100.00 -100.00
 150   117.128 56144.25288910 15.67 235.148875  64.482859  7.676 -100.00 -100.00 -100.00
 150   117.985 56144.25288969 16.08 235.154567  64.483793  7.992 -100.00 -100.00 -100.00
 150   118.122 56144.25289028 17.51 235.160259  64.484727 10.983 -100.00 -100.00 -100.00
 151   130.975 56154.16853699 14.10 235.124843  64.479922  6.957 -100.00 -100.00 -100.00
 151   127.224 56154.16853758 16.31 235.130533  64.480856  7.986 -100.00 -100.00 -100.00
 151   130.345 56154.16853817 17.34 235.136224  64.481791 14.930 -100.00 -100.00 -100.00
 151   129.068 56154.16853876 13.45 235.141915  64.482725 14.570 -100.00 -100.00 -100.00
 151   128.797 56154.16853935 13.49 235.147606  64.483659 16.357 -100.00 -100.00 -100.00
 151   129.212 56154.16853994 11.74 235.153298  64.484592 10.936 -100.00 -100.00 -100.00
 152   101.041 56164.08418569 17.43 235.119779  64.480658 10.108 -100.00 -100.00 -100.00
 152   100.139 56164.08418628 19.17 235.125469  64.481593 13.800 -100.00 -100.00 -100.00
 152   114.770 56164.08418687 10.86 235.131160  64.482527  4.681 -100.00 -100.00 -100.00
 152   113.706 56164.08418746 15.27 235.136851  64.483462 11.676 -100.00 -100.00 -100.00
 152   107.785 56164.08418805 16.66 235.142543  64.484396 10.134 -100.00 -100.00 -100.00
 152   102.480 56164.08418865 20.22 235.148235  64.485330 19.433 -100.00 -100.00 -100.00
 153   121.736 56173.99983300 16.76 235.122061  64.481861 12.674 -100.00 -100.00 -100.00
 153   121.007 56173.99983360 19.07 235.127752  64.482796 14.034 -100.00 -100.00 -100.00
 153   120.911 56173.99983419 19.05 235.133443  64.483730 14.484 -100.00 -100.00 -100.00
 153   128.868 56173.99983478 15.24 235.139135  64.484665 10.303 -100.00 -100.00 -100.00
 153   129.020 56173.99983537 15.52 235.144827  64.485599 11.051 -100.00 -100.00 -100.00
 155   132.519 56193.83111282  8.90 235.121432  64.479889  3.483 -100.00 -100.00 -100.00
 155   132.500 56193.83111341 12.32 235.127123  64.480824  6.556 -100.00 -100.00 -100.00
 155   128.653 56193.83111400 10.09 235.132815  64.481759  3.843 -100.00 -100.00 -100.00
 155   129.283 56193.83111459 11.82 235.138506  64.482693  6.072 -100.00 -100.00 -100.00
 155   129.422 56193.83111518 12.93 235.144198  64.483627  6.617 -100.00 -100.00 -100.00
 155   129.398 56193.83111577 13.31 235.149891  64.484561  6.856 -100.00 -100.00 -100.00
 155   129.431 56193.83111636 16.21 235.155584  64.485495  9.557 -100.00 -100.00 -100.00
 156   120.597 56203.74674827 16.00 235.123458  64.479620 11.851 -100.00 -100.00 -100.00
 156   123.444 56203.74674886 18.62 235.129149  64.480555 12.344 -100.00 -100.00 -100.00
 156   123.329 56203.74674945 18.36 235.134840  64.481490 11.329 -100.00 -100.00 -100.00
 156   128.391 56203.74675004 14.05 235.140532  64.482424  8.299 -100.00 -100.00 -100.00
 156   128.970 56203.74675063 14.33 235.146224  64.483358  8.218 -100.00 -100.00 -100.00
 156   128.895 56203.74675122 17.09 235.151916  64.484292 11.457 -100.00 -100.00 -100.00
 156   129.216 56203.74675181 15.51 235.157609  64.485226  8.669 -100.00 -100.00 -100.00
 157   111.794 56213.66238172 23.77 235.120988  64.479969 17.688 -100.00 -100.00 -100.00
 157   114.217 56213.66238231 21.43 235.126678  64.480904  9.729 -100.00 -100.00 -100.00
 157   114.862 56213.66238290 21.19 235.132370  64.481839 11.863 -100.00 -100.00 -100.00
 157   124.572 56213.66238349 23.52 235.138061  64.482773 12.001 -100.00 -100.00 -100.00
 157   114.597 56213.66238408 28.35 235.143753  64.483708 20.408 -100.00 -100.00 -100.00
 157   125.453 56213.66238467 24.63 235.149446  64.484642 13.594 -100.00 -100.00 -100.00
 157   117.436 56213.66238527 27.15 235.155138  64.485576 16.000 -100.00 -100.00 -100.00
 161   124.489 56253.32497075 16.68 235.114240  64.482180  5.903 -100.00 -100.00 -100.00
 161   124.927 56253.32497134 17.77 235.119931  64.483115  7.468 -100.00 -100.00 -100.00
 161   125.736 56253.32497193 18.84 235.125622  64.484050  8.331 -100.00 -100.00 -100.00
 161   125.896 56253.32497252 18.11 235.131313  64.484985  6.645 -100.00 -100.00 -100.00
 161   126.209 56253.32497312 19.66 235.137005  64.485919  9.008 -100.00 -100.00 -100.00
 162   124.937 56263.24061419 16.11 235.118559  64.482567  6.794 -100.00 -100.00 -100.00
 162   125.303 56263.24061478 16.41 235.124250  64.483502  5.864 -100.00 -100.00 -100.00
 162   125.725 56263.24061537 16.41 235.129942  64.484437  7.549 -100.00 -100.00 -100.00
 162   125.828 56263.24061596 18.79 235.135633  64.485371  9.853 -100.00 -100.00 -100.00
 162   126.262 56263.24061655 21.37 235.141326  64.486305 15.699 -100.00 -100.00 -100.00
 164   122.885 56283.07189838 14.63 235.118338  64.482286  5.796 -100.00 -100.00 -100.00
 164   123.684 56283.07189898 15.31 235.124030  64.483221  6.687 -100.00 -100.00 -100.00
 164   125.537 56283.07189957 14.38 235.129721  64.484156  5.368 -100.00 -100.00 -100.00
 164   125.396 56283.07190016 14.84 235.135413  64.485090  5.550 -100.00 -100.00 -100.00
 164   124.867 56283.07190075 14.53 235.141106  64.486025  5.950 -100.00 -100.00 -100.00
 165   118.134 56292.98755015 12.90 235.118947  64.481799  5.191 -100.00 -100.00 -100.00
 165   117.025 56292.98755074 13.74 235.124638  64.482734  7.003 -100.00 -100.00 -100.00
 165   115.596 56292.98755133 13.43 235.130330  64.483668  6.942 -100.00 -100.00 -100.00
 165   115.506 56292.98755192 12.97 235.136022  64.484603  6.151 -100.00 -100.00 -100.00
 165   124.510 56292.98755251 13.38 235.141715  64.485537  6.270 -100.00 -100.00 -100.00
 166   117.640 56302.90319741 13.12 235.119471  64.480601  5.816 -100.00 -100.00 -100.00
 166   113.712 56302.90319800 13.87 235.125162  64.481536  7.899 -100.00 -100.00 -100.00
 166   116.836 56302.90319860 13.77 235.130854  64.482471  8.025 -100.00 -100.00 -100.00
 166   115.802 56302.90319919 13.00 235.136546  64.483405  6.555 -100.00 -100.00 -100.00
 166   124.848 56302.90319978 12.88 235.142238  64.484339  6.697 -100.00 -100.00 -100.00
 166   115.971 56302.90320037 13.60 235.147931  64.485273  7.662 -100.00 -100.00 -100.00
 167   115.060 56312.81884089 13.18 235.123468  64.480384  6.457 -100.00 -100.00 -100.00
 167   117.376 56312.81884148 13.04 235.129160  64.481318  5.821 -100.00 -100.00 -100.00
 167   124.755 56312.81884207 12.59 235.134852  64.482253  5.387 -100.00 -100.00 -100.00
 167   125.416 56312.81884266 11.62 235.140544  64.483187  4.596 -100.00 -100.00 -100.00
 167   115.768 56312.81884325 12.35 235.146237  64.484121  5.843 -100.00 -100.00 -100.00
 167   124.652 56312.81884384 11.22 235.151930  64.485054  4.900 -100.00 -100.00 -100.00
 168   119.082 56322.73448152 12.66 235.120242  64.480082  5.293 -100.00 -100.00 -100.00
 168   117.671 56322.73448211 13.14 235.125934  64.481016  6.177 -100.00 -100.00 -100.00
 168   116.073 56322.73448270 12.95 235.131625  64.481951  6.518 -100.00 -100.00 -100.00
 168   116.136 56322.73448329 12.51 235.137318  64.482885  5.546 -100.00 -100.00 -100.00
 168   125.167 56322.73448388 12.71 235.143010  64.483819  6.717 -100.00 -100.00 -100.00
 168   115.710 56322.73448447 13.60 235.148703  64.484753  6.710 -100.00 -100.00 -100.00
 168   117.349 56322.73448506 12.64 235.154397  64.485686  6.311 -100.00 -100.00 -100.00
 169   114.866 56332.65012207 13.48 235.121744  64.481247  6.344 -100.00 -100.00 -100.00
 169   116.822 56332.65012266 12.75 235.127435  64.482181  6.006 -100.00 -100.00 -100.00
 169   116.052 56332.65012325 12.53 235.133127  64.483116  5.950 -100.00 -100.00 -100.00
 169   116.075 56332.65012384 12.72 235.138819  64.484050  6.438 -100.00 -100.00 -100.00
 169   116.182 56332.65012443 12.32 235.144512  64.484984  5.815 -100.00 -100.00 -100.00
 169   117.097 56332.65012503 12.53 235.150205  64.485918  6.142 -100.00 -100.00 -100.00
 170   119.523 56342.56576144 11.19 235.116897  64.480747  5.394 -100.00 -100.00 -100.00
 170   115.736 56342.56576203 12.82 235.122588  64.481682  6.271 -100.00 -100.00 -100.00
 170   116.457 56342.56576262 12.36 235.128279  64.482617  7.327 -100.00 -100.00 -100.00
 170   125.045 56342.56576321 11.48 235.133971  64.483551  5.347 -100.00 -100.00 -100.00
 170   125.057 56342.56576380 11.78 235.139663  64.484486  6.313 -100.00 -100.00 -100.00
 170   116.501 56342.56576439 11.51 235.145355  64.485420  5.838 -100.00 -100.00 -100.00
 171   123.737 56352.48139912 11.30 235.118597  64.480375  5.503 -100.00 -100.00 -100.00
 171   117.773 56352.48139971 10.74 235.124287  64.481310  5.903 -100.00 -100.00 -100.00
 171   117.019 56352.48140030 11.65 235.129978  64.482245  6.377 -100.00 -100.00 -100.00
 171   116.552 56352.48140089 10.81 235.135669  64.483179  6.227 -100.00 -100.00 -100.00
 171   115.950 56352.48140148 11.61 235.141361  64.484114  6.762 -100.00 -100.00 -100.00
 171   116.007 56352.48140207 11.50 235.147053  64.485048  6.612 -100.00 -100.00 -100.00
 171   124.772 56352.48140266 10.43 235.152746  64.485982  5.579 -100.00 -100.00 -100.00
 172   117.285 56362.39704053 10.98 235.122414  64.480051  5.576 -100.00 -100.00 -100.00
 172   117.733 56362.39704112 10.56 235.128105  64.480986  5.421 -100.00 -100.00 -100.00
 172   116.113 56362.39704171 11.09 235.133795  64.481921  5.736 -100.00 -100.00 -100.00
 172   115.403 56362.39704230 11.20 235.139487  64.482855  5.770 -100.00 -100.00 -100.00
 172   124.937 56362.39704290 10.95 235.145178  64.483789  5.958 -100.00 -100.00 -100.00
 172   124.763 56362.39704349 11.14 235.150870  64.484723  5.996 -100.00 -100.00 -100.00
 172   116.591 56362.39704408 10.34 235.156563  64.485657  6.296 -100.00 -100.00 -100.00
 173   118.765 56372.31268992 11.36 235.124372  64.480552  6.445 -100.00 -100.00 -100.00
 173   117.236 56372.31269051 11.34 235.130063  64.481487  5.981 -100.00 -100.00 -100.00
 173   116.239 56372.31269110 11.44 235.135753  64.482421  6.206 -100.00 -100.00 -100.00
 173   115.524 56372.31269169 12.20 235.141445  64.483355  7.579 -100.00 -100.00 -100.00
 173   124.565 56372.31269228 11.24 235.147137  64.484289  6.253 -100.00 -100.00 -100.00
 173   116.791 56372.31269288 10.40 235.152829  64.485223  4.922 -100.00 -100.00 -100.00
 175   124.936 56392.14398051  8.81 235.118486  64.482618  5.656 -100.00 -100.00 -100.00
 175   116.249 56392.14398110  9.18 235.124177  64.483553  5.442 -100.00 -100.00 -100.00
 175   115.594 56392.14398169  9.43 235.129869  64.484488  6.414 -100.00 -100.00 -100.00
 175   115.678 56392.14398228  9.23 235.135560  64.485422  5.612 -100.00 -100.00 -100.00
 175   115.179 56392.14398287  9.21 235.141253  64.486356  6.453 -100.00 -100.00 -100.00
 176   118.980 56402.05962282  9.03 235.112831  64.482582  5.172 -100.00 -100.00 -100.00
 176   117.142 56402.05962341 10.08 235.118522  64.483517  5.138 -100.00 -100.00 -100.00
 176   116.152 56402.05962400 10.73 235.124213  64.484452  6.961 -100.00 -100.00 -100.00
 176   116.405 56402.05962459 10.63 235.129905  64.485386  5.919 -100.00 -100.00 -100.00
 176   115.564 56402.05962518 10.05 235.135597  64.486321  6.460 -100.00 -100.00 -100.00
 177   117.588 56411.97526295  8.07 235.113774  64.482679  4.702 -100.00 -100.00 -100.00
 177   113.713 56411.97526354  9.28 235.119465  64.483614  6.009 -100.00 -100.00 -100.00
 177   114.651 56411.97526413  9.05 235.125157  64.484549  5.511 -100.00 -100.00 -100.00
 177   115.464 56411.97526472  8.88 235.130849  64.485484  5.659 -100.00 -100.00 -100.00
 177   115.740 56411.97526531  8.51 235.136541  64.486418  5.534 -100.00 -100.00 -100.00
 178    56.772 56421.89089843 32.60 235.118660  64.482502  8.045 -100.00 -100.00 -100.00
 178    56.810 56421.89089902 29.58 235.124351  64.483437   -100 -100.00 -100.00 -100.00
 178    56.826 56421.89089961 27.40 235.130043  64.484372   -100 -100.00 -100.00 -100.00
 178    56.988 56421.89090021 26.80 235.135735  64.485307   -100 -100.00 -100.00 -100.00
 178    57.243 56421.89090080 28.31 235.141427  64.486241 31.623 -100.00 -100.00 -100.00
 179   128.904 56431.80654052 18.24 235.135327  64.484902  5.602 -100.00 -100.00 -100.00
 179   129.140 56431.80654111 18.56 235.141019  64.485836  4.940 -100.00 -100.00 -100.00
 180   127.520 56441.72219142 13.14 235.117380  64.482799  4.117 -100.00 -100.00 -100.00
 180   127.962 56441.72219201 14.12 235.123071  64.483734  4.942 -100.00 -100.00 -100.00
 180   128.605 56441.72219260 14.59 235.128763  64.484668  5.862 -100.00 -100.00 -100.00
 180   128.930 56441.72219319 16.59 235.134455  64.485603  7.183 -100.00 -100.00 -100.00
 180   129.145 56441.72219378 19.88 235.140148  64.486537 13.667 -100.00 -100.00 -100.00
 181    60.539 56451.63784221 34.75 235.123168  64.484333 17.757 -100.00 -100.00 -100.00
 181    60.290 56451.63784280 37.19 235.128859  64.485268 21.017 -100.00 -100.00 -100.00
 181    60.610 56451.63784339 39.71 235.134551  64.486202 28.159 -100.00 -100.00 -100.00
 182   128.536 56461.55349027 11.01 235.126682  64.484231  4.596 -100.00 -100.00 -100.00
 182   128.997 56461.55349086 13.52 235.132374  64.485165  6.636 -100.00 -100.00 -100.00
 182   129.070 56461.55349145 14.07 235.138066  64.486099  8.115 -100.00 -100.00 -100.00
 183   102.958 56471.46913358 22.33 235.116909  64.481020 15.875 -100.00 -100.00 -100.00
 183   104.763 56471.46913417 21.85 235.122600  64.481955  8.750 -100.00 -100.00 -100.00
 183   108.161 56471.46913476 25.91 235.128291  64.482890 13.201 -100.00 -100.00 -100.00
 183   106.566 56471.46913535 23.79 235.133982  64.483824 25.200 -100.00 -100.00 -100.00
 183   116.869 56471.46913594 13.10 235.139674  64.484758  6.675 -100.00 -100.00 -100.00
 183   120.132 56471.46913653 12.25 235.145366  64.485692  6.152 -100.00 -100.00 -100.00
 184   104.255 56481.38477507 24.77 235.123770  64.480581 13.089 -100.00 -100.00 -100.00
 184   106.286 56481.38477566 23.73 235.129461  64.481515 10.228 -100.00 -100.00 -100.00
 184   107.778 56481.38477625 28.74 235.135152  64.482449 21.572 -100.00 -100.00 -100.00
 184   115.924 56481.38477684 16.90 235.140843  64.483383 11.003 -100.00 -100.00 -100.00
 184   116.740 56481.38477743 17.41 235.146535  64.484317 14.825 -100.00 -100.00 -100.00
 184   117.393 56481.38477802 18.64 235.152227  64.485251 18.078 -100.00 -100.00 -100.00
 185   110.576 56491.30041203 17.55 235.122709  64.479939  8.479 -100.00 -100.00 -100.00
 185   110.111 56491.30041262 22.90 235.128399  64.480873  9.144 -100.00 -100.00 -100.00
 185   109.426 56491.30041321 19.52 235.134089  64.481808 13.727 -100.00 -100.00 -100.00
 185   115.240 56491.30041380 14.03 235.139780  64.482742  9.704 -100.00 -100.00 -100.00
 185   115.731 56491.30041439 13.42 235.145472  64.483676  7.572 -100.00 -100.00 -100.00
 185   121.301 56491.30041498 11.31 235.151163  64.484609  4.315 -100.00 -100.00 -100.00
 185   105.310 56491.30041557 21.81 235.156856  64.485543 19.251 -100.00 -100.00 -100.00
 187   110.583 56511.13168002 25.87 235.123643  64.481046   -100 -100.00 -100.00 -100.00
 187   111.146 56511.13168061 25.04 235.129333  64.481980 10.211 -100.00 -100.00 -100.00
 187   110.355 56511.13168120 26.98 235.135024  64.482915 11.075 -100.00 -100.00 -100.00
 187   115.841 56511.13168179 17.74 235.140715  64.483849 12.636 -100.00 -100.00 -100.00
 187   115.959 56511.13168238 19.29 235.146407  64.484783 17.030 -100.00 -100.00 -100.00
 187   116.897 56511.13168297 18.04 235.152099  64.485717 15.591 -100.00 -100.00 -100.00
 188   132.567 56521.04732470 18.60 235.121129  64.480801  6.276 -100.00 -100.00 -100.00
 188   128.140 56521.04732529 19.53 235.126820  64.481736  7.834 -100.00 -100.00 -100.00
 188   131.081 56521.04732588 22.47 235.132511  64.482671 26.267 -100.00 -100.00 -100.00
 188   130.192 56521.04732647  9.96 235.138202  64.483606  5.921 -100.00 -100.00 -100.00
 188   129.505 56521.04732706 13.17 235.143894  64.484540  9.803 -100.00 -100.00 -100.00
 188   129.324 56521.04732765 16.66 235.149586  64.485474 13.302 -100.00 -100.00 -100.00
 189    58.689 56530.96297954 20.53 235.137023  64.483210  8.405 -100.00 -100.00 -100.00
 189    57.400 56530.96298013 23.06 235.142714  64.484145 13.086 -100.00 -100.00 -100.00
 189    57.567 56530.96298072 21.55 235.148407  64.485079 10.954 -100.00 -100.00 -100.00
 189    57.665 56530.96298131 19.73 235.154099  64.486013  9.039 -100.00 -100.00 -100.00
 191    55.969 56550.79427410 28.37 235.138018  64.483218 27.945 -100.00 -100.00 -100.00
 191    56.019 56550.79427469 30.42 235.143711  64.484152   -100 -100.00 -100.00 -100.00
 191    56.090 56550.79427528 28.03 235.149403  64.485086 29.276 -100.00 -100.00 -100.00
 191    55.978 56550.79427587 27.73 235.155096  64.486019 32.225 -100.00 -100.00 -100.00
 192    55.678 56560.70991580 44.24 235.126500  64.482943  9.975 -100.00 -100.00 -100.00
 192    55.675 56560.70991639 41.79 235.132192  64.483877   -100 -100.00 -100.00 -100.00
 192    55.715 56560.70991698 39.12 235.137884  64.484812   -100 -100.00 -100.00 -100.00
 192    55.692 56560.70991757 39.69 235.143577  64.485746   -100 -100.00 -100.00 -100.00
 193    55.673 56570.62555630 39.48 235.113771  64.482622   -100 -100.00 -100.00 -100.00
 193    55.796 56570.62555689 39.85 235.119462  64.483557   -100 -100.00 -100.00 -100.00
 193    55.837 56570.62555748 40.59 235.125153  64.484492   -100 -100.00 -100.00 -100.00
 193    55.676 56570.62555808 41.52 235.130846  64.485427   -100 -100.00 -100.00 -100.00
 193    55.818 56570.62555867 44.00 235.136538  64.486361  2.003 -100.00 -100.00 -100.00
 198   297.018 56620.20377567  0.65 235.115526  64.482417  5.418 -100.00 -100.00 -100.00
 198   292.836 56620.20377626  3.90 235.121217  64.483352 11.113 -100.00 -100.00 -100.00
 198   289.773 56620.20377685  0.18 235.126908  64.484287  5.539 -100.00 -100.00 -100.00
 198   282.336 56620.20377803  0.13 235.138292  64.486156  5.664 -100.00 -100.00 -100.00
 199   113.303 56630.11941831 19.88 235.116424  64.483329  7.327 -100.00 -100.00 -100.00
 199   113.351 56630.11941890 20.61 235.122115  64.484264  8.878 -100.00 -100.00 -100.00
 199   114.748 56630.11941949 20.53 235.127807  64.485199  8.180 -100.00 -100.00 -100.00
 199   116.069 56630.11942008 20.48 235.133499  64.486133  8.750 -100.00 -100.00 -100.00
 200   123.848 56640.03505735 16.56 235.117257  64.482485  5.848 -100.00 -100.00 -100.00
 200   114.013 56640.03505794 17.30 235.122949  64.483420  6.514 -100.00 -100.00 -100.00
 200   115.228 56640.03505853 17.17 235.128640  64.484355  6.927 -100.00 -100.00 -100.00
 200   116.034 56640.03505912 16.62 235.134333  64.485289  6.910 -100.00 -100.00 -100.00
 200   116.056 56640.03505972 17.83 235.140025  64.486224  7.568 -100.00 -100.00 -100.00
 201   113.819 56649.95070389 16.33 235.122479  64.481096  9.425 -100.00 -100.00 -100.00
 201   115.680 56649.95070448 14.96 235.128171  64.482031  7.052 -100.00 -100.00 -100.00
 201   116.437 56649.95070507 15.35 235.133863  64.482965  7.205 -100.00 -100.00 -100.00
 201   116.081 56649.95070566 15.41 235.139555  64.483900  8.425 -100.00 -100.00 -100.00
 201   116.495 56649.95070625 15.69 235.145247  64.484834  7.672 -100.00 -100.00 -100.00
 201   117.197 56649.95070684 15.41 235.150940  64.485768  7.201 -100.00 -100.00 -100.00
 202   117.163 56659.86635485 13.47 235.123902  64.479624  5.646 -100.00 -100.00 -100.00
 202   124.319 56659.86635544 13.32 235.129593  64.480559  5.632 -100.00 -100.00 -100.00
 202   117.506 56659.86635603 13.42 235.135285  64.481493  5.523 -100.00 -100.00 -100.00
 202   125.303 56659.86635662 13.25 235.140977  64.482428  5.820 -100.00 -100.00 -100.00
 202   124.407 56659.86635721 14.16 235.146670  64.483362  7.187 -100.00 -100.00 -100.00
 202   124.540 56659.86635780 13.27 235.152363  64.484295  5.998 -100.00 -100.00 -100.00
 202   117.128 56659.86635839 14.58 235.158056  64.485229  8.314 -100.00 -100.00 -100.00
 203   115.154 56669.78200188 13.68 235.121877  64.479422  6.483 -100.00 -100.00 -100.00
 203   116.635 56669.78200247 14.32 235.127569  64.480357  7.055 -100.00 -100.00 -100.00
 203   116.896 56669.78200306 13.67 235.133261  64.481292  6.146 -100.00 -100.00 -100.00
 203   115.801 56669.78200365 13.91 235.138953  64.482226  6.380 -100.00 -100.00 -100.00
 203   123.980 56669.78200424 13.97 235.144646  64.483160  6.808 -100.00 -100.00 -100.00
 203   117.200 56669.78200483 14.47 235.150339  64.484094  7.842 -100.00 -100.00 -100.00
 203   117.715 56669.78200542 13.07 235.156032  64.485027  5.529 -100.00 -100.00 -100.00
 205   117.202 56689.61328972 12.92 235.115950  64.482233  5.106 -100.00 -100.00 -100.00
 205   124.659 56689.61329031 13.64 235.121642  64.483168  5.676 -100.00 -100.00 -100.00
 205   115.389 56689.61329090 14.03 235.127333  64.484102  6.104 -100.00 -100.00 -100.00
 205   115.717 56689.61329149 14.20 235.133026  64.485037  6.680 -100.00 -100.00 -100.00
 205   116.293 56689.61329208 13.28 235.138719  64.485971  6.328 -100.00 -100.00 -100.00
 208   118.057 56719.36020641 12.29 235.122885  64.479680  5.961 -100.00 -100.00 -100.00
 208   117.707 56719.36020700 12.15 235.128576  64.480615  5.618 -100.00 -100.00 -100.00
 208   116.427 56719.36020759 12.10 235.134266  64.481550  5.535 -100.00 -100.00 -100.00
 208   124.646 56719.36020818 11.99 235.139958  64.482484  5.678 -100.00 -100.00 -100.00
 208   115.625 56719.36020877 12.45 235.145649  64.483418  6.010 -100.00 -100.00 -100.00
 208   116.678 56719.36020937 11.85 235.151341  64.484352  5.989 -100.00 -100.00 -100.00
 208   124.796 56719.36020996 11.09 235.157033  64.485286  5.227 -100.00 -100.00 -100.00
 209   116.596 56729.27585883 12.69 235.123171  64.480876  6.999 -100.00 -100.00 -100.00
 209   116.273 56729.27585942 12.63 235.128862  64.481811  5.949 -100.00 -100.00 -100.00
 209   125.254 56729.27586001 12.14 235.134553  64.482745  5.932 -100.00 -100.00 -100.00
 209   125.571 56729.27586060 12.10 235.140245  64.483679  6.098 -100.00 -100.00 -100.00
 209   125.677 56729.27586119 12.70 235.145936  64.484613  6.612 -100.00 -100.00 -100.00
 209   126.168 56729.27586178 11.65 235.151629  64.485547  5.242 -100.00 -100.00 -100.00
 211   117.389 56749.10715087 11.66 235.111064  64.483847  5.449 -100.00 -100.00 -100.00
 211   116.116 56749.10715146 11.12 235.116756  64.484782  5.148 -100.00 -100.00 -100.00
 211   114.968 56749.10715206 12.89 235.122447  64.485717  8.841 -100.00 -100.00 -100.00
 211   114.539 56749.10715265 12.53 235.128139  64.486651  7.323 -100.00 -100.00 -100.00
 211   116.308 56749.10715324 11.78 235.133832  64.487585  6.115 -100.00 -100.00 -100.00
 212   115.858 56759.02279075 12.16 235.111588  64.484057  6.600 -100.00 -100.00 -100.00
 212   115.734 56759.02279134 11.63 235.117279  64.484992  5.566 -100.00 -100.00 -100.00
 212   114.732 56759.02279194 12.25 235.122971  64.485927  6.358 -100.00 -100.00 -100.00
 212   114.942 56759.02279253 12.56 235.128663  64.486862  6.835 -100.00 -100.00 -100.00
 215   131.911 56788.76972924 24.49 235.120089  64.482455 10.623 -100.00 -100.00 -100.00
 215   135.205 56788.76972983 25.96 235.125781  64.483390  7.551 -100.00 -100.00 -100.00
 215    96.441 56788.76973042 28.00 235.131473  64.484324 30.183 -100.00 -100.00 -100.00
 215   127.511 56788.76973101 15.39 235.137165  64.485258  6.791 -100.00 -100.00 -100.00
 215   129.334 56788.76973160 19.03 235.142858  64.486192 10.102 -100.00 -100.00 -100.00
 216   127.900 56798.68538220 17.73 235.125989  64.484729  7.005 -100.00 -100.00 -100.00
 216   128.626 56798.68538279 17.50 235.131681  64.485663  6.068 -100.00 -100.00 -100.00
 216   129.064 56798.68538338 20.81 235.137374  64.486597 10.807 -100.00 -100.00 -100.00
 217   128.678 56808.60102742 20.37 235.115029  64.484083  8.155 -100.00 -100.00 -100.00
 217   128.064 56808.60102801 22.36 235.120721  64.485017 11.870 -100.00 -100.00 -100.00
 217   128.844 56808.60102860 16.09 235.126413  64.485952  6.703 -100.00 -100.00 -100.00
 217   129.234 56808.60102919 15.27 235.132105  64.486886  4.801 -100.00 -100.00 -100.00
 219   112.256 56828.43230495 24.69 235.117218  64.481270 12.679 -100.00 -100.00 -100.00
 219   112.208 56828.43230555 24.17 235.122909  64.482204  8.851 -100.00 -100.00 -100.00
 219   111.740 56828.43230614 29.04 235.128600  64.483139 13.334 -100.00 -100.00 -100.00
 219   108.580 56828.43230673 22.91 235.134291  64.484073 20.052 -100.00 -100.00 -100.00
 219   116.498 56828.43230732 19.14 235.139983  64.485007 18.286 -100.00 -100.00 -100.00
 220   101.465 56838.34793940 24.15 235.125876  64.479846 28.299 -100.00 -100.00 -100.00
 220   101.486 56838.34793999 23.85 235.131567  64.480781 19.536 -100.00 -100.00 -100.00
 220   101.146 56838.34794058 23.81 235.137257  64.481715 28.779 -100.00 -100.00 -100.00
 220   125.146 56838.34794118 16.70 235.142948  64.482649  9.958 -100.00 -100.00 -100.00
 220   125.613 56838.34794177 15.98 235.148640  64.483583  8.746 -100.00 -100.00 -100.00
 220   102.760 56838.34794236 24.11 235.154331  64.484516 29.210 -100.00 -100.00 -100.00
 221    59.175 56848.26357059 33.69 235.127681  64.479188 18.081 -100.00 -100.00 -100.00
 221    59.257 56848.26357118 33.84 235.133371  64.480122 18.402 -100.00 -100.00 -100.00
 221    59.399 56848.26357177 34.52 235.139061  64.481057 21.319 -100.00 -100.00 -100.00
 221    59.452 56848.26357236 33.37 235.144752  64.481991 16.999 -100.00 -100.00 -100.00
 221    59.208 56848.26357295 32.78 235.150443  64.482925 21.269 -100.00 -100.00 -100.00
 221    59.550 56848.26357354 32.36 235.156135  64.483858 16.817 -100.00 -100.00 -100.00
 222   108.250 56858.17922424 20.51 235.122768  64.480646  9.918 -100.00 -100.00 -100.00
 222   109.865 56858.17922483 22.17 235.128458  64.481581  8.908 -100.00 -100.00 -100.00
 222   108.717 56858.17922542 24.04 235.134149  64.482515 19.932 -100.00 -100.00 -100.00
 222   115.739 56858.17922601 10.61 235.139840  64.483449  5.962 -100.00 -100.00 -100.00
 222   116.351 56858.17922660 11.19 235.145531  64.484383  5.774 -100.00 -100.00 -100.00
 222   116.148 56858.17922719 14.56 235.151223  64.485317  8.266 -100.00 -100.00 -100.00
 223    56.159 56868.09487904 33.62 235.133049  64.484923 14.331 -100.00 -100.00 -100.00
 223    56.186 56868.09487963 32.36 235.138741  64.485858  2.401 -100.00 -100.00 -100.00
 224   128.585 56878.01052891 18.59 235.115505  64.482815  7.086 -100.00 -100.00 -100.00
 224   127.927 56878.01052950 20.86 235.121196  64.483750  7.459 -100.00 -100.00 -100.00
 224   127.045 56878.01053009 21.18 235.126888  64.484684 15.623 -100.00 -100.00 -100.00
 224   129.339 56878.01053068 12.21 235.132579  64.485619  5.192 -100.00 -100.00 -100.00
 224   129.865 56878.01053127 17.74 235.138272  64.486553 12.229 -100.00 -100.00 -100.00
 225    96.450 56887.92617771 22.88 235.120180  64.482635 11.631 -100.00 -100.00 -100.00
 225    99.497 56887.92617830 26.90 235.125871  64.483570 21.957 -100.00 -100.00 -100.00
 225   115.340 56887.92617889 14.51 235.131563  64.484504  6.539 -100.00 -100.00 -100.00
 225   116.277 56887.92617948 15.04 235.137255  64.485438  6.688 -100.00 -100.00 -100.00
 226    55.458 56897.84182516 42.08 235.138261  64.484239   -100 -100.00 -100.00 -100.00
 226    55.367 56897.84182575 43.88 235.143953  64.485173   -100 -100.00 -100.00 -100.00
 227    55.093 56907.75746779 44.50 235.134029  64.483967   -100 -100.00 -100.00 -100.00
 227    55.087 56907.75746838 42.07 235.139721  64.484901   -100 -100.00 -100.00 -100.00
 227    55.138 56907.75746897 42.76 235.145414  64.485835   -100 -100.00 -100.00 -100.00
 228   126.848 56917.67310718 18.81 235.117466  64.483367  6.879 -100.00 -100.00 -100.00
 228   126.625 56917.67310777 23.77 235.123158  64.484301 12.895 -100.00 -100.00 -100.00
 228   125.925 56917.67310837 21.10 235.128850  64.485236 19.998 -100.00 -100.00 -100.00
 228   128.785 56917.67310896 19.01 235.134542  64.486170 17.255 -100.00 -100.00 -100.00
 229   129.437 56927.58874599 19.90 235.114642  64.484921  6.556 -100.00 -100.00 -100.00
 229   128.621 56927.58874658 23.04 235.120334  64.485856 14.263 -100.00 -100.00 -100.00
 229   129.172 56927.58874717 14.51 235.126026  64.486790  6.752 -100.00 -100.00 -100.00
 229   129.206 56927.58874776 18.09 235.131718  64.487725 10.567 -100.00 -100.00 -100.00
 230   126.788 56937.50438045  9.95 235.109093  64.484079  3.426 -100.00 -100.00 -100.00
 230   127.381 56937.50438104 10.78 235.114784  64.485014  4.058 -100.00 -100.00 -100.00
 230   127.917 56937.50438163 12.86 235.120476  64.485949  7.004 -100.00 -100.00 -100.00
 230   128.318 56937.50438222 14.30 235.126167  64.486884  8.064 -100.00 -100.00 -100.00
 230   128.724 56937.50438281 16.69 235.131859  64.487819 11.544 -100.00 -100.00 -100.00
 234   124.341 56977.16695882 15.59 235.114902  64.481602  4.965 -100.00 -100.00 -100.00
 234   124.962 56977.16695941 16.45 235.120592  64.482537  6.059 -100.00 -100.00 -100.00
 234   112.645 56977.16696000 20.29 235.126283  64.483472 16.105 -100.00 -100.00 -100.00
 234   125.491 56977.16696059 15.32 235.131975  64.484406  5.784 -100.00 -100.00 -100.00
 234   124.806 56977.16696119 16.26 235.137667  64.485341  6.060 -100.00 -100.00 -100.00
 235   124.873 56987.08259915 15.09 235.118536  64.483197  5.040 -100.00 -100.00 -100.00
 235   125.493 56987.08259974 15.25 235.124227  64.484132  4.957 -100.00 -100.00 -100.00
 235   125.826 56987.08260033 15.22 235.129919  64.485066  5.605 -100.00 -100.00 -100.00
 235   125.273 56987.08260092 14.96 235.135611  64.486001  5.244 -100.00 -100.00 -100.00
 236   124.193 56996.99823314 14.58 235.119354  64.482462  7.148 -100.00 -100.00 -100.00
 236   124.968 56996.99823373 14.27 235.125045  64.483397  5.485 -100.00 -100.00 -100.00
 236   125.586 56996.99823432 13.83 235.130737  64.484332  4.885 -100.00 -100.00 -100.00
 236   125.750 56996.99823491 13.76 235.136429  64.485267  5.420 -100.00 -100.00 -100.00
 236   125.661 56996.99823550 14.35 235.142121  64.486201  6.472 -100.00 -100.00 -100.00
 237   124.684 57006.91387923 12.63 235.122023  64.480988  4.580 -100.00 -100.00 -100.00
 237   125.674 57006.91387982 12.86 235.127714  64.481923  4.801 -100.00 -100.00 -100.00
 237   125.362 57006.91388041 12.71 235.133406  64.482857  4.500 -100.00 -100.00 -100.00
 237   125.792 57006.91388100 13.02 235.139098  64.483792  4.831 -100.00 -100.00 -100.00
 237   126.398 57006.91388159 13.01 235.144790  64.484726  5.198 -100.00 -100.00 -100.00
 237   126.652 57006.91388218 12.61 235.150483  64.485660  4.401 -100.00 -100.00 -100.00
 238   124.897 57016.82953334 12.92 235.124103  64.479757  5.450 -100.00 -100.00 -100.00
 238   124.750 57016.82953393 12.94 235.129794  64.480692  4.644 -100.00 -100.00 -100.00
 238   125.797 57016.82953452 12.91 235.135485  64.481626  5.079 -100.00 -100.00 -100.00
 238   126.319 57016.82953511 12.90 235.141178  64.482561  4.649 -100.00 -100.00 -100.00
 238   126.281 57016.82953570 12.47 235.146870  64.483495  4.555 -100.00 -100.00 -100.00
 238   126.262 57016.82953629 12.70 235.152563  64.484428  4.966 -100.00 -100.00 -100.00
 238   126.019 57016.82953688 12.43 235.158256  64.485362  3.941 -100.00 -100.00 -100.00
 239   124.273 57026.74518362 12.59 235.123732  64.479730  5.906 -100.00 -100.00 -100.00
 239   125.335 57026.74518421 12.54 235.129423  64.480664  4.919 -100.00 -100.00 -100.00
 239   125.601 57026.74518480 12.11 235.135115  64.481599  4.582 -100.00 -100.00 -100.00
 239   125.718 57026.74518539 12.22 235.140807  64.482533  5.404 -100.00 -100.00 -100.00
 239   125.946 57026.74518598 12.70 235.146499  64.483467  5.705 -100.00 -100.00 -100.00
 239   126.378 57026.74518657 11.35 235.152192  64.484400  3.744 -100.00 -100.00 -100.00
 239   126.113 57026.74518716 11.64 235.157886  64.485334  4.577 -100.00 -100.00 -100.00
 240   119.426 57036.66083152 11.98 235.117529  64.480739  4.954 -100.00 -100.00 -100.00
 240   123.833 57036.66083211 12.16 235.123220  64.481674  4.896 -100.00 -100.00 -100.00
 240   124.996 57036.66083270 12.13 235.128912  64.482608  4.732 -100.00 -100.00 -100.00
 240   125.934 57036.66083329 12.17 235.134604  64.483543  5.220 -100.00 -100.00 -100.00
 240   124.432 57036.66083388 12.55 235.140297  64.484477  5.144 -100.00 -100.00 -100.00
 240   125.979 57036.66083447 11.44 235.145989  64.485411  4.542 -100.00 -100.00 -100.00
 241   118.208 57046.57647740 11.63 235.117185  64.482551  5.928 -100.00 -100.00 -100.00
 241   125.334 57046.57647799 10.84 235.122876  64.483485  5.292 -100.00 -100.00 -100.00
 241   124.309 57046.57647858 11.05 235.128568  64.484420  4.957 -100.00 -100.00 -100.00
 241   124.905 57046.57647917 10.64 235.134260  64.485354  4.965 -100.00 -100.00 -100.00
 241   125.585 57046.57647976 10.67 235.139953  64.486289  5.051 -100.00 -100.00 -100.00
 242   118.252 57056.49211946 10.97 235.115064  64.482554  4.973 -100.00 -100.00 -100.00
 242   119.270 57056.49212005 11.45 235.120755  64.483489  5.500 -100.00 -100.00 -100.00
 242   116.423 57056.49212064 11.70 235.126446  64.484424  5.949 -100.00 -100.00 -100.00
 242   125.091 57056.49212123 11.42 235.132138  64.485358  5.892 -100.00 -100.00 -100.00
 242   125.231 57056.49212182 10.81 235.137831  64.486293  5.535 -100.00 -100.00 -100.00
 243   124.092 57066.40775688 10.84 235.120789  64.481932  5.533 -100.00 -100.00 -100.00
 243   123.925 57066.40775747 11.02 235.126480  64.482867  5.543 -100.00 -100.00 -100.00
 243   124.515 57066.40775806 10.56 235.132171  64.483802  5.350 -100.00 -100.00 -100.00
 243   125.637 57066.40775865 10.62 235.137862  64.484736  5.913 -100.00 -100.00 -100.00
 243   125.121 57066.40775924 10.56 235.143554  64.485670  5.498 -100.00 -100.00 -100.00
 244   123.304 57076.32338931 10.26 235.120736  64.480614  5.319 -100.00 -100.00 -100.00
 244   116.901 57076.32338990 10.51 235.126427  64.481549  5.379 -100.00 -100.00 -100.00
 244   125.374 57076.32339049  9.35 235.132117  64.482484  4.496 -100.00 -100.00 -100.00
 244   125.472 57076.32339108  9.76 235.137809  64.483418  4.670 -100.00 -100.00 -100.00
 244   125.367 57076.32339167  9.96 235.143500  64.484352  5.238 -100.00 -100.00 -100.00
 244   125.238 57076.32339226  9.02 235.149192  64.485286  3.848 -100.00 -100.00 -100.00
 244   117.053 57076.32339286 10.13 235.154885  64.486220  6.162 -100.00 -100.00 -100.00
 245   124.354 57086.23901871  9.41 235.119359  64.480056  5.066 -100.00 -100.00 -100.00
 245   118.604 57086.23901930  9.90 235.125049  64.480991  5.426 -100.00 -100.00 -100.00
 245   125.581 57086.23901989  9.22 235.130740  64.481926  5.063 -100.00 -100.00 -100.00
 245   125.032 57086.23902048  9.31 235.136431  64.482861  4.438 -100.00 -100.00 -100.00
 245   125.474 57086.23902107  8.73 235.142122  64.483795  4.391 -100.00 -100.00 -100.00
 245   125.297 57086.23902166  8.15 235.147814  64.484729  3.720 -100.00 -100.00 -100.00
 245   125.160 57086.23902225  8.12 235.153506  64.485663  4.128 -100.00 -100.00 -100.00
 246   123.711 57096.15467665  8.96 235.114485  64.481985  4.542 -100.00 -100.00 -100.00
 246   119.206 57096.15467724  9.30 235.120175  64.482920  5.105 -100.00 -100.00 -100.00
 246   116.316 57096.15467783  9.76 235.125866  64.483855  5.807 -100.00 -100.00 -100.00
 246   125.768 57096.15467842  8.81 235.131558  64.484790  4.644 -100.00 -100.00 -100.00
 246   125.110 57096.15467901  8.48 235.137250  64.485724  4.632 -100.00 -100.00 -100.00
 247   117.114 57106.07033263  8.49 235.110445  64.483695  5.646 -100.00 -100.00 -100.00
 247   116.103 57106.07033322  9.68 235.116136  64.484630  6.706 -100.00 -100.00 -100.00
 247   116.224 57106.07033381  9.27 235.121827  64.485565  5.891 -100.00 -100.00 -100.00
 247   125.049 57106.07033440  8.68 235.127520  64.486499  4.814 -100.00 -100.00 -100.00
 247   125.012 57106.07033499  8.14 235.133212  64.487434  5.148 -100.00 -100.00 -100.00
 248   117.790 57115.98598426  7.81 235.110575  64.484320  4.745 -100.00 -100.00 -100.00
 248   116.506 57115.98598485  8.51 235.116266  64.485255  5.579 -100.00 -100.00 -100.00
 248   123.803 57115.98598544  8.48 235.121958  64.486190  5.370 -100.00 -100.00 -100.00
 248   125.710 57115.98598603  8.12 235.127650  64.487125  4.503 -100.00 -100.00 -100.00
 249   118.422 57125.90163006  5.78 235.116394  64.483929  4.851 -100.00 -100.00 -100.00
 249   117.606 57125.90163065  6.21 235.122085  64.484864  5.140 -100.00 -100.00 -100.00
 249   125.929 57125.90163125  5.73 235.127777  64.485798  4.919 -100.00 -100.00 -100.00
 249   117.527 57125.90163184  5.84 235.133470  64.486733  4.725 -100.00 -100.00 -100.00
 250   115.601 57135.81726992 16.82 235.116724  64.482164  7.893 -100.00 -100.00 -100.00
 250   113.883 57135.81727051 18.23 235.122415  64.483099  9.913 -100.00 -100.00 -100.00
 250   114.537 57135.81727110 19.34 235.128107  64.484034 12.087 -100.00 -100.00 -100.00
 250   115.524 57135.81727169 20.08 235.133799  64.484969 14.235 -100.00 -100.00 -100.00
 250   128.189 57135.81727228 21.36 235.139492  64.485903 14.957 -100.00 -100.00 -100.00
