# NaN NaN NaN ;Mean Elev.(m), Avg Gradient(m/km), RMS Gradient(m/km) - SRTM1     
#   78.390 -38.115  37.667 ;Mean Elev.(m), Avg Gradient(m/km), RMS Gradient(m/km) - ASTER GDEM
#   87.455 -17.019  37.554 ;Mean Elev.(m), Avg Gradient(m/km), RMS Gradient(m/km) - GMTED2010 
  13 236.197662  63.622175   217.229   216.926  3 54781.82751498  8.196
  14 236.198273  63.621916   223.312   226.371  3 54791.74315349  7.962
  18 236.197543  63.624021    84.072    84.072  2 54831.40572133 20.552
  31 236.196409  63.619020   398.687   395.506  3 54960.30906154  0.518
  32 236.196875  63.620425   229.850   229.850  2 54970.22471032 10.368
  36 236.193765  63.623970    86.381    86.399  3 55009.88729769 39.349
  37 236.197505  63.624722   239.732   240.856  3 55019.80294182  5.108
  38 236.197204  63.625882    85.903    85.682  3 55029.71858434 52.602
  39 236.192917  63.626433    84.751    84.707  3 55039.63422578 50.189
  40 236.193239  63.626779    84.438    84.399  3 55049.54986627 44.099
  41 236.194494  63.625003    84.291    84.212  3 55059.46550454 51.795
  42 236.196037  63.622241    85.119    84.951  3 55069.38114430 47.186
  44 236.195769  63.621238    91.766    85.693  3 55089.21244136  9.467
  45 236.196893  63.623897    84.217    84.146  3 55099.12808807 48.193
  46 236.194793  63.625342    84.041    83.935  3 55109.04373388 46.062
  47 236.194833  63.624673   184.551   184.646  3 55118.95937846  4.857
  48 236.197565  63.622668    83.195    83.134  3 55128.87502071 51.289
  49 236.199326  63.620981    83.080    83.157  3 55138.79066081 46.194
  50 236.198070  63.621094    81.989    82.006  3 55148.70629935 44.378
  51 236.196868  63.622997    86.039    86.009  3 55158.62193754 24.904
  52 236.197277  63.624792    85.947    85.956  3 55168.53757558 19.213
  66 236.195713  63.620676   231.322   230.784  3 55307.35657287  6.991
  68 236.196060  63.620639    85.502    85.533  3 55327.18786472 47.865
  70 236.193315  63.624329    84.512    84.482  3 55347.01915339 47.002
  71 236.196487  63.625516    85.506    85.642  3 55356.93479634 27.811
  72 236.196444  63.625120    84.585    84.584  3 55366.85043681 40.920
  73 236.194228  63.624109    84.359    84.324  3 55376.76607554 33.380
  74 236.195641  63.624487    85.587    85.587  4 55386.68171379 42.032
  75 236.197450  63.625122    84.534    84.482  3 55396.59735116 49.424
  76 236.193807  63.624100   215.870   215.768  3 55406.51299267  4.684
  77 236.197061  63.623998    83.167    83.154  3 55416.42864412  9.613
  78 236.198150  63.622508    83.611    83.652  3 55426.34429189 46.480
  80 236.198324  63.622023    84.041    84.057  3 55446.17558096 46.613
  81 236.196623  63.623220    83.573    83.560  3 55456.09122426 10.915
  82 236.197535  63.624524    83.071    82.975  3 55466.00686712 47.957
  83 236.196988  63.623586    82.614    82.651  3 55475.92250658 12.550
  84 236.198473  63.621772   190.860   190.860  2 55485.83814298  3.415
  85 236.198589  63.620083    82.769    82.808  3 55495.75377709 47.705
  87 236.197194  63.622757    81.897    81.937  3 55515.58506221 43.193
  88 236.197042  63.624873    82.237    82.195  3 55525.50071195 22.773
 105 236.196226  63.623062    90.171    90.086  3 55694.06662506 27.618
 107 236.194775  63.623604   229.302   229.069  3 55713.89790655  8.247
 108 236.194642  63.624211   248.164   243.450  3 55723.81355577  2.998
 109 236.195339  63.625194   219.344   219.268  4 55733.72920310  4.782
 110 236.197344  63.626261    86.851    86.812  3 55743.64484926 50.086
 111 236.195463  63.625564    84.924    84.810  3 55753.56049344 49.203
 113 236.195900  63.621690    85.353    85.274  3 55773.39177459 48.280
 114 236.197292  63.620521    84.337    84.337  2 55783.30741054 46.819
 115 236.199118  63.621123    85.029    84.995  3 55793.22304426 49.486
 116 236.196910  63.621496   229.744   229.269  3 55803.13867944  3.640
 117 236.195535  63.622239    83.863    83.881  3 55813.05432930 43.813
 118 236.194917  63.621621    83.382    83.397  3 55822.96997731 16.783
 120 236.195255  63.619672    82.895    82.957  3 55842.80125951 22.355
 121 236.196325  63.620443    82.928    82.966  3 55852.71689556 40.642
 122 236.195625  63.621841    82.825    82.841  3 55862.63253068 49.325
 123 236.195575  63.623990    81.819    81.811  3 55872.54818509 42.759
 143 236.196824  63.623535   229.860   229.708  3 56070.86103497 10.137
 144 236.197009  63.623873    86.124    86.089  3 56080.77668576 48.239
 145 236.193667  63.624432    89.618    89.580  3 56090.69233353 48.810
 146 236.193557  63.625726    87.312    87.194  3 56100.60797922 48.561
 147 236.193331  63.625216    87.053    87.063  3 56110.52361055 47.814
 148 236.196884  63.623412    85.081    85.137  3 56120.43925049 16.788
 149 236.198676  63.620595    84.399    84.155  3 56130.35488649 50.362
 150 236.197223  63.618814    84.152    84.152  2 56140.27051950 45.043
 151 236.195668  63.620863   220.716   220.701  3 56150.18617059  2.521
 152 236.194507  63.623365    83.407    83.400  3 56160.10181988 42.677
 153 236.195255  63.624416   235.688   234.157  3 56170.01746773  7.320
 154 236.197785  63.623358    83.144    83.138  3 56179.93311183 29.604
 156 236.197534  63.620478    83.216    83.107  3 56199.76438824 43.394
 158 236.195125  63.623412    83.229    83.139  3 56219.59565488  6.233
 159 236.196151  63.625488    83.004    82.977  3 56229.51130354 47.120
 160 236.195122  63.625263    81.538    81.521  3 56239.42695688 45.249
 180 236.194252  63.623545   228.850   228.840  3 56437.73982418 10.124
 182 236.194936  63.625680    86.028    86.081  3 56457.57112490 19.889
 183 236.194916  63.625385    86.915    86.741  3 56467.48677072 48.528
 184 236.193932  63.623544    86.493    86.465  3 56477.40241227 10.614
 185 236.195887  63.621669    85.693    85.634  3 56487.31805038 48.724
 187 236.196908  63.621246    84.515    84.499  3 56507.14932027 41.994
 188 236.196340  63.622225    84.196    84.196  2 56517.06495659 11.063
 189 236.197188  63.623653    83.694    83.684  3 56526.98061130 11.331
 190 236.196389  63.623242    83.715    83.731  3 56536.89626146  9.574
 193 236.196619  63.624312    83.412    83.264  3 56566.64319427 41.381
 195 236.193219  63.625854    83.165    83.137  3 56586.47447320 45.624
 196 236.196781  63.625675   226.276   226.278  3 56596.39011254  6.456
 197 236.197046  63.625269    82.427    82.416  3 56606.30576461 44.266
 198 236.195601  63.624643    81.247    81.293  4 56616.22141167 42.461
 199 236.194850  63.624472    83.357    83.360  3 56626.13705535 17.602
 200 236.195600  63.624477    84.656    84.690  4 56636.05269646 10.498
 202 236.196341  63.623213    84.272    84.282  3 56655.88398872  9.487
 203 236.196399  63.622348   212.632   212.632  2 56665.79963677  7.047
 205 236.197007  63.623420   266.163   267.283  3 56685.63092659  1.758
 206 236.197995  63.624479   228.627   228.121  3 56695.54656904  7.768
 207 236.197235  63.623990   228.418   228.476  3 56705.46220665  7.412
 208 236.197836  63.622697   229.597   229.613  3 56715.37783886  7.550
 219 236.196189  63.624183    85.861    85.826  3 56824.44994508 42.586
 221 236.196943  63.621583    85.346    85.324  3 56844.28121153 46.402
 222 236.201539  63.623375    84.973    84.973  2 56854.19685607 14.025
 224 236.194652  63.624103    83.295    83.286  3 56874.02816258 30.257
 225 236.197039  63.624611    82.912    82.908  3 56883.94381289 29.115
 226 236.196920  63.624459    82.833    82.792  3 56893.85945965 45.675
 227 236.195175  63.624680   229.880   229.374  3 56903.77510308  4.205
 228 236.194705  63.626131    82.477    82.438  3 56913.69074467 50.343
 229 236.193636  63.627023    82.273    82.162  3 56923.60638441 49.152
 230 236.195142  63.627235    81.650    81.695  3 56933.52202179 14.882
 231 236.196938  63.625901    81.859    81.859  2 56943.43765376 19.581
 232 236.194810  63.624271   213.812   215.218  3 56953.35329967  5.039
 233 236.197137  63.624788    82.111    82.099  3 56963.26895029 44.936
 234 236.196605  63.625510    81.507    81.552  3 56973.18459591 43.632
 235 236.194033  63.625386    83.588    83.560  3 56983.10023701 22.507
 236 236.195123  63.624352   222.123   224.158  3 56993.01587369  9.243
