# NaN NaN NaN ;Mean Elev.(m), Avg Gradient(m/km), RMS Gradient(m/km) - SRTM1     
#   78.390 -38.115  37.667 ;Mean Elev.(m), Avg Gradient(m/km), RMS Gradient(m/km) - ASTER GDEM
#   87.455 -17.019  37.554 ;Mean Elev.(m), Avg Gradient(m/km), RMS Gradient(m/km) - GMTED2010 
  13   207.518 54781.82751439  9.55 236.192323  63.621053 19.128 -100.00 -100.00 -100.00
  13   216.926 54781.82751498  6.62 236.197662  63.622175 11.043 -100.00 -100.00 -100.00
  13   227.243 54781.82751557  7.92 236.203002  63.623298 13.316 -100.00 -100.00 -100.00
  14   216.093 54791.74315290  8.90 236.192933  63.620793 15.951 -100.00 -100.00 -100.00
  14   226.371 54791.74315349  6.56 236.198273  63.621916  9.604 -100.00 -100.00 -100.00
  14   227.471 54791.74315408  8.11 236.203612  63.623039 13.194 -100.00 -100.00 -100.00
  18    84.173 54831.40572104 21.65 236.194873  63.623460   -100 -100.00 -100.00 -100.00
  18    83.971 54831.40572163 19.08 236.200213  63.624583   -100 -100.00 -100.00 -100.00
  31   395.506 54960.30906095  0.99 236.191072  63.617897  3.673 -100.00 -100.00 -100.00
  31   394.982 54960.30906154  0.34 236.196409  63.619020  3.757 -100.00 -100.00 -100.00
  31   405.573 54960.30906213  0.18 236.201747  63.620143  3.333 -100.00 -100.00 -100.00
  32   228.851 54970.22471002  9.80 236.194206  63.619864  4.846 -100.00 -100.00 -100.00
  32   230.848 54970.22471061 10.87 236.199544  63.620987  5.473 -100.00 -100.00 -100.00
  36    86.253 55009.88729710 36.61 236.188426  63.622847   -100 -100.00 -100.00 -100.00
  36    86.399 55009.88729769 39.16 236.193765  63.623970 30.326 -100.00 -100.00 -100.00
  36    86.492 55009.88729828 41.14 236.199104  63.625093 28.669 -100.00 -100.00 -100.00
  37   242.111 55019.80294123  3.73 236.192166  63.623600  4.579 -100.00 -100.00 -100.00
  37   240.856 55019.80294182  4.77 236.197505  63.624722  5.022 -100.00 -100.00 -100.00
  37   236.228 55019.80294241  6.40 236.202845  63.625845  5.115 -100.00 -100.00 -100.00
  38    86.352 55029.71858374 43.01 236.191865  63.624759 23.676 -100.00 -100.00 -100.00
  38    85.682 55029.71858434 55.02 236.197204  63.625882  5.829 -100.00 -100.00 -100.00
  38    85.676 55029.71858493 53.19 236.202544  63.627005 14.665 -100.00 -100.00 -100.00
  39    84.707 55039.63422519 40.22 236.187578  63.625310 32.000 -100.00 -100.00 -100.00
  39    84.991 55039.63422578 44.07 236.192917  63.626433 27.137 -100.00 -100.00 -100.00
  39    84.554 55039.63422637 54.43 236.198257  63.627555   -100 -100.00 -100.00 -100.00
  40    84.612 55049.54986568 38.02 236.187900  63.625656 20.934 -100.00 -100.00 -100.00
  40    84.399 55049.54986627 42.22 236.193239  63.626779 26.977 -100.00 -100.00 -100.00
  40    84.303 55049.54986686 47.33 236.198579  63.627902   -100 -100.00 -100.00 -100.00
  41    84.726 55059.46550395 39.95 236.189155  63.623880 20.341 -100.00 -100.00 -100.00
  41    84.212 55059.46550454 45.36 236.194494  63.625003 28.965 -100.00 -100.00 -100.00
  41    83.935 55059.46550513 56.12 236.199833  63.626125  0.145 -100.00 -100.00 -100.00
  42    85.579 55069.38114371 40.93 236.190699  63.621118 18.872 -100.00 -100.00 -100.00
  42    84.951 55069.38114430 45.43 236.196036  63.622241 32.083 -100.00 -100.00 -100.00
  42    84.826 55069.38114489 50.40 236.201375  63.623364   -100 -100.00 -100.00 -100.00
  44   104.285 55089.21244077  9.43 236.190431  63.620116  7.100 -100.00 -100.00 -100.00
  44    85.693 55089.21244136  9.26 236.195769  63.621238  6.681 -100.00 -100.00 -100.00
  44    85.320 55089.21244195  9.70 236.201108  63.622361  7.461 -100.00 -100.00 -100.00
  45    84.405 55099.12808748 42.12 236.191554  63.622774 23.283 -100.00 -100.00 -100.00
  45    84.146 55099.12808807 46.23 236.196893  63.623897   -100 -100.00 -100.00 -100.00
  45    84.102 55099.12808866 51.45 236.202232  63.625019   -100 -100.00 -100.00 -100.00
  46    84.269 55109.04373329 41.07 236.189453  63.624220 22.893 -100.00 -100.00 -100.00
  46    83.935 55109.04373388 43.91 236.194793  63.625342   -100 -100.00 -100.00 -100.00
  46    83.921 55109.04373447 49.23 236.200132  63.626465   -100 -100.00 -100.00 -100.00
  47   182.565 55118.95937787  1.90 236.189494  63.623550  6.077 -100.00 -100.00 -100.00
  47   184.646 55118.95937846  1.86 236.194833  63.624673  5.123 -100.00 -100.00 -100.00
  47   186.442 55118.95937905  7.85 236.200173  63.625796 15.835 -100.00 -100.00 -100.00
  48    83.432 55128.87502012 40.15 236.192226  63.621545 19.340 -100.00 -100.00 -100.00
  48    83.134 55128.87502071 52.04 236.197565  63.622668   -100 -100.00 -100.00 -100.00
  48    83.019 55128.87502130 53.68 236.202905  63.623791   -100 -100.00 -100.00 -100.00
  49    83.157 55138.79066022 43.26 236.193986  63.619858 25.856 -100.00 -100.00 -100.00
  49    82.825 55138.79066081 47.39 236.199326  63.620981   -100 -100.00 -100.00 -100.00
  49    83.257 55138.79066140 46.89 236.204665  63.622104   -100 -100.00 -100.00 -100.00
  50    82.016 55148.70629876 41.25 236.192731  63.619972 27.022 -100.00 -100.00 -100.00
  50    82.006 55148.70629935 44.17 236.198070  63.621094 31.911 -100.00 -100.00 -100.00
  50    81.946 55148.70629994 46.31 236.203410  63.622217   -100 -100.00 -100.00 -100.00
  51    86.009 55158.62193695 22.90 236.191529  63.621874   -100 -100.00 -100.00 -100.00
  51    86.123 55158.62193754 25.09 236.196868  63.622997   -100 -100.00 -100.00 -100.00
  51    85.984 55158.62193813 26.13 236.202207  63.624120   -100 -100.00 -100.00 -100.00
  52    85.956 55168.53757499 20.10 236.191938  63.623669   -100 -100.00 -100.00 -100.00
  52    85.875 55168.53757558 17.03 236.197277  63.624792 32.643 -100.00 -100.00 -100.00
  52    86.009 55168.53757617 19.89 236.202617  63.625915   -100 -100.00 -100.00 -100.00
  66   228.322 55307.35657228  7.96 236.190376  63.619553  5.916 -100.00 -100.00 -100.00
  66   230.784 55307.35657287  6.47 236.195713  63.620676  5.520 -100.00 -100.00 -100.00
  66   234.859 55307.35657346  6.35 236.201051  63.621799  5.939 -100.00 -100.00 -100.00
  68    85.629 55327.18786413 44.28 236.190722  63.619516 29.417 -100.00 -100.00 -100.00
  68    85.533 55327.18786472 46.33 236.196060  63.620639   -100 -100.00 -100.00 -100.00
  68    85.342 55327.18786531 50.56 236.201398  63.621762   -100 -100.00 -100.00 -100.00
  70    84.643 55347.01915280 40.03 236.187976  63.623206 21.296 -100.00 -100.00 -100.00
  70    84.482 55347.01915339 44.03 236.193315  63.624329   -100 -100.00 -100.00 -100.00
  70    84.412 55347.01915398 50.61 236.198654  63.625452   -100 -100.00 -100.00 -100.00
  71    85.213 55356.93479575 25.89 236.191148  63.624393 31.360 -100.00 -100.00 -100.00
  71    85.642 55356.93479634 27.25 236.196487  63.625516 26.954 -100.00 -100.00 -100.00
  71    85.665 55356.93479693 29.51 236.201826  63.626638   -100 -100.00 -100.00 -100.00
  72    84.584 55366.85043622 37.10 236.191105  63.623997   -100 -100.00 -100.00 -100.00
  72    84.687 55366.85043681 40.18 236.196444  63.625120 26.945 -100.00 -100.00 -100.00
  72    84.483 55366.85043741 43.33 236.201783  63.626243   -100 -100.00 -100.00 -100.00
  73    84.540 55376.76607495 30.31 236.188889  63.622986 19.692 -100.00 -100.00 -100.00
  73    84.213 55376.76607554 32.94 236.194228  63.624109   -100 -100.00 -100.00 -100.00
  73    84.324 55376.76607613 35.43 236.199567  63.625232   -100 -100.00 -100.00 -100.00
  74    85.500 55386.68171290 35.59 236.187633  63.622803 27.114 -100.00 -100.00 -100.00
  74    85.360 55386.68171349 39.17 236.192972  63.623926   -100 -100.00 -100.00 -100.00
  74    85.816 55386.68171408 42.24 236.198311  63.625049 26.008 -100.00 -100.00 -100.00
  74    85.673 55386.68171467 45.47 236.203650  63.626172   -100 -100.00 -100.00 -100.00
  75    84.470 55396.59735057 44.21 236.192111  63.623999   -100 -100.00 -100.00 -100.00
  75    84.651 55396.59735116 48.38 236.197449  63.625122   -100 -100.00 -100.00 -100.00
  75    84.482 55396.59735175 52.24 236.202789  63.626244   -100 -100.00 -100.00 -100.00
  76   216.517 55406.51299208  4.21 236.188469  63.622977  3.100 -100.00 -100.00 -100.00
  76   215.768 55406.51299267  5.04 236.193807  63.624100  3.654 -100.00 -100.00 -100.00
  76   215.326 55406.51299326  4.76 236.199146  63.625223  3.343 -100.00 -100.00 -100.00
  77    83.208 55416.42864353 10.40 236.191722  63.622875  6.240 -100.00 -100.00 -100.00
  77    83.154 55416.42864412 10.01 236.197061  63.623998  6.074 -100.00 -100.00 -100.00
  77    83.140 55416.42864471  8.10 236.202399  63.625120  4.132 -100.00 -100.00 -100.00
  78    83.795 55426.34429130 40.24 236.192812  63.621385 28.139 -100.00 -100.00 -100.00
  78    83.652 55426.34429189 45.48 236.198150  63.622508   -100 -100.00 -100.00 -100.00
  78    83.387 55426.34429248 49.42 236.203489  63.623630 11.092 -100.00 -100.00 -100.00
  80    84.073 55446.17558037 41.25 236.192986  63.620901 31.752 -100.00 -100.00 -100.00
  80    84.057 55446.17558096 47.61 236.198324  63.622023   -100 -100.00 -100.00 -100.00
  80    83.994 55446.17558155 48.23 236.203663  63.623146   -100 -100.00 -100.00 -100.00
  81    83.560 55456.09122367 10.73 236.191285  63.622098  5.334 -100.00 -100.00 -100.00
  81    83.711 55456.09122426 10.79 236.196623  63.623220  6.042 -100.00 -100.00 -100.00
  81    83.449 55456.09122485 11.21 236.201962  63.624343  6.317 -100.00 -100.00 -100.00
  82    83.410 55466.00686653 41.25 236.192195  63.623401 27.884 -100.00 -100.00 -100.00
  82    82.975 55466.00686712 47.61 236.197535  63.624524   -100 -100.00 -100.00 -100.00
  82    82.827 55466.00686771 50.66 236.202874  63.625647 27.758 -100.00 -100.00 -100.00
  83    82.524 55475.92250599 12.41 236.191649  63.622463  9.591 -100.00 -100.00 -100.00
  83    82.667 55475.92250658 12.79 236.196988  63.623586 10.642 -100.00 -100.00 -100.00
  83    82.651 55475.92250717 12.44 236.202328  63.624709 10.184 -100.00 -100.00 -100.00
  84   195.335 55485.83814239  0.51 236.193134  63.620650  4.816 -100.00 -100.00 -100.00
  84   186.384 55485.83814357  5.14 236.203812  63.622895 10.945 -100.00 -100.00 -100.00
  85    83.027 55495.75377650 40.16 236.193250  63.618960 18.288 -100.00 -100.00 -100.00
  85    82.808 55495.75377709 45.69 236.198589  63.620083 27.050 -100.00 -100.00 -100.00
  85    82.472 55495.75377768 51.12 236.203928  63.621206   -100 -100.00 -100.00 -100.00
  87    81.784 55515.58506162 40.35 236.191855  63.621634 27.073 -100.00 -100.00 -100.00
  87    81.937 55515.58506221 42.34 236.197194  63.622757 27.899 -100.00 -100.00 -100.00
  87    81.969 55515.58506280 45.39 236.202533  63.623880   -100 -100.00 -100.00 -100.00
  88    82.147 55525.50071136 23.20 236.191703  63.623750   -100 -100.00 -100.00 -100.00
  88    82.368 55525.50071195 19.69 236.197042  63.624873 31.806 -100.00 -100.00 -100.00
  88    82.195 55525.50071254 24.25 236.202382  63.625996   -100 -100.00 -100.00 -100.00
 105    90.021 55694.06662447 27.69 236.190887  63.621939 32.304 -100.00 -100.00 -100.00
 105    90.086 55694.06662506 28.00 236.196226  63.623062 31.875 -100.00 -100.00 -100.00
 105    90.406 55694.06662565 27.12 236.201564  63.624185 23.849 -100.00 -100.00 -100.00
 107   228.896 55713.89790596  7.41 236.189436  63.622481  6.182 -100.00 -100.00 -100.00
 107   229.069 55713.89790655  7.93 236.194775  63.623604  6.317 -100.00 -100.00 -100.00
 107   229.941 55713.89790714  9.20 236.200114  63.624727  9.027 -100.00 -100.00 -100.00
 108   258.204 55723.81355518  2.13 236.189303  63.623088  3.423 -100.00 -100.00 -100.00
 108   243.450 55723.81355577  3.42 236.194642  63.624211  4.537 -100.00 -100.00 -100.00
 108   242.839 55723.81355636  3.33 236.199981  63.625334  4.176 -100.00 -100.00 -100.00
 109   216.967 55733.72920222  4.75 236.187330  63.623509  4.593 -100.00 -100.00 -100.00
 109   219.800 55733.72920281  4.79 236.192669  63.624632  4.348 -100.00 -100.00 -100.00
 109   221.872 55733.72920340  4.36 236.198008  63.625755  3.914 -100.00 -100.00 -100.00
 109   218.736 55733.72920399  5.19 236.203348  63.626878  4.600 -100.00 -100.00 -100.00
 110    87.119 55743.64484867 44.51 236.192005  63.625138 26.783 -100.00 -100.00 -100.00
 110    86.812 55743.64484926 49.85 236.197344  63.626261   -100 -100.00 -100.00 -100.00
 110    86.623 55743.64484985 52.58 236.202684  63.627383  8.299 -100.00 -100.00 -100.00
 111    85.281 55753.56049285 41.44 236.190124  63.624442 24.547 -100.00 -100.00 -100.00
 111    84.810 55753.56049344 47.69 236.195463  63.625564   -100 -100.00 -100.00 -100.00
 111    84.682 55753.56049403 52.48 236.200802  63.626687  0.199 -100.00 -100.00 -100.00
 113    85.760 55773.39177399 41.55 236.190562  63.620567 19.836 -100.00 -100.00 -100.00
 113    85.274 55773.39177459 46.81 236.195899  63.621690 30.355 -100.00 -100.00 -100.00
 113    85.025 55773.39177518 51.45 236.201238  63.622812   -100 -100.00 -100.00 -100.00
 114    84.463 55783.30741024 43.59 236.194623  63.619960 28.184 -100.00 -100.00 -100.00
 114    84.210 55783.30741083 48.65 236.199961  63.621083   -100 -100.00 -100.00 -100.00
 115    85.195 55793.22304367 43.27 236.193780  63.620000 28.036 -100.00 -100.00 -100.00
 115    84.995 55793.22304426 48.37 236.199117  63.621123   -100 -100.00 -100.00 -100.00
 115    84.897 55793.22304485 52.47 236.204456  63.622245  1.158 -100.00 -100.00 -100.00
 116   225.995 55803.13867885  3.43 236.191572  63.620373  3.437 -100.00 -100.00 -100.00
 116   229.269 55803.13867944  3.86 236.196910  63.621496  3.743 -100.00 -100.00 -100.00
 116   233.968 55803.13868003  3.62 236.202248  63.622619  3.434 -100.00 -100.00 -100.00
 117    84.082 55813.05432871 39.28 236.190197  63.621116 23.866 -100.00 -100.00 -100.00
 117    83.881 55813.05432930 42.37 236.195535  63.622239   -100 -100.00 -100.00 -100.00
 117    83.625 55813.05432989 46.67 236.200874  63.623362   -100 -100.00 -100.00 -100.00
 118    83.335 55822.96997672 16.36 236.189578  63.620497  9.364 -100.00 -100.00 -100.00
 118    83.415 55822.96997731 17.02 236.194917  63.621621 11.433 -100.00 -100.00 -100.00
 118    83.397 55822.96997790 16.94 236.200255  63.622744 11.884 -100.00 -100.00 -100.00
 120    82.695 55842.80125892 20.05 236.189917  63.618549 14.328 -100.00 -100.00 -100.00
 120    82.957 55842.80125951 19.53 236.195255  63.619672 12.158 -100.00 -100.00 -100.00
 120    83.034 55842.80126010 25.12 236.200594  63.620795 27.730 -100.00 -100.00 -100.00
 121    83.016 55852.71689497 36.86 236.190987  63.619320 28.404 -100.00 -100.00 -100.00
 121    82.966 55852.71689556 39.44 236.196325  63.620443   -100 -100.00 -100.00 -100.00
 121    82.803 55852.71689615 43.25 236.201664  63.621566   -100 -100.00 -100.00 -100.00
 122    82.503 55862.63253009 38.58 236.190287  63.620718 22.093 -100.00 -100.00 -100.00
 122    83.132 55862.63253068 44.52 236.195625  63.621841 20.584 -100.00 -100.00 -100.00
 122    82.841 55862.63253127 53.45 236.200964  63.622964   -100 -100.00 -100.00 -100.00
 123    81.688 55872.54818450 40.53 236.190236  63.622867   -100 -100.00 -100.00 -100.00
 123    81.811 55872.54818509 42.24 236.195575  63.623990   -100 -100.00 -100.00 -100.00
 123    81.956 55872.54818569 44.56 236.200914  63.625113   -100 -100.00 -100.00 -100.00
 143   228.435 56070.86103438  9.49 236.191485  63.622412  5.921 -100.00 -100.00 -100.00
 143   229.708 56070.86103497  9.53 236.196823  63.623535  5.221 -100.00 -100.00 -100.00
 143   231.438 56070.86103556 11.17 236.202163  63.624658  7.256 -100.00 -100.00 -100.00
 144    86.269 56080.77668517 41.56 236.191670  63.622750 27.468 -100.00 -100.00 -100.00
 144    86.014 56080.77668576 47.91 236.197009  63.623873   -100 -100.00 -100.00 -100.00
 144    86.089 56080.77668635 50.93 236.202348  63.624996   -100 -100.00 -100.00 -100.00
 145    89.820 56090.69233294 42.43 236.188328  63.623309 25.225 -100.00 -100.00 -100.00
 145    89.455 56090.69233353 46.95 236.193667  63.624432   -100 -100.00 -100.00 -100.00
 145    89.580 56090.69233412 52.07 236.199006  63.625555   -100 -100.00 -100.00 -100.00
 146    87.704 56100.60797863 41.64 236.188218  63.624603 21.302 -100.00 -100.00 -100.00
 146    87.194 56100.60797922 46.88 236.193557  63.625726   -100 -100.00 -100.00 -100.00
 146    87.038 56100.60797981 51.82 236.198897  63.626849  9.126 -100.00 -100.00 -100.00
 147    87.351 56110.52360996 41.62 236.187992  63.624093 22.459 -100.00 -100.00 -100.00
 147    87.063 56110.52361055 45.80 236.193331  63.625216   -100 -100.00 -100.00 -100.00
 147    86.746 56110.52361114 51.10 236.198670  63.626339   -100 -100.00 -100.00 -100.00
 148    85.137 56120.43924990 19.06 236.191545  63.622289 15.202 -100.00 -100.00 -100.00
 148    85.189 56120.43925049 15.15 236.196884  63.623412  8.047 -100.00 -100.00 -100.00
 148    84.918 56120.43925108 14.76 236.202222  63.624534  8.559 -100.00 -100.00 -100.00
 149    84.891 56130.35488590 42.64 236.193339  63.619472 23.252 -100.00 -100.00 -100.00
 149    84.152 56130.35488649 49.04 236.198676  63.620595   -100 -100.00 -100.00 -100.00
 149    84.155 56130.35488708 53.57 236.204014  63.621717  7.116 -100.00 -100.00 -100.00
 150    84.296 56140.27051921 41.70 236.194554  63.618253 24.398 -100.00 -100.00 -100.00
 150    84.008 56140.27051980 46.91 236.199892  63.619376   -100 -100.00 -100.00 -100.00
 151   215.066 56150.18617000  1.95 236.190330  63.619740  2.930 -100.00 -100.00 -100.00
 151   220.701 56150.18617059  2.81 236.195668  63.620863  4.055 -100.00 -100.00 -100.00
 151   226.381 56150.18617118  2.75 236.201006  63.621986  3.769 -100.00 -100.00 -100.00
 152    83.421 56160.10181929 39.61 236.189169  63.622242 27.383 -100.00 -100.00 -100.00
 152    83.400 56160.10181988 41.83 236.194507  63.623365   -100 -100.00 -100.00 -100.00
 152    83.400 56160.10182047 44.94 236.199846  63.624488   -100 -100.00 -100.00 -100.00
 153   240.699 56170.01746714  7.48 236.189916  63.623294  4.056 -100.00 -100.00 -100.00
 153   232.210 56170.01746773  6.98 236.195255  63.624416  4.232 -100.00 -100.00 -100.00
 153   234.157 56170.01746832  7.48 236.200594  63.625539  3.917 -100.00 -100.00 -100.00
 154    82.810 56179.93311124 27.50 236.192446  63.622235 25.405 -100.00 -100.00 -100.00
 154    83.138 56179.93311183 29.91 236.197785  63.623358 25.320 -100.00 -100.00 -100.00
 154    83.484 56179.93311242 30.78 236.203124  63.624481 22.051 -100.00 -100.00 -100.00
 156    83.062 56199.76438764 39.66 236.192195  63.619355 30.366 -100.00 -100.00 -100.00
 156    83.480 56199.76438824 41.84 236.197534  63.620478 24.574 -100.00 -100.00 -100.00
 156    83.107 56199.76438883 46.13 236.202872  63.621601   -100 -100.00 -100.00 -100.00
 158    83.537 56219.59565429  5.97 236.189787  63.622289  4.361 -100.00 -100.00 -100.00
 158    83.139 56219.59565488  6.87 236.195125  63.623412  5.887 -100.00 -100.00 -100.00
 158    83.011 56219.59565547  5.78 236.200464  63.624535  4.312 -100.00 -100.00 -100.00
 159    83.181 56229.51130295 41.96 236.190812  63.624365 20.136 -100.00 -100.00 -100.00
 159    82.853 56229.51130354 46.19 236.196151  63.625489 26.814 -100.00 -100.00 -100.00
 159    82.977 56229.51130413 49.88 236.201491  63.626611   -100 -100.00 -100.00 -100.00
 160    81.521 56239.42695629 41.83 236.189783  63.624140 27.421 -100.00 -100.00 -100.00
 160    81.606 56239.42695688 43.85 236.195122  63.625263 28.907 -100.00 -100.00 -100.00
 160    81.488 56239.42695747 47.85 236.200461  63.626386   -100 -100.00 -100.00 -100.00
 180   227.391 56437.73982359  8.82 236.188913  63.622422  4.178 -100.00 -100.00 -100.00
 180   228.840 56437.73982418 10.49 236.194252  63.623545  6.251 -100.00 -100.00 -100.00
 180   230.320 56437.73982477 10.81 236.199591  63.624668  4.791 -100.00 -100.00 -100.00
 182    85.842 56457.57112431 17.77 236.189597  63.624557 17.089 -100.00 -100.00 -100.00
 182    86.081 56457.57112490 19.33 236.194936  63.625680 21.252 -100.00 -100.00 -100.00
 182    86.161 56457.57112549 21.67 236.200275  63.626803 29.624 -100.00 -100.00 -100.00
 183    87.357 56467.48677013 41.98 236.189577  63.624263 16.522 -100.00 -100.00 -100.00
 183    86.647 56467.48677072 47.17 236.194916  63.625385 29.234 -100.00 -100.00 -100.00
 183    86.741 56467.48677131 51.64 236.200256  63.626508   -100 -100.00 -100.00 -100.00
 184    86.465 56477.40241168 10.86 236.188593  63.622421  4.960 -100.00 -100.00 -100.00
 184    86.430 56477.40241227 10.77 236.193932  63.623544  4.953 -100.00 -100.00 -100.00
 184    86.585 56477.40241286 10.18 236.199271  63.624666  4.262 -100.00 -100.00 -100.00
 185    86.054 56487.31804978 42.02 236.190549  63.620546 20.502 -100.00 -100.00 -100.00
 185    85.634 56487.31805038 47.14 236.195887  63.621669   -100 -100.00 -100.00 -100.00
 185    85.392 56487.31805097 51.93 236.201225  63.622792  1.776 -100.00 -100.00 -100.00
 187    84.499 56507.14931968 40.83 236.191570  63.620123   -100 -100.00 -100.00 -100.00
 187    84.472 56507.14932027 42.02 236.196908  63.621246   -100 -100.00 -100.00 -100.00
 187    84.575 56507.14932086 42.89 236.202246  63.622369   -100 -100.00 -100.00 -100.00
 188    84.113 56517.06495630 11.96 236.193671  63.621664  7.836 -100.00 -100.00 -100.00
 188    84.278 56517.06495689  9.93 236.199009  63.622787  5.303 -100.00 -100.00 -100.00
 189    83.652 56526.98061071 11.98 236.191849  63.622530  4.493 -100.00 -100.00 -100.00
 189    83.744 56526.98061130 11.09 236.197188  63.623653  3.756 -100.00 -100.00 -100.00
 189    83.684 56526.98061189 10.84 236.202527  63.624776  3.280 -100.00 -100.00 -100.00
 190    83.732 56536.89626086  8.57 236.191050  63.622119  5.506 -100.00 -100.00 -100.00
 190    83.682 56536.89626146  9.94 236.196389  63.623242  7.488 -100.00 -100.00 -100.00
 190    83.731 56536.89626205 10.06 236.201728  63.624365  7.773 -100.00 -100.00 -100.00
 193    83.848 56566.64319368 38.00 236.191279  63.623189 25.823 -100.00 -100.00 -100.00
 193    83.264 56566.64319427 43.70 236.196619  63.624312  2.143 -100.00 -100.00 -100.00
 193    83.124 56566.64319486 40.60 236.201958  63.625435 10.766 -100.00 -100.00 -100.00
 195    83.137 56586.47447261 41.01 236.187880  63.624731 20.798 -100.00 -100.00 -100.00
 195    83.345 56586.47447320 43.16 236.193218  63.625854 23.749 -100.00 -100.00 -100.00
 195    83.014 56586.47447379 48.82 236.198558  63.626977   -100 -100.00 -100.00 -100.00
 196   225.054 56596.39011195  6.09 236.191442  63.624552  6.161 -100.00 -100.00 -100.00
 196   226.278 56596.39011254  5.52 236.196781  63.625675  6.198 -100.00 -100.00 -100.00
 196   227.495 56596.39011313  7.51 236.202121  63.626798  7.744 -100.00 -100.00 -100.00
 197    82.416 56606.30576402 42.02 236.191707  63.624146 28.016 -100.00 -100.00 -100.00
 197    82.546 56606.30576461 45.64 236.197046  63.625269   -100 -100.00 -100.00 -100.00
 197    82.319 56606.30576520 44.40 236.202385  63.626392   -100 -100.00 -100.00 -100.00
 198    81.250 56616.22141079 38.68 236.187592  63.622958 30.918 -100.00 -100.00 -100.00
 198    81.336 56616.22141138 40.93 236.192931  63.624081 27.879 -100.00 -100.00 -100.00
 198    81.419 56616.22141197 44.16 236.198270  63.625204 31.721 -100.00 -100.00 -100.00
 198    80.982 56616.22141256 43.92 236.203610  63.626327   -100 -100.00 -100.00 -100.00
 199    83.435 56626.13705476 17.18 236.189511  63.623349 12.372 -100.00 -100.00 -100.00
 199    83.277 56626.13705535 17.52 236.194850  63.624472 13.258 -100.00 -100.00 -100.00
 199    83.360 56626.13705594 18.06 236.200190  63.625594 12.758 -100.00 -100.00 -100.00
 200    84.741 56636.05269558 10.63 236.187591  63.622793  8.529 -100.00 -100.00 -100.00
 200    84.721 56636.05269617  9.53 236.192930  63.623916  5.492 -100.00 -100.00 -100.00
 200    84.504 56636.05269676 11.04 236.198269  63.625039  8.692 -100.00 -100.00 -100.00
 200    84.660 56636.05269735 10.65 236.203609  63.626162  7.193 -100.00 -100.00 -100.00
 202    84.282 56655.88398813  9.07 236.191001  63.622090  6.102 -100.00 -100.00 -100.00
 202    84.305 56655.88398872  9.35 236.196341  63.623213  6.574 -100.00 -100.00 -100.00
 202    84.229 56655.88398931  9.99 236.201680  63.624335  8.748 -100.00 -100.00 -100.00
 203   208.429 56665.79963647  8.31 236.193730  63.621786  7.787 -100.00 -100.00 -100.00
 203   216.834 56665.79963706  5.26 236.199069  63.622909  4.604 -100.00 -100.00 -100.00
 205   262.193 56685.63092600  2.18 236.191668  63.622297  3.513 -100.00 -100.00 -100.00
 205   267.283 56685.63092659  1.57 236.197007  63.623420  3.849 -100.00 -100.00 -100.00
 205   269.014 56685.63092718  1.49 236.202347  63.624543  3.511 -100.00 -100.00 -100.00
 206   228.121 56695.54656844  7.78 236.192656  63.623356  6.707 -100.00 -100.00 -100.00
 206   230.186 56695.54656904  7.43 236.197995  63.624479  6.466 -100.00 -100.00 -100.00
 206   227.574 56695.54656963  8.07 236.203335  63.625601  6.772 -100.00 -100.00 -100.00
 207   228.476 56705.46220606  6.86 236.191896  63.622867  5.280 -100.00 -100.00 -100.00
 207   225.957 56705.46220665  8.13 236.197235  63.623990  7.531 -100.00 -100.00 -100.00
 207   230.821 56705.46220724  7.14 236.202575  63.625112  6.399 -100.00 -100.00 -100.00
 208   228.200 56715.37783827  7.22 236.192498  63.621574  6.870 -100.00 -100.00 -100.00
 208   229.613 56715.37783886  7.65 236.197836  63.622697  8.589 -100.00 -100.00 -100.00
 208   230.976 56715.37783945  7.76 236.203175  63.623820  7.495 -100.00 -100.00 -100.00
 219    85.991 56824.44994449 36.28 236.190850  63.623060 28.284 -100.00 -100.00 -100.00
 219    85.766 56824.44994508 42.28 236.196188  63.624183   -100 -100.00 -100.00 -100.00
 219    85.826 56824.44994567 45.22 236.201528  63.625305   -100 -100.00 -100.00 -100.00
 221    85.541 56844.28121094 40.16 236.191605  63.620460 22.969 -100.00 -100.00 -100.00
 221    85.324 56844.28121153 45.15 236.196942  63.621583   -100 -100.00 -100.00 -100.00
 221    85.175 56844.28121212 49.44 236.202281  63.622706   -100 -100.00 -100.00 -100.00
 222    85.050 56854.19685578 13.99 236.198870  63.622814  5.340 -100.00 -100.00 -100.00
 222    84.895 56854.19685637 14.06 236.204209  63.623936  5.444 -100.00 -100.00 -100.00
 224    83.286 56874.02816199 28.38 236.189313  63.622980 20.510 -100.00 -100.00 -100.00
 224    83.235 56874.02816258 28.42 236.194652  63.624103 21.444 -100.00 -100.00 -100.00
 224    83.365 56874.02816317 32.55 236.199991  63.625225 29.856 -100.00 -100.00 -100.00
 225    82.887 56883.94381230 27.06 236.191700  63.623488   -100 -100.00 -100.00 -100.00
 225    82.940 56883.94381289 29.32 236.197039  63.624611   -100 -100.00 -100.00 -100.00
 225    82.908 56883.94381348 30.35 236.202378  63.625733   -100 -100.00 -100.00 -100.00
 226    83.086 56893.85945906 40.14 236.191581  63.623336 25.237 -100.00 -100.00 -100.00
 226    82.792 56893.85945965 45.29 236.196920  63.624459   -100 -100.00 -100.00 -100.00
 226    82.622 56893.85946024 48.24 236.202260  63.625581  5.512 -100.00 -100.00 -100.00
 227   229.374 56903.77510249  3.11 236.189835  63.623558  4.598 -100.00 -100.00 -100.00
 227   229.298 56903.77510308  4.31 236.195175  63.624680  5.358 -100.00 -100.00 -100.00
 227   230.967 56903.77510367  4.99 236.200514  63.625803  5.996 -100.00 -100.00 -100.00
 228    82.897 56913.69074408 39.98 236.189365  63.625008 19.394 -100.00 -100.00 -100.00
 228    82.438 56913.69074467 43.07 236.194705  63.626131 32.540 -100.00 -100.00 -100.00
 228    82.096 56913.69074526 54.69 236.200045  63.627253  4.589 -100.00 -100.00 -100.00
 229    82.162 56923.60638382 38.24 236.188296  63.625901 29.336 -100.00 -100.00 -100.00
 229    82.671 56923.60638441 42.10 236.193636  63.627023 25.067 -100.00 -100.00 -100.00
 229    81.987 56923.60638500 53.50 236.198976  63.628146 19.480 -100.00 -100.00 -100.00
 230    81.708 56933.52202120 14.72 236.189802  63.626112  3.744 -100.00 -100.00 -100.00
 230    81.695 56933.52202179 15.00 236.195142  63.627235  3.754 -100.00 -100.00 -100.00
 230    81.546 56933.52202238 14.92 236.200482  63.628357  3.904 -100.00 -100.00 -100.00
 231    81.996 56943.43765346 17.82 236.194268  63.625339 11.317 -100.00 -100.00 -100.00
 231    81.722 56943.43765405 20.83 236.199608  63.626462 19.918 -100.00 -100.00 -100.00
 232   208.602 56953.35329908  4.23 236.189472  63.623148  5.296 -100.00 -100.00 -100.00
 232   215.218 56953.35329967  6.07 236.194810  63.624271  6.811 -100.00 -100.00 -100.00
 232   217.615 56953.35330026  4.59 236.200149  63.625394  5.718 -100.00 -100.00 -100.00
 233    82.157 56963.26894970 41.10 236.191798  63.623666 27.591 -100.00 -100.00 -100.00
 233    82.076 56963.26895029 45.12 236.197136  63.624788   -100 -100.00 -100.00 -100.00
 233    82.099 56963.26895088 46.82 236.202476  63.625911   -100 -100.00 -100.00 -100.00
 234    81.379 56973.18459532 41.15 236.191266  63.624387 27.577 -100.00 -100.00 -100.00
 234    81.591 56973.18459591 43.41 236.196605  63.625510 26.477 -100.00 -100.00 -100.00
 234    81.552 56973.18459650 45.35 236.201945  63.626633   -100 -100.00 -100.00 -100.00
 235    83.665 56983.10023642 22.43 236.188694  63.624263   -100 -100.00 -100.00 -100.00
 235    83.560 56983.10023701 24.53 236.194033  63.625386   -100 -100.00 -100.00 -100.00
 235    83.540 56983.10023760 18.78 236.199373  63.626509 31.451 -100.00 -100.00 -100.00
 236   224.158 56993.01587310  8.04 236.189784  63.623229  7.865 -100.00 -100.00 -100.00
 236   225.116 56993.01587369  9.31 236.195123  63.624352  9.545 -100.00 -100.00 -100.00
 236   217.096 56993.01587428 10.13 236.200463  63.625475 11.223 -100.00 -100.00 -100.00
