# NaN NaN NaN ;Mean Elev.(m), Avg Gradient(m/km), RMS Gradient(m/km) - SRTM1     
#   27.617  -5.446  10.725 ;Mean Elev.(m), Avg Gradient(m/km), RMS Gradient(m/km) - ASTER GDEM
#   60.067  -5.116   9.326 ;Mean Elev.(m), Avg Gradient(m/km), RMS Gradient(m/km) - GMTED2010 
   1 233.751269  65.105280    78.886    78.927  7 54660.88879802 18.854
   2 233.762575  65.106973   196.793   196.793  2 54670.80444470  1.095
   3 233.744289  65.105756   -14.972   -12.904  8 54680.72008685 13.010
   4 233.742796  65.106332    93.492    94.524  8 54690.63572947 20.092
   5 233.746435  65.106488   -20.253   -16.224  8 54700.55137024 15.487
   6 233.747878  65.105295    95.647    95.159  8 54710.46701619 16.785
   7 233.751635  65.104546     3.408     3.283  7 54720.38266772  4.892
   9 233.752316  65.104081   194.110   194.165  7 54740.21396347  3.344
  10 233.751245  65.104583    82.699    79.674  6 54750.12961050 20.684
  11 233.750207  65.104899   162.593   162.576  7 54760.04525735  6.090
  12 233.751054  65.104589   193.899   193.886  6 54769.96090198  6.106
  13 233.752723  65.103827   193.545   193.541  7 54779.87654332  5.932
  14 233.755462  65.103188   200.293   201.791  6 54789.79218220  5.907
  15 233.755401  65.103233   200.150   201.582  6 54799.70781975  6.607
  17 233.753035  65.104605   177.892   177.798  6 54819.53909541  4.554
  18 233.757729  65.105961    84.436    80.483  4 54829.45474816 11.802
  19 233.748915  65.105489    86.333    81.810  7 54839.37038610 11.154
  20 233.747136  65.106324    88.493    87.225  8 54849.28603507 11.429
  21 233.742523  65.106995    87.940    85.699  9 54859.20168332  9.274
  22 233.737036  65.107088    91.005    93.874  9 54869.11733159  8.807
  23 233.740645  65.106749    87.694    84.285  8 54879.03297972  8.341
  24 233.746023  65.105369    92.942    92.429  7 54888.94862480  7.423
  25 233.753551  65.104420    99.073    99.030  7 54898.86426687  6.867
  26 233.751604  65.103935    88.529    87.397  7 54908.77990565  6.339
  27 233.751137  65.104743    89.658    89.007  6 54918.69554334  6.122
  28 233.747779  65.104765    90.670    91.271  7 54928.61118050  5.852
  29 233.751216  65.104183    96.332    96.490  6 54938.52681747  5.240
  30 233.754095  65.102806   101.139   100.927  6 54948.44245264  2.793
  31 233.755004  65.101648   162.340   162.368  7 54958.35808894  8.849
  32 233.754344  65.102192    48.871    48.439  7 54968.27373741 35.535
  33 233.753405  65.103515    99.003    99.628  7 54978.18938485 22.061
  34 233.752604  65.104651    56.259    57.113  7 54988.10503232 21.528
  35 233.750511  65.104782    98.741    98.995  6 54998.02067976 11.114
  36 233.751663  65.105101    95.173    93.941  7 55007.93632573 24.179
  37 233.751635  65.105520    99.911   100.052  7 55017.85196960 16.265
  38 233.746922  65.106039    98.020    98.480  8 55027.76761162 14.105
  39 233.742974  65.106825    95.811    96.408  9 55037.68325322 13.693
  40 233.741031  65.106722    94.012    93.852  8 55047.59889385 25.268
  41 233.746483  65.105636    94.687    93.303  8 55057.51453314 22.603
  42 233.749222  65.103226   182.749   184.160  3 55067.43017060  0.609
  43 233.755084  65.102617    43.862    43.861  6 55077.34582134 50.902
  44 233.753843  65.103078    93.048    92.648  7 55087.26146902 26.696
  45 233.751487  65.104517    94.780    92.116  7 55097.17711509 22.447
  46 233.748815  65.105296    99.078    99.132  7 55107.09276069 12.574
  47 233.751135  65.104911    89.636    90.464  6 55117.00840611 21.329
  48 233.754629  65.103477    95.264    95.979  6 55126.92404926 25.992
  49 233.754976  65.102203    93.986    93.739  7 55136.83968978 27.480
  50 233.754756  65.102494   197.670   201.282  7 55146.75532838 12.925
  51 233.753105  65.104023   201.859   201.883  6 55156.67096618 11.349
  52 233.750918  65.105076   200.408   201.517  7 55166.58660391  8.582
  53 233.747386  65.104879   200.898   200.967  7 55176.50224110  7.340
  54 233.751748  65.104675   201.575   201.477  7 55186.41788394  6.245
  55 233.750631  65.104827   200.077   201.122  7 55196.33353483  6.268
  56 233.746212  65.105755   200.401   200.508  8 55206.24918428  4.277
  57 233.739579  65.106765    89.990    91.029  9 55216.16483295 12.900
  58 233.737888  65.107071    84.070    83.444  9 55226.08048146 10.902
  59 233.743022  65.105984    83.165    82.007  8 55235.99612815 10.143
  61 233.754011  65.102392    98.589    98.705  6 55255.82741204  9.285
  62 233.753818  65.103003    91.520    94.258  7 55265.74305088  8.209
  63 233.751570  65.104840    83.613    83.416  6 55275.65868880  8.010
  64 233.747307  65.105211    95.235    97.164  7 55285.57432556  7.525
  65 233.750975  65.104160    94.665    94.949  7 55295.48996101  6.006
  66 233.755556  65.102169    78.146    78.980  6 55305.40560049 18.671
  67 233.757936  65.101374   160.194   160.585  6 55315.32124772  6.985
  68 233.756253  65.102342    99.954    99.820  6 55325.23689313 14.095
  69 233.751106  65.104086   162.623   162.502  6 55335.15253707  6.482
  70 233.748607  65.105558    96.438    98.734  8 55345.06818089 22.116
  71 233.746746  65.105423    97.609    98.562  8 55354.98382377 19.536
  72 233.747531  65.104910    97.244    97.842  7 55364.89946482 11.693
  73 233.749186  65.104757    86.182    88.166  7 55374.81510436 15.849
  74 233.748381  65.105275    98.684    98.957  8 55384.73074256 11.922
  75 233.746717  65.105871    97.078    98.081  8 55394.64637982 20.071
  76 233.746259  65.105865    92.108    91.931  7 55404.56201840 24.544
  77 233.749657  65.105132    92.503    90.941  7 55414.47767021 27.094
  78 233.752683  65.103262    95.364    93.383  7 55424.39331886 26.057
  79 233.754998  65.101870    90.581    90.336  7 55434.30896488 26.779
  80 233.755474  65.102539    43.366    43.464  7 55444.22460939 44.851
  81 233.752246  65.104072    99.633    99.931  6 55454.14025245 11.923
  82 233.749725  65.105351    80.518    83.492  7 55464.05589478 15.812
  83 233.749691  65.104580    96.699    97.613  7 55473.97153474 12.359
  84 233.753289  65.102684    42.750    42.732  7 55483.88717205 47.702
  85 233.755434  65.100978    42.615    42.820  7 55493.80280711 49.085
  86 233.755416  65.101433    95.762    98.553  6 55503.71844086 25.185
  87 233.752537  65.103753    91.740    90.830  7 55513.63408880 22.562
  88 233.747909  65.105581   201.243   201.430  8 55523.54973804  6.362
  89 233.745037  65.105970    83.339    80.677  8 55533.46538568 12.396
  90 233.748278  65.105724    80.718    80.341  8 55543.38103208 11.602
  91 233.748028  65.105237    81.714    80.993  7 55553.29667619 10.790
  92 233.746572  65.105688    80.768    80.902  7 55563.21231912 10.627
  93 233.744832  65.106269    93.387    94.514  8 55573.12796141  9.157
  94 233.747006  65.106205    80.835    80.352  8 55583.04360271 10.301
  95 233.749500  65.104625    80.492    80.386  7 55592.95924056 10.863
  96 233.754601  65.102780    89.819    93.638  7 55602.87487528  9.794
  97 233.756397  65.101531    86.503    84.807  6 55612.79050761  6.995
  99 233.753477  65.103560    88.217    88.531  7 55632.62179574  5.504
 100 233.750615  65.104247    89.374    87.880  7 55642.53744608  5.479
 101 233.753109  65.104146    95.305    95.544  7 55652.45309401  4.737
 102 233.755611  65.102847    93.812    93.791  6 55662.36873772  4.870
 103 233.754016  65.101926    97.338    97.372  6 55672.28437804  4.209
 104 233.755166  65.102774   100.286   100.440  7 55682.20001726  3.902
 105 233.752315  65.104117    92.965    94.109  6 55692.11565460 15.978
 106 233.748162  65.104877   164.289   164.285  7 55702.03129017 10.343
 107 233.746656  65.105146    96.463    96.170  7 55711.94693245 16.949
 108 233.750031  65.105569    98.209    99.198  7 55721.86258240 13.279
 109 233.748185  65.105422    96.566    98.960  7 55731.77822979 24.110
 110 233.746348  65.105415    94.240    94.025  8 55741.69387589 13.828
 111 233.747172  65.105634    92.285    92.047  7 55751.60952097 26.847
 112 233.747569  65.104971    85.786    87.096  7 55761.52516362 17.570
 113 233.753752  65.104415    95.433    95.706  6 55771.44080397 26.590
 114 233.755507  65.102898    93.265    91.255  6 55781.35644038 29.019
 115 233.754870  65.101969    89.703    92.060  6 55791.27207403 15.681
 116 233.753531  65.101911    92.045    92.133  6 55801.18770650 26.526
 117 233.753407  65.103265    94.122    93.677  6 55811.10335641 13.697
 118 233.751853  65.103783    94.408    94.097  6 55821.01900508 17.645
 119 233.753876  65.103541   100.244   100.282  6 55830.93464929 11.207
 120 233.753166  65.102219    99.884   100.018  6 55840.85028860 12.132
 121 233.754955  65.101893    47.959    48.186  6 55850.76592510 31.292
 122 233.753898  65.102677    83.210    79.621  6 55860.68155936 21.457
 123 233.751305  65.104494   201.484   201.606  6 55870.59721117  8.133
 133 233.753692  65.103106    89.886    89.674  7 55969.75365205  9.862
 134 233.753413  65.103952    94.036    94.373  7 55979.66928838  8.769
 135 233.753688  65.103887    82.242    81.986  7 55989.58492387  9.315
 136 233.753346  65.103201    90.539    93.933  7 55999.50056670  7.432
 137 233.755644  65.102874    92.380    93.492  6 56009.41621766  7.028
 138 233.754686  65.102714    86.718    85.831  7 56019.33186420  7.009
 139 233.754683  65.103690    91.017    92.412  6 56029.24750800  6.649
 141 233.746972  65.105125    99.106    99.301  7 56049.07878929  8.810
 142 233.747739  65.105440    92.636    93.161  8 56058.99442665 17.545
 143 233.749866  65.104932   165.392   165.611  7 56068.91006090  8.088
 144 233.748309  65.105074    96.318    99.415  7 56078.82571197 26.535
 145 233.745728  65.105462    98.973    99.031  8 56088.74136021 14.095
 146 233.744780  65.106004    95.196    95.456  8 56098.65700609 28.171
 147 233.747358  65.105693    96.779    98.128  7 56108.57264990 24.697
 148 233.752938  65.104413    94.505    92.469  6 56118.48827949 28.825
 149 233.754377  65.102380    94.693    93.875  6 56128.40391658 27.388
 150 233.755022  65.101437    93.797    93.733  6 56138.31955018 26.266
 151 233.752561  65.102592    90.291    90.908  6 56148.23519731 12.121
 152 233.750761  65.104249    96.307    97.413  7 56158.15084643 11.625
 153 233.750896  65.104896    93.735    98.528  7 56168.06649460 12.797
 154 233.751858  65.103891    48.947    49.607  7 56177.98213992 19.498
 155 233.754273  65.102694    43.047    43.131  6 56187.89778080 42.402
 156 233.755855  65.102444    61.628    60.944  6 56197.81341815 15.983
 157 233.752183  65.103257    99.128    99.676  7 56207.72905213 12.884
 158 233.750442  65.104882    61.745    52.412  7 56217.64468471 27.466
 159 233.745805  65.105583    93.216    94.432  8 56227.56032810 23.596
 160 233.745762  65.105498    96.308    97.379  7 56237.47598254 18.623
 161 233.746981  65.104976   192.963   192.961  7 56247.39163321 11.710
 162 233.750836  65.105214   195.941   193.551  7 56257.30727916 11.605
 163 233.747679  65.105680   196.831   197.611  8 56267.22292110 10.031
 164 233.745027  65.106033   199.562   200.435  8 56277.13856143  6.332
 165 233.746671  65.105929    93.422    95.752  7 56287.05420938 11.792
 166 233.753171  65.104686    86.363    82.164  6 56296.96985949 11.833
 167 233.754109  65.102592    83.238    82.026  7 56306.88550506 11.442
 168 233.753850  65.102027   201.282   201.296  7 56316.80114762  2.012
 169 233.754333  65.103833    85.687    81.412  6 56326.71678876 10.064
 170 233.750023  65.105104    83.430    82.636  7 56336.63242843  9.225
 171 233.751736  65.105421    86.137    86.790  7 56346.54806708  8.659
 172 233.754190  65.103879    98.811    98.811  6 56356.46370320  7.999
 173 233.754367  65.102420    92.758    89.685  7 56366.37935057  8.105
 176 233.741836  65.105785    87.775    86.658  8 56396.12628756  6.422
 177 233.747808  65.107506    99.581    99.597  7 56406.04192969  5.011
 178 233.746029  65.106472    98.878    98.854  8 56415.95756754  5.111
 179 233.749779  65.104929    95.974    95.930  7 56425.87320106 14.622
 180 233.750093  65.104552   166.145   166.195  6 56435.78885037 11.188
 181 233.750388  65.105554    45.237    45.091  7 56445.70450226 50.160
 182 233.746693  65.106472    95.873    94.732  8 56455.62015140 24.798
 183 233.745810  65.106216    95.509    95.954  8 56465.53579766 19.094
 184 233.750028  65.104753    94.314    93.962  6 56475.45144054 27.877
 185 233.754494  65.102680    73.482    73.327  6 56485.36707993 14.276
 187 233.752660  65.102647    93.545    93.222  6 56505.19835047 28.320
 188 233.751311  65.104234    92.322    91.895  6 56515.11398343 23.267
 189 233.749235  65.105034    82.139    79.385  7 56525.02963665 17.838
 190 233.752256  65.104459    80.565    83.886  6 56534.94528796 16.068
 192 233.752419  65.103006    43.288    43.212  6 56554.77657957 40.766
 193 233.751103  65.104762    97.841    99.512  7 56564.69222233 12.742
 194 233.742135  65.106023    97.313    98.336  8 56574.60786301 11.732
 195 233.740527  65.106750    93.261    92.019  8 56584.52350153 26.506
 196 233.747313  65.106361    71.336    70.592  8 56594.43913735 19.381
 197 233.748325  65.105348    79.132    79.131  8 56604.35479050 24.259
 198 233.751757  65.105082    81.499    80.776  7 56614.27043913 19.754
 199 233.749462  65.105231    80.424    79.918  7 56624.18608340 16.273
 200 233.748864  65.105696   175.449   177.791  7 56634.10172504  6.357
 201 233.750388  65.105503   201.338   201.303  7 56644.01736203  5.989
 202 233.750640  65.104366   201.198   201.030  7 56653.93301460  4.649
 203 233.753670  65.103140    87.446    86.967  7 56663.84866369  9.914
 205 233.752918  65.103759   178.355   178.263  7 56683.67995464  0.458
 206 233.761409  65.106422   187.134   187.523  4 56693.59559830  1.113
 207 233.748334  65.105276    84.619    85.212  7 56703.51123547  9.786
 208 233.751944  65.104376    87.894    85.383  7 56713.42686891  9.470
 209 233.753848  65.103816    41.211    41.158  6 56723.34251771 16.730
 210 233.751949  65.103957    91.058    92.436  6 56733.25816825  7.937
 211 233.747608  65.105370    91.473    92.075  7 56743.17381523  7.736
 212 233.743395  65.106747    92.003    91.485  9 56753.08945789  7.388
 213 233.739710  65.106698    96.815    96.848  9 56763.00509518  6.395
 214 233.745856  65.106135    97.804    97.687  8 56772.92072812  9.231
 215 233.746877  65.105591    87.021    90.897  7 56782.83638586 21.493
 216 233.746984  65.105334    44.984    45.083  8 56792.75203983 48.347
 217 233.746804  65.105781    44.919    45.064  8 56802.66769100 44.369
 218 233.743823  65.105605    95.660    94.626  8 56812.58333404 26.133
 219 233.746194  65.105274    93.548    94.644  7 56822.49897385 12.100
 220 233.751898  65.104439    44.451    44.472  6 56832.41460974 54.112
 221 233.754547  65.103092    86.871    81.519  6 56842.33024195 15.040
 222 233.754958  65.102851    44.796    44.820  7 56852.24588134 43.799
 223 233.753472  65.103981    89.616    89.529  6 56862.16153553 23.896
 224 233.751946  65.105276    99.489    99.571  7 56872.07718917  9.516
 225 233.745971  65.105079    92.844    91.220  7 56881.99283927 20.023
 226 233.748345  65.105169    91.957    91.580  7 56891.90848649 27.349
 227 233.750897  65.105121    97.626    98.812  7 56901.82413068 13.025
 228 233.748114  65.105583    93.201    92.066  8 56911.73977243 25.530
 229 233.743902  65.106144    91.421    90.624  8 56921.65541244 24.341
 230 233.739571  65.106442    97.739    98.213  9 56931.57105020 11.615
 231 233.743618  65.106477    91.065    93.106  9 56941.48668355 14.910
 232 233.744415  65.105644    76.059    79.513  8 56951.40232492 25.365
 233 233.747368  65.105453    80.291    79.955  8 56961.31797648 16.308
 234 233.748243  65.105447    93.343    94.564  7 56971.23362294 18.671
 235 233.749100  65.105502    80.789    80.154  7 56981.14926538 12.505
 236 233.751381  65.105268   201.612   201.513  7 56991.06490352  5.367
 237 233.753125  65.104005    80.866    81.261  6 57000.98053520 12.897
 238 233.754125  65.103748    81.557    81.783  7 57010.89619229 12.588
 239 233.753707  65.103446   195.465   193.082  7 57020.81184412  6.669
 240 233.752191  65.103982   197.470   197.690  6 57030.72749294  4.765
 241 233.750762  65.104727    88.789    83.072  7 57040.64313993 10.382
 242 233.751199  65.105425    92.838    90.494  7 57050.55878495  8.566
 243 233.749167  65.104763    91.833    93.686  7 57060.47442555  8.827
 244 233.751085  65.104327    91.007    97.344  7 57070.39006093  8.399
 245 233.751058  65.104158    87.009    86.212  6 57080.30569184  7.832
 246 233.748364  65.104985    92.028    94.533  7 57090.22133172  6.723
 247 233.743876  65.106463    97.285    97.986  8 57100.13698927  6.624
 248 233.739886  65.106832    95.188    95.629  9 57110.05264374  6.477
 249 233.744746  65.106607    95.205    95.447  8 57119.96829345  6.394
 250 233.747219  65.105554    98.074    98.095  8 57129.88393700  2.681
