# NaN NaN NaN ;Mean Elev.(m), Avg Gradient(m/km), RMS Gradient(m/km) - SRTM1     
#   45.603   0.393   4.977 ;Mean Elev.(m), Avg Gradient(m/km), RMS Gradient(m/km) - ASTER GDEM
#   60.991 -10.615  15.907 ;Mean Elev.(m), Avg Gradient(m/km), RMS Gradient(m/km) - GMTED2010 
   3    -1.671 54681.81675175  2.49 235.076059  64.541462  2.400 -100.00 -100.00 -100.00
   3    -0.906 54681.81675234  1.67 235.081776  64.540542  2.588 -100.00 -100.00 -100.00
   3    -0.518 54681.81675293  2.59 235.087492  64.539622  2.475 -100.00 -100.00 -100.00
   5     1.264 54701.64803469  2.84 235.078809  64.542309  3.016 -100.00 -100.00 -100.00
   5     1.570 54701.64803528  5.90 235.084526  64.541389  5.498 -100.00 -100.00 -100.00
   5     2.244 54701.64803587  3.08 235.090242  64.540469  2.126 -100.00 -100.00 -100.00
   7     4.155 54721.47933291 14.04 235.072428  64.539797 10.368 -100.00 -100.00 -100.00
   7     4.516 54721.47933350 15.01 235.078144  64.538877 11.647 -100.00 -100.00 -100.00
   7     4.863 54721.47933409 18.94 235.083860  64.537957 20.005 -100.00 -100.00 -100.00
   7     4.941 54721.47933468 15.84 235.089575  64.537037 13.565 -100.00 -100.00 -100.00
   8   192.569 54731.39498158  4.16 235.072523  64.538039  4.880 -100.00 -100.00 -100.00
   8   190.026 54731.39498217  3.02 235.078238  64.537119  3.924 -100.00 -100.00 -100.00
   8   187.864 54731.39498276  1.94 235.083953  64.536199  3.608 -100.00 -100.00 -100.00
   8   183.237 54731.39498335  3.27 235.089668  64.535279  3.836 -100.00 -100.00 -100.00
   9   180.317 54741.31062831  3.69 235.071070  64.537990  7.877 -100.00 -100.00 -100.00
   9   191.539 54741.31062890  0.77 235.076786  64.537070  4.401 -100.00 -100.00 -100.00
   9   195.453 54741.31062949  0.96 235.082501  64.536150  5.214 -100.00 -100.00 -100.00
   9   186.564 54741.31063008  1.48 235.088216  64.535230  5.254 -100.00 -100.00 -100.00
  10   192.745 54751.22627516  1.96 235.072172  64.538148  3.597 -100.00 -100.00 -100.00
  10   190.156 54751.22627575  1.47 235.077887  64.537227  3.588 -100.00 -100.00 -100.00
  10   187.285 54751.22627634  1.80 235.083603  64.536307  3.752 -100.00 -100.00 -100.00
  10   181.212 54751.22627693  2.39 235.089318  64.535387  3.569 -100.00 -100.00 -100.00
  14   183.001 54790.88884521  5.81 235.069655  64.537305  6.602 -100.00 -100.00 -100.00
  14   180.811 54790.88884580  5.99 235.075372  64.536385  6.233 -100.00 -100.00 -100.00
  14   177.840 54790.88884639  6.95 235.081088  64.535465  7.954 -100.00 -100.00 -100.00
  14   177.448 54790.88884698  4.71 235.086803  64.534545  4.626 -100.00 -100.00 -100.00
  17   190.122 54820.63576018  3.82 235.073066  64.540433  4.685 -100.00 -100.00 -100.00
  17   188.595 54820.63576077  4.11 235.078783  64.539513  5.093 -100.00 -100.00 -100.00
  17   176.660 54820.63576136  3.92 235.084499  64.538593  4.841 -100.00 -100.00 -100.00
  17   179.162 54820.63576195  3.52 235.090215  64.537673  4.319 -100.00 -100.00 -100.00
  18   180.581 54830.55141278  2.99 235.075881  64.539813  4.128 -100.00 -100.00 -100.00
  18   177.534 54830.55141337  3.55 235.081597  64.538894  4.413 -100.00 -100.00 -100.00
  18   180.658 54830.55141396  3.55 235.087313  64.537973  5.218 -100.00 -100.00 -100.00
  19   180.915 54840.46705143  2.76 235.074286  64.539834  4.788 -100.00 -100.00 -100.00
  19   178.909 54840.46705202  2.93 235.080002  64.538914  4.631 -100.00 -100.00 -100.00
  19   177.240 54840.46705261  2.74 235.085717  64.537994  3.988 -100.00 -100.00 -100.00
  19   182.587 54840.46705320  1.88 235.091433  64.537074  3.218 -100.00 -100.00 -100.00
  21   192.752 54860.29834913  0.61 235.076731  64.540593  2.765 -100.00 -100.00 -100.00
  21   190.009 54860.29834972  0.79 235.082447  64.539673  3.092 -100.00 -100.00 -100.00
  21   188.037 54860.29835031  0.63 235.088163  64.538752  3.096 -100.00 -100.00 -100.00
  22   207.615 54870.21399758  0.03 235.075463  64.541353  3.260 -100.00 -100.00 -100.00
  22   204.937 54870.21399817  0.20 235.081179  64.540433  3.689 -100.00 -100.00 -100.00
  22   202.833 54870.21399876  0.42 235.086895  64.539512  3.345 -100.00 -100.00 -100.00
  24   119.337 54890.04528922  7.99 235.074182  64.538536  7.425 -100.00 -100.00 -100.00
  24   126.916 54890.04528981  8.14 235.079898  64.537616  7.802 -100.00 -100.00 -100.00
  24   116.355 54890.04529040  7.80 235.085614  64.536696  8.617 -100.00 -100.00 -100.00
  24   114.504 54890.04529099  8.46 235.091329  64.535775  8.423 -100.00 -100.00 -100.00
  25   120.724 54899.96092993  7.72 235.068777  64.537284  4.634 -100.00 -100.00 -100.00
  25   118.288 54899.96093052  8.33 235.074493  64.536364  4.625 -100.00 -100.00 -100.00
  25   115.467 54899.96093111  9.33 235.080209  64.535444  5.785 -100.00 -100.00 -100.00
  25   115.366 54899.96093170  8.84 235.085924  64.534524  5.583 -100.00 -100.00 -100.00
  27   161.752 54919.79220714  2.13 235.073478  64.537604  3.639 -100.00 -100.00 -100.00
  27   164.391 54919.79220773  0.90 235.079194  64.536684  3.888 -100.00 -100.00 -100.00
  30    53.987 54949.53911547 22.76 235.069650  64.538389 25.936 -100.00 -100.00 -100.00
  30    54.057 54949.53911606 26.27 235.075366  64.537470   -100 -100.00 -100.00 -100.00
  30    54.755 54949.53911665 26.32 235.081081  64.536550 30.401 -100.00 -100.00 -100.00
  30    54.371 54949.53911724 27.94 235.086796  64.535630   -100 -100.00 -100.00 -100.00
  31   198.236 54959.45475401  3.12 235.071451  64.537276  2.641 -100.00 -100.00 -100.00
  31   201.527 54959.45475460  3.10 235.077167  64.536357  2.373 -100.00 -100.00 -100.00
  31   203.219 54959.45475519  2.78 235.082882  64.535437  2.252 -100.00 -100.00 -100.00
  31   202.438 54959.45475578  3.11 235.088596  64.534517  2.416 -100.00 -100.00 -100.00
  34   108.329 54989.20169717 26.81 235.073331  64.539615 19.114 -100.00 -100.00 -100.00
  34   109.272 54989.20169776 29.14 235.079047  64.538695 17.748 -100.00 -100.00 -100.00
  34   108.724 54989.20169835 31.34 235.084762  64.537775   -100 -100.00 -100.00 -100.00
  34   113.635 54989.20169894 14.68 235.090477  64.536855  9.731 -100.00 -100.00 -100.00
  35   193.557 54999.11734431  2.82 235.071995  64.539822  3.046 -100.00 -100.00 -100.00
  35   191.318 54999.11734490  2.88 235.077711  64.538902  3.091 -100.00 -100.00 -100.00
  35   189.782 54999.11734549  2.68 235.083427  64.537982  2.821 -100.00 -100.00 -100.00
  35   199.849 54999.11734608  2.62 235.089142  64.537062  2.559 -100.00 -100.00 -100.00
  37   193.133 55018.94863356  3.43 235.072270  64.539679  3.513 -100.00 -100.00 -100.00
  37   190.500 55018.94863415  3.49 235.077987  64.538759  3.940 -100.00 -100.00 -100.00
  37   188.318 55018.94863474  3.10 235.083703  64.537839  3.386 -100.00 -100.00 -100.00
  37   198.394 55018.94863533  2.80 235.089418  64.536918  2.969 -100.00 -100.00 -100.00
  38   191.821 55028.86427623  2.08 235.075454  64.540216  3.163 -100.00 -100.00 -100.00
  38   189.647 55028.86427682  1.63 235.081171  64.539296  2.393 -100.00 -100.00 -100.00
  38   198.168 55028.86427741  1.49 235.086886  64.538376  2.721 -100.00 -100.00 -100.00
  39   179.390 55038.77991830  3.08 235.078078  64.541116  6.303 -100.00 -100.00 -100.00
  39   177.170 55038.77991889  3.65 235.083794  64.540196  5.981 -100.00 -100.00 -100.00
  39   175.743 55038.77991948  2.94 235.089510  64.539275  5.786 -100.00 -100.00 -100.00
  40   129.792 55048.69555883 19.72 235.077150  64.542116  7.062 -100.00 -100.00 -100.00
  40   130.251 55048.69555942 23.99 235.082866  64.541196 16.816 -100.00 -100.00 -100.00
  40   131.178 55048.69556001  8.46 235.088582  64.540276  5.205 -100.00 -100.00 -100.00
  42   175.683 55068.52683633  7.58 235.074621  64.539351 11.876 -100.00 -100.00 -100.00
  42   177.719 55068.52683692  3.79 235.080336  64.538431  6.641 -100.00 -100.00 -100.00
  42   175.663 55068.52683751  5.16 235.086052  64.537511  8.670 -100.00 -100.00 -100.00
  43   202.921 55078.44248756  0.84 235.085094  64.535127  5.475 -100.00 -100.00 -100.00
  43   200.465 55078.44248815  0.75 235.090808  64.534207  4.110 -100.00 -100.00 -100.00
  44   193.571 55088.35813348  0.01 235.067709  64.537353  3.788 -100.00 -100.00 -100.00
  44   183.461 55088.35813407  1.55 235.073424  64.536434  4.832 -100.00 -100.00 -100.00
  44   181.563 55088.35813466  0.35 235.079139  64.535514  4.017 -100.00 -100.00 -100.00
  44   178.966 55088.35813525  1.51 235.084854  64.534594  3.888 -100.00 -100.00 -100.00
  44   181.941 55088.35813584  1.08 235.090568  64.533673  3.973 -100.00 -100.00 -100.00
  45   131.117 55098.27377994  4.09 235.071695  64.537911  5.254 -100.00 -100.00 -100.00
  45   143.842 55098.27378053  2.57 235.077410  64.536991  4.091 -100.00 -100.00 -100.00
  45   132.229 55098.27378112  5.46 235.083125  64.536071  5.083 -100.00 -100.00 -100.00
  45   132.564 55098.27378171  7.17 235.088840  64.535150  5.633 -100.00 -100.00 -100.00
  46   182.879 55108.18942545  2.00 235.071551  64.539326  5.696 -100.00 -100.00 -100.00
  46   180.750 55108.18942604  1.84 235.077267  64.538406  5.338 -100.00 -100.00 -100.00
  46   187.085 55108.18942663  1.20 235.082982  64.537485  4.736 -100.00 -100.00 -100.00
  46   199.577 55108.18942722  1.02 235.088698  64.536565  4.127 -100.00 -100.00 -100.00
  47   118.858 55118.10507000 17.95 235.069807  64.539306  8.386 -100.00 -100.00 -100.00
  47   117.430 55118.10507059 18.32 235.075523  64.538386  8.660 -100.00 -100.00 -100.00
  47   116.373 55118.10507118 18.16 235.081239  64.537466  7.710 -100.00 -100.00 -100.00
  47   113.442 55118.10507177 19.57 235.086955  64.536545  9.284 -100.00 -100.00 -100.00
  48   183.478 55128.02071248  7.84 235.069481  64.537484  8.246 -100.00 -100.00 -100.00
  48   181.184 55128.02071307  7.08 235.075197  64.536564  7.671 -100.00 -100.00 -100.00
  48   178.869 55128.02071366  6.36 235.080913  64.535644  7.059 -100.00 -100.00 -100.00
  48   176.146 55128.02071425  6.45 235.086629  64.534724  7.924 -100.00 -100.00 -100.00
  49   183.862 55137.93635265  9.77 235.067681  64.536174  9.730 -100.00 -100.00 -100.00
  49   182.154 55137.93635324  8.66 235.073397  64.535254  8.940 -100.00 -100.00 -100.00
  49   179.932 55137.93635383  7.51 235.079113  64.534334  8.249 -100.00 -100.00 -100.00
  49   177.438 55137.93635442  7.72 235.084828  64.533414  9.514 -100.00 -100.00 -100.00
  49   175.131 55137.93635501  7.74 235.090543  64.532494  7.757 -100.00 -100.00 -100.00
  51    54.867 55157.76763074 31.50 235.083501  64.536673   -100 -100.00 -100.00 -100.00
  51    54.757 55157.76763133 29.39 235.089217  64.535753   -100 -100.00 -100.00 -100.00
  52   181.117 55167.68326729  4.24 235.071803  64.540876  6.021 -100.00 -100.00 -100.00
  52   179.341 55167.68326788  4.05 235.077520  64.539956  4.900 -100.00 -100.00 -100.00
  52   176.916 55167.68326847  4.32 235.083236  64.539036  5.919 -100.00 -100.00 -100.00
  52   177.837 55167.68326906  3.38 235.088952  64.538116  4.967 -100.00 -100.00 -100.00
  54   117.824 55187.51454913 10.44 235.075343  64.540258  7.128 -100.00 -100.00 -100.00
  54   116.017 55187.51454972 11.06 235.081059  64.539339  7.832 -100.00 -100.00 -100.00
  54   114.465 55187.51455031 11.28 235.086775  64.538419  7.586 -100.00 -100.00 -100.00
  55   118.198 55197.43020001  9.45 235.074535  64.539491  5.807 -100.00 -100.00 -100.00
  55   116.496 55197.43020060  9.44 235.080251  64.538571  5.794 -100.00 -100.00 -100.00
  55   114.587 55197.43020119 10.40 235.085966  64.537651  6.298 -100.00 -100.00 -100.00
  55   113.953 55197.43020178 10.31 235.091681  64.536730  6.416 -100.00 -100.00 -100.00
  56   117.207 55207.34584990  9.92 235.076027  64.539743  7.855 -100.00 -100.00 -100.00
  56   115.782 55207.34585049  9.68 235.081743  64.538823  6.268 -100.00 -100.00 -100.00
  56   114.817 55207.34585108  8.93 235.087458  64.537903  5.013 -100.00 -100.00 -100.00
  57   117.389 55217.26149913  8.41 235.077559  64.540881  5.777 -100.00 -100.00 -100.00
  57   115.313 55217.26149972  9.45 235.083275  64.539961  6.115 -100.00 -100.00 -100.00
  57   113.854 55217.26150031  9.66 235.088991  64.539041  7.182 -100.00 -100.00 -100.00
  58   118.155 55227.17714762  8.11 235.077648  64.541145  6.114 -100.00 -100.00 -100.00
  58   115.403 55227.17714821  8.84 235.083364  64.540224  6.921 -100.00 -100.00 -100.00
  58   114.105 55227.17714880  8.69 235.089080  64.539304  6.088 -100.00 -100.00 -100.00
  59   117.720 55237.09279305  8.55 235.073117  64.540207  8.475 -100.00 -100.00 -100.00
  59   117.370 55237.09279365  7.89 235.078833  64.539287  5.363 -100.00 -100.00 -100.00
  59   115.933 55237.09279424  7.44 235.084549  64.538366  4.991 -100.00 -100.00 -100.00
  59   114.113 55237.09279483  8.89 235.090265  64.537446  6.652 -100.00 -100.00 -100.00
  60   191.485 55247.00843549  1.08 235.072086  64.537523  4.094 -100.00 -100.00 -100.00
  60   187.974 55247.00843608  1.29 235.077802  64.536603  4.402 -100.00 -100.00 -100.00
  60   185.541 55247.00843667  1.91 235.083517  64.535683  5.321 -100.00 -100.00 -100.00
  60   180.332 55247.00843726  2.30 235.089232  64.534762  5.759 -100.00 -100.00 -100.00
  61   209.973 55256.92407533  0.99 235.070774  64.535589  3.868 -100.00 -100.00 -100.00
  61   206.635 55256.92407592  1.45 235.076490  64.534669  5.002 -100.00 -100.00 -100.00
  61   204.301 55256.92407651  1.32 235.082205  64.533749  4.565 -100.00 -100.00 -100.00
  61   200.716 55256.92407710  1.44 235.087920  64.532828  4.331 -100.00 -100.00 -100.00
  63   193.582 55276.75535254  0.68 235.073307  64.537750  4.185 -100.00 -100.00 -100.00
  63   191.906 55276.75535313  0.20 235.079022  64.536830  3.949 -100.00 -100.00 -100.00
  63   188.368 55276.75535372  0.57 235.084738  64.535910  3.442 -100.00 -100.00 -100.00
  63   197.011 55276.75535431  0.52 235.090452  64.534989  3.507 -100.00 -100.00 -100.00
  64   172.213 55286.67099079  0.93 235.084594  64.537750  3.993 -100.00 -100.00 -100.00
  64   174.624 55286.67099138  0.11 235.090309  64.536829  3.487 -100.00 -100.00 -100.00
  66   183.687 55306.50226501  2.05 235.069275  64.538168  5.176 -100.00 -100.00 -100.00
  66   186.810 55306.50226560  1.22 235.074990  64.537249  4.905 -100.00 -100.00 -100.00
  66   187.950 55306.50226619  0.24 235.080706  64.536329  4.075 -100.00 -100.00 -100.00
  66   185.601 55306.50226678  0.48 235.086420  64.535409  4.872 -100.00 -100.00 -100.00
  67   196.715 55316.41791186  2.83 235.068111  64.536430  2.786 -100.00 -100.00 -100.00
  67   196.303 55316.41791245  2.62 235.073826  64.535511  3.291 -100.00 -100.00 -100.00
  67   196.922 55316.41791304  2.26 235.079540  64.534591  2.377 -100.00 -100.00 -100.00
  67   200.935 55316.41791363  2.03 235.085254  64.533671  2.531 -100.00 -100.00 -100.00
  69   193.230 55336.24920192  2.16 235.072523  64.538339  4.537 -100.00 -100.00 -100.00
  69   190.743 55336.24920251  1.86 235.078238  64.537419  3.667 -100.00 -100.00 -100.00
  69   188.731 55336.24920310  2.07 235.083953  64.536499  4.583 -100.00 -100.00 -100.00
  69   195.943 55336.24920369  1.15 235.089667  64.535579  2.992 -100.00 -100.00 -100.00
  70    55.727 55346.16484594 45.64 235.075391  64.539975 25.267 -100.00 -100.00 -100.00
  70    55.730 55346.16484653 52.22 235.081107  64.539055 28.741 -100.00 -100.00 -100.00
  70    54.523 55346.16484712 49.73 235.086822  64.538135   -100 -100.00 -100.00 -100.00
  71   182.160 55356.08048825  0.60 235.072742  64.540915  4.157 -100.00 -100.00 -100.00
  71   179.995 55356.08048884  1.47 235.078459  64.539995  6.568 -100.00 -100.00 -100.00
  71   177.805 55356.08048944  2.26 235.084174  64.539075  7.316 -100.00 -100.00 -100.00
  72   181.002 55365.99612915  0.74 235.074957  64.540074  3.790 -100.00 -100.00 -100.00
  72   178.884 55365.99613033  0.59 235.086388  64.538234  4.720 -100.00 -100.00 -100.00
  74   164.901 55385.82740625  7.74 235.072641  64.540801 13.511 -100.00 -100.00 -100.00
  74   179.222 55385.82740684  3.64 235.078358  64.539881  6.746 -100.00 -100.00 -100.00
  74   160.144 55385.82740743  9.99 235.084074  64.538961 19.265 -100.00 -100.00 -100.00
  74   157.081 55385.82740802 10.42 235.089789  64.538041 19.975 -100.00 -100.00 -100.00
  75   206.892 55395.74304382  0.08 235.075708  64.541569  3.874 -100.00 -100.00 -100.00
  75   205.036 55395.74304441  0.22 235.081424  64.540649  3.488 -100.00 -100.00 -100.00
  76   174.810 55405.65868433  7.10 235.075498  64.542322 11.459 -100.00 -100.00 -100.00
  76   172.254 55405.65868492  7.39 235.081215  64.541403 10.765 -100.00 -100.00 -100.00
  76   175.067 55405.65868551  4.90 235.086931  64.540483  6.779 -100.00 -100.00 -100.00
  78   191.364 55425.48998397  2.90 235.072420  64.538286  4.690 -100.00 -100.00 -100.00
  78   180.684 55425.48998456  3.58 235.078135  64.537366  6.025 -100.00 -100.00 -100.00
  78   186.538 55425.48998515  2.76 235.083850  64.536446  5.055 -100.00 -100.00 -100.00
  78   178.499 55425.48998574  3.33 235.089565  64.535526  6.021 -100.00 -100.00 -100.00
  79   195.778 55435.40562917  1.40 235.067946  64.536742  4.975 -100.00 -100.00 -100.00
  79   193.926 55435.40562976  0.58 235.073661  64.535823  4.262 -100.00 -100.00 -100.00
  79   199.813 55435.40563035  0.94 235.079376  64.534903  4.504 -100.00 -100.00 -100.00
  79   196.514 55435.40563094  0.63 235.085090  64.533983  3.337 -100.00 -100.00 -100.00
  80   180.717 55445.32127345  3.08 235.069739  64.536310  7.625 -100.00 -100.00 -100.00
  80   198.625 55445.32127463  0.52 235.081168  64.534470  4.977 -100.00 -100.00 -100.00
  80   179.457 55445.32127522  1.44 235.086883  64.533550  5.664 -100.00 -100.00 -100.00
  81   193.628 55455.23691638  0.81 235.068643  64.538091  4.380 -100.00 -100.00 -100.00
  81   186.736 55455.23691697  1.25 235.074359  64.537171  4.577 -100.00 -100.00 -100.00
  81   184.677 55455.23691756  0.45 235.080074  64.536251  3.916 -100.00 -100.00 -100.00
  81   186.413 55455.23691815  0.61 235.085789  64.535331  3.709 -100.00 -100.00 -100.00
  83   190.207 55475.06819887  1.67 235.074726  64.539125  4.651 -100.00 -100.00 -100.00
  83   199.286 55475.06819946  0.18 235.080442  64.538205  3.095 -100.00 -100.00 -100.00
  83   185.813 55475.06820005  1.82 235.086158  64.537285  4.930 -100.00 -100.00 -100.00
  84   182.976 55484.98383516  5.82 235.071122  64.538188  8.433 -100.00 -100.00 -100.00
  84   186.232 55484.98383575  3.49 235.076838  64.537268  5.567 -100.00 -100.00 -100.00
  84   186.864 55484.98383634  3.69 235.082555  64.536348  6.161 -100.00 -100.00 -100.00
  84   176.672 55484.98383693  4.21 235.088270  64.535428  5.730 -100.00 -100.00 -100.00
  85   109.142 55494.89946988 21.45 235.072371  64.536439 12.111 -100.00 -100.00 -100.00
  85   109.512 55494.89947047 25.33 235.078087  64.535519 22.215 -100.00 -100.00 -100.00
  85   112.621 55494.89947106 21.30 235.083803  64.534599  8.507 -100.00 -100.00 -100.00
  85   112.495 55494.89947165 23.89 235.089518  64.533679 12.516 -100.00 -100.00 -100.00
  86   183.520 55504.81510302  6.54 235.068470  64.537868  9.052 -100.00 -100.00 -100.00
  86   181.521 55504.81510361  6.73 235.074186  64.536948  8.510 -100.00 -100.00 -100.00
  86   179.154 55504.81510420  6.87 235.079903  64.536029  9.123 -100.00 -100.00 -100.00
  86   176.969 55504.81510479  5.82 235.085619  64.535109  7.366 -100.00 -100.00 -100.00
  87   181.805 55514.73075333  7.31 235.071520  64.539257  8.154 -100.00 -100.00 -100.00
  87   179.903 55514.73075392  7.06 235.077237  64.538337  7.451 -100.00 -100.00 -100.00
  87   177.441 55514.73075451  5.26 235.082953  64.537417  5.383 -100.00 -100.00 -100.00
  87   178.307 55514.73075510  5.83 235.088669  64.536497  5.417 -100.00 -100.00 -100.00
  88   117.254 55524.64640319 14.92 235.074742  64.540799  5.842 -100.00 -100.00 -100.00
  88   111.328 55524.64640378 15.99 235.080458  64.539879  7.315 -100.00 -100.00 -100.00
  88   113.153 55524.64640437 15.98 235.086175  64.538959  7.188 -100.00 -100.00 -100.00
  88   113.279 55524.64640496 17.07 235.091891  64.538039  7.607 -100.00 -100.00 -100.00
  89   117.237 55534.56205107 14.57 235.075773  64.541147  8.657 -100.00 -100.00 -100.00
  89   115.471 55534.56205166 13.97 235.081490  64.540227  6.663 -100.00 -100.00 -100.00
  89   114.252 55534.56205225 14.51 235.087206  64.539307  6.976 -100.00 -100.00 -100.00
  90   181.032 55544.47769672  5.11 235.073094  64.540671  5.664 -100.00 -100.00 -100.00
  90   188.017 55544.47769731  4.39 235.078810  64.539751  5.230 -100.00 -100.00 -100.00
  90   176.672 55544.47769790  3.79 235.084526  64.538831  4.215 -100.00 -100.00 -100.00
  90   178.658 55544.47769849  3.91 235.090242  64.537910  4.508 -100.00 -100.00 -100.00
  91   180.622 55554.39334087  5.48 235.074689  64.539622  6.331 -100.00 -100.00 -100.00
  91   178.220 55554.39334146  5.33 235.080405  64.538702  5.669 -100.00 -100.00 -100.00
  91   176.362 55554.39334205  4.46 235.086121  64.537782  4.723 -100.00 -100.00 -100.00
  92   180.038 55564.30898383  5.40 235.075739  64.539720  6.773 -100.00 -100.00 -100.00
  92   177.524 55564.30898442  4.97 235.081455  64.538800  5.091 -100.00 -100.00 -100.00
  92   176.312 55564.30898501  4.89 235.087171  64.537880  4.912 -100.00 -100.00 -100.00
  93   180.055 55574.22462604  3.91 235.075922  64.540503  4.480 -100.00 -100.00 -100.00
  93   177.656 55574.22462663  5.04 235.081638  64.539583  5.716 -100.00 -100.00 -100.00
  93   176.270 55574.22462722  4.30 235.087354  64.538663  5.167 -100.00 -100.00 -100.00
  94   181.070 55584.14026642  4.38 235.072245  64.541010  6.602 -100.00 -100.00 -100.00
  94   179.208 55584.14026701  3.09 235.077962  64.540091  4.845 -100.00 -100.00 -100.00
  94   186.186 55584.14026760  2.55 235.083678  64.539170  3.942 -100.00 -100.00 -100.00
  94   184.239 55584.14026819  2.39 235.089394  64.538250  4.047 -100.00 -100.00 -100.00
  95   192.765 55594.05590381  1.93 235.071670  64.539923  4.063 -100.00 -100.00 -100.00
  95   191.064 55594.05590440  1.57 235.077387  64.539004  3.945 -100.00 -100.00 -100.00
  95   188.009 55594.05590499  1.29 235.083103  64.538084  3.388 -100.00 -100.00 -100.00
  95   197.421 55594.05590558  1.01 235.088819  64.537163  3.776 -100.00 -100.00 -100.00
  97   192.085 55613.88717021  1.75 235.073535  64.537491  4.036 -100.00 -100.00 -100.00
  97   191.520 55613.88717080  1.16 235.079251  64.536572  3.956 -100.00 -100.00 -100.00
  97   187.642 55613.88717139  1.06 235.084967  64.535652  3.119 -100.00 -100.00 -100.00
  97   196.949 55613.88717198  0.51 235.090682  64.534732  3.119 -100.00 -100.00 -100.00
  98   203.475 55623.80280896  0.33 235.083679  64.536449  4.324 -100.00 -100.00 -100.00
  98   202.583 55623.80280955  0.12 235.089395  64.535529  3.474 -100.00 -100.00 -100.00
 105   192.421 55693.21231815  0.71 235.073144  64.539245  3.454 -100.00 -100.00 -100.00
 105   189.699 55693.21231874  0.93 235.078860  64.538326  3.680 -100.00 -100.00 -100.00
 105   196.448 55693.21231933  0.70 235.084575  64.537406  3.548 -100.00 -100.00 -100.00
 105   193.267 55693.21231992  0.13 235.090290  64.536486  3.150 -100.00 -100.00 -100.00
 106   193.348 55703.12795366  5.16 235.072443  64.541501  2.598 -100.00 -100.00 -100.00
 106   191.342 55703.12795425  5.06 235.078159  64.540582  2.536 -100.00 -100.00 -100.00
 106   195.239 55703.12795484  4.92 235.083875  64.539662  2.366 -100.00 -100.00 -100.00
 106   197.563 55703.12795543  4.72 235.089591  64.538742  2.509 -100.00 -100.00 -100.00
 107   190.346 55713.04359828  1.20 235.077309  64.541431  3.779 -100.00 -100.00 -100.00
 107   198.093 55713.04359887  0.05 235.083026  64.540512  2.888 -100.00 -100.00 -100.00
 107   185.250 55713.04359946  0.33 235.088742  64.539592  2.583 -100.00 -100.00 -100.00
 108   185.535 55722.95924748  1.53 235.076044  64.540991  3.792 -100.00 -100.00 -100.00
 108   188.113 55722.95924807  0.49 235.081761  64.540072  3.501 -100.00 -100.00 -100.00
 108   185.973 55722.95924866  0.85 235.087477  64.539152  4.254 -100.00 -100.00 -100.00
 109   126.179 55732.87489478 19.80 235.075333  64.540502  8.984 -100.00 -100.00 -100.00
 109   130.650 55732.87489538 25.11 235.081050  64.539582  8.777 -100.00 -100.00 -100.00
 109   131.016 55732.87489597 25.77 235.086766  64.538662 17.976 -100.00 -100.00 -100.00
 110   128.524 55742.79054109  5.46 235.077167  64.540035  3.989 -100.00 -100.00 -100.00
 110   130.591 55742.79054168  6.89 235.082883  64.539115  4.558 -100.00 -100.00 -100.00
 110   131.297 55742.79054227  7.01 235.088599  64.538194  4.588 -100.00 -100.00 -100.00
 111   103.592 55752.70618558 23.38 235.074251  64.540390 10.262 -100.00 -100.00 -100.00
 111   108.006 55752.70618617 28.25 235.079967  64.539470 14.351 -100.00 -100.00 -100.00
 111   105.368 55752.70618676 30.54 235.085683  64.538550   -100 -100.00 -100.00 -100.00
 111   113.693 55752.70618735 10.78 235.091398  64.537629  7.593 -100.00 -100.00 -100.00
 112   180.149 55762.62182829  5.38 235.075771  64.539514  6.609 -100.00 -100.00 -100.00
 112   178.121 55762.62182888  4.94 235.081487  64.538594  6.889 -100.00 -100.00 -100.00
 112   180.966 55762.62182947  4.75 235.087202  64.537674  6.636 -100.00 -100.00 -100.00
 114   193.788 55782.45310391  1.17 235.071698  64.537759  4.025 -100.00 -100.00 -100.00
 114   196.187 55782.45310450  1.07 235.077414  64.536840  4.532 -100.00 -100.00 -100.00
 114   198.730 55782.45310509  0.89 235.083129  64.535920  3.505 -100.00 -100.00 -100.00
 114   186.175 55782.45310568  2.30 235.088843  64.535000  3.893 -100.00 -100.00 -100.00
 115   182.547 55792.36873749  1.55 235.072071  64.537788  5.430 -100.00 -100.00 -100.00
 115   190.372 55792.36873808  2.00 235.077787  64.536869  6.380 -100.00 -100.00 -100.00
 115   187.698 55792.36873867  1.22 235.083502  64.535949  4.258 -100.00 -100.00 -100.00
 115   185.105 55792.36873926  0.88 235.089216  64.535029  3.956 -100.00 -100.00 -100.00
 116   130.078 55802.28437137 23.11 235.073898  64.538677  9.048 -100.00 -100.00 -100.00
 116   130.558 55802.28437196 25.54 235.079613  64.537758  8.352 -100.00 -100.00 -100.00
 116   126.175 55802.28437255 21.01 235.085329  64.536838 20.060 -100.00 -100.00 -100.00
 116   132.353 55802.28437314 11.54 235.091044  64.535918  5.139 -100.00 -100.00 -100.00
 117   181.155 55812.20002132  2.31 235.074403  64.539207  4.355 -100.00 -100.00 -100.00
 117   178.952 55812.20002191  2.06 235.080119  64.538287  4.375 -100.00 -100.00 -100.00
 117   179.440 55812.20002250  2.03 235.085835  64.537367  3.405 -100.00 -100.00 -100.00
 117   183.601 55812.20002309  1.53 235.091550  64.536447  3.277 -100.00 -100.00 -100.00
 119   192.596 55832.03131313  1.55 235.073786  64.538619  4.529 -100.00 -100.00 -100.00
 119   190.187 55832.03131372  1.47 235.079503  64.537699  3.685 -100.00 -100.00 -100.00
 119   195.025 55832.03131431  0.99 235.085219  64.536779  3.061 -100.00 -100.00 -100.00
 119   185.480 55832.03131490  1.21 235.090935  64.535859  3.309 -100.00 -100.00 -100.00
 120   193.509 55841.94695179  2.50 235.069610  64.538541  5.128 -100.00 -100.00 -100.00
 120   191.769 55841.94695238  1.34 235.075327  64.537622  3.516 -100.00 -100.00 -100.00
 120   189.005 55841.94695298  1.43 235.081043  64.536702  4.036 -100.00 -100.00 -100.00
 120   187.064 55841.94695357  1.38 235.086759  64.535782  3.476 -100.00 -100.00 -100.00
 121   181.274 55851.86258804  2.91 235.071969  64.538285  7.260 -100.00 -100.00 -100.00
 121   179.982 55851.86258863  1.79 235.077686  64.537366  6.248 -100.00 -100.00 -100.00
 121   197.531 55851.86258922  0.11 235.083402  64.536446  3.698 -100.00 -100.00 -100.00
 122   181.552 55861.77822202  7.29 235.073386  64.539652  9.761 -100.00 -100.00 -100.00
 122   178.065 55861.77822261  6.99 235.079103  64.538732  8.615 -100.00 -100.00 -100.00
 122   176.731 55861.77822320  6.10 235.084819  64.537812  7.622 -100.00 -100.00 -100.00
 122   174.857 55861.77822379  5.47 235.090535  64.536892  7.421 -100.00 -100.00 -100.00
 123   180.792 55871.69387624  6.51 235.074605  64.540351  6.188 -100.00 -100.00 -100.00
 123   178.445 55871.69387683  5.96 235.080322  64.539431  5.622 -100.00 -100.00 -100.00
 123   176.450 55871.69387742  5.48 235.086038  64.538511  4.303 -100.00 -100.00 -100.00
 123   179.936 55871.69387801  5.31 235.091754  64.537591  4.239 -100.00 -100.00 -100.00
 133   193.416 55970.85031537  0.69 235.071573  64.537529  3.873 -100.00 -100.00 -100.00
 133   191.519 55970.85031596  0.75 235.077289  64.536610  4.389 -100.00 -100.00 -100.00
 133   189.083 55970.85031655  0.60 235.083005  64.535690  3.641 -100.00 -100.00 -100.00
 133   198.718 55970.85031714  0.50 235.088720  64.534769  3.393 -100.00 -100.00 -100.00
 134   206.005 55980.76595181  0.95 235.074770  64.538841  4.185 -100.00 -100.00 -100.00
 134   203.855 55980.76595240  1.03 235.080487  64.537921  4.102 -100.00 -100.00 -100.00
 134   201.122 55980.76595299  0.59 235.086202  64.537001  3.656 -100.00 -100.00 -100.00
 135   206.669 55990.68158660  0.08 235.071930  64.540271  3.636 -100.00 -100.00 -100.00
 135   204.804 55990.68158719  0.56 235.077647  64.539351  4.178 -100.00 -100.00 -100.00
 135   201.274 55990.68158778  1.13 235.083363  64.538432  3.952 -100.00 -100.00 -100.00
 135   199.270 55990.68158838  0.46 235.089079  64.537512  3.154 -100.00 -100.00 -100.00
 137   202.221 56010.51288346  0.57 235.082594  64.536122  3.867 -100.00 -100.00 -100.00
 137   200.591 56010.51288405  0.17 235.088308  64.535202  3.115 -100.00 -100.00 -100.00
 139   209.760 56030.34417272  0.19 235.074097  64.537508  3.721 -100.00 -100.00 -100.00
 139   207.789 56030.34417331  0.37 235.079812  64.536588  3.371 -100.00 -100.00 -100.00
 142   190.666 56060.09109013  4.98 235.073868  64.541587  3.268 -100.00 -100.00 -100.00
 142   188.206 56060.09109072  4.14 235.079584  64.540667  3.120 -100.00 -100.00 -100.00
 142   186.096 56060.09109131  3.66 235.085300  64.539747  2.565 -100.00 -100.00 -100.00
 142   183.304 56060.09109190  3.52 235.091016  64.538827  2.463 -100.00 -100.00 -100.00
 143   206.407 56070.00672639  3.56 235.076071  64.541179  2.454 -100.00 -100.00 -100.00
 143   205.184 56070.00672698  3.11 235.081787  64.540259  2.291 -100.00 -100.00 -100.00
 143   203.973 56070.00672757  3.47 235.087503  64.539339  2.494 -100.00 -100.00 -100.00
 144   192.685 56079.92237749  1.17 235.077308  64.540237  3.297 -100.00 -100.00 -100.00
 144   199.146 56079.92237808  0.24 235.083024  64.539317  2.454 -100.00 -100.00 -100.00
 144   197.639 56079.92237867  0.72 235.088740  64.538397  2.939 -100.00 -100.00 -100.00
 145   204.017 56089.83802568  0.55 235.076803  64.540284  3.120 -100.00 -100.00 -100.00
 145   202.952 56089.83802627  0.31 235.082519  64.539364  3.193 -100.00 -100.00 -100.00
 145   201.205 56089.83802686  0.04 235.088235  64.538444  2.860 -100.00 -100.00 -100.00
 146   191.528 56099.75367098  1.22 235.072438  64.541571  4.149 -100.00 -100.00 -100.00
 146   208.543 56099.75367157  0.47 235.078154  64.540651  4.286 -100.00 -100.00 -100.00
 147   181.632 56109.66930307  0.78 235.075116  64.540740  5.357 -100.00 -100.00 -100.00
 147   201.749 56109.66930425  0.04 235.086548  64.538900  3.900 -100.00 -100.00 -100.00
 148   133.286 56119.58494349 15.18 235.074762  64.539154 12.627 -100.00 -100.00 -100.00
 148   133.092 56119.58494408 14.07 235.080478  64.538234 10.731 -100.00 -100.00 -100.00
 148   131.206 56119.58494467 11.65 235.086193  64.537314 10.436 -100.00 -100.00 -100.00
 150    54.763 56139.41621337 44.91 235.071134  64.537324 26.560 -100.00 -100.00 -100.00
 150    54.833 56139.41621396 48.06 235.076849  64.536404 25.678 -100.00 -100.00 -100.00
 150    54.865 56139.41621455 49.88 235.082564  64.535485   -100 -100.00 -100.00 -100.00
 150    54.625 56139.41621514 53.12 235.088278  64.534565  2.089 -100.00 -100.00 -100.00
 152   104.623 56159.24751190 24.76 235.074199  64.539374  9.700 -100.00 -100.00 -100.00
 152   107.212 56159.24751249 27.77 235.079915  64.538454 12.409 -100.00 -100.00 -100.00
 152   104.846 56159.24751308 27.23 235.085630  64.537534   -100 -100.00 -100.00 -100.00
 152   113.441 56159.24751367 16.41 235.091345  64.536614 10.863 -100.00 -100.00 -100.00
 153   104.859 56169.16315957 23.77 235.074460  64.540012  9.413 -100.00 -100.00 -100.00
 153   106.389 56169.16316016 28.24 235.080176  64.539092 20.537 -100.00 -100.00 -100.00
 153   109.008 56169.16316075 18.96 235.085892  64.538172  8.776 -100.00 -100.00 -100.00
 153   113.332 56169.16316134 16.52 235.091607  64.537252  4.356 -100.00 -100.00 -100.00
 154    54.209 56179.07880395 26.33 235.073407  64.538958 17.829 -100.00 -100.00 -100.00
 154    54.061 56179.07880454 26.72 235.079123  64.538038 20.005 -100.00 -100.00 -100.00
 154    54.461 56179.07880513 25.42 235.084839  64.537118 14.829 -100.00 -100.00 -100.00
 154    54.601 56179.07880572 27.93 235.090555  64.536198 19.070 -100.00 -100.00 -100.00
 155   193.565 56188.99444407  1.83 235.072110  64.537505  3.416 -100.00 -100.00 -100.00
 155   192.844 56188.99444466  1.13 235.077826  64.536586  2.789 -100.00 -100.00 -100.00
 155   188.908 56188.99444525  1.68 235.083542  64.535666  3.106 -100.00 -100.00 -100.00
 155   198.525 56188.99444584  1.84 235.089257  64.534745  3.195 -100.00 -100.00 -100.00
 156   193.865 56198.91008097  0.29 235.071549  64.537216  3.331 -100.00 -100.00 -100.00
 156   191.404 56198.91008156  0.81 235.077265  64.536297  3.539 -100.00 -100.00 -100.00
 156   187.356 56198.91008215  2.60 235.082981  64.535377  6.044 -100.00 -100.00 -100.00
 156   185.533 56198.91008274  0.98 235.088696  64.534456  4.576 -100.00 -100.00 -100.00
 157   182.632 56208.82571505  2.60 235.071416  64.539217  5.107 -100.00 -100.00 -100.00
 157   180.829 56208.82571564  2.24 235.077133  64.538297  4.966 -100.00 -100.00 -100.00
 157   179.253 56208.82571623  1.74 235.082850  64.537377  5.053 -100.00 -100.00 -100.00
 157   194.981 56208.82571682  0.76 235.088566  64.536457  3.201 -100.00 -100.00 -100.00
 158   180.491 56218.74134773  2.33 235.074860  64.541611  5.787 -100.00 -100.00 -100.00
 158   178.615 56218.74134833  1.67 235.080577  64.540691  4.620 -100.00 -100.00 -100.00
 158   184.265 56218.74134892  0.30 235.086294  64.539771  3.258 -100.00 -100.00 -100.00
 159   180.143 56228.65699414  4.49 235.075478  64.542891  6.198 -100.00 -100.00 -100.00
 159   177.382 56228.65699473  3.25 235.081195  64.541971  3.863 -100.00 -100.00 -100.00
 159   199.646 56228.65699532  2.72 235.086912  64.541051  4.745 -100.00 -100.00 -100.00
 159   195.163 56228.65699591  2.21 235.092628  64.540131  4.076 -100.00 -100.00 -100.00
 160   180.518 56238.57264803  5.08 235.073797  64.542291  5.026 -100.00 -100.00 -100.00
 160   178.130 56238.57264862  4.64 235.079515  64.541371  5.087 -100.00 -100.00 -100.00
 160   176.919 56238.57264921  4.11 235.085231  64.540451  4.330 -100.00 -100.00 -100.00
 160   181.692 56238.57264980  3.50 235.090947  64.539531  3.924 -100.00 -100.00 -100.00
 161   179.433 56248.48829862  6.37 235.077383  64.540243  6.111 -100.00 -100.00 -100.00
 161   176.979 56248.48829921  5.82 235.083099  64.539323  5.098 -100.00 -100.00 -100.00
 161   184.209 56248.48829980  5.99 235.088815  64.538403  5.475 -100.00 -100.00 -100.00
 162   181.655 56258.40394322  5.82 235.071312  64.540377  6.374 -100.00 -100.00 -100.00
 162   179.535 56258.40394381  5.93 235.077028  64.539457  6.041 -100.00 -100.00 -100.00
 162   176.908 56258.40394440  5.68 235.082744  64.538537  5.113 -100.00 -100.00 -100.00
 162   178.405 56258.40394499  6.22 235.088459  64.537617  5.704 -100.00 -100.00 -100.00
 163   180.407 56268.31958548  5.42 235.073903  64.540641  6.709 -100.00 -100.00 -100.00
 163   178.172 56268.31958607  5.54 235.079620  64.539721  5.448 -100.00 -100.00 -100.00
 163   176.720 56268.31958666  5.14 235.085336  64.538801  5.054 -100.00 -100.00 -100.00
 163   180.340 56268.31958725  4.70 235.091051  64.537881  4.526 -100.00 -100.00 -100.00
 164   189.104 56278.23522602  4.32 235.076609  64.541006  4.527 -100.00 -100.00 -100.00
 164   186.982 56278.23522661  4.95 235.082325  64.540086  4.666 -100.00 -100.00 -100.00
 164   178.318 56278.23522720  4.88 235.088041  64.539166  5.083 -100.00 -100.00 -100.00
 165   180.506 56288.15087493  2.65 235.075034  64.540862  4.106 -100.00 -100.00 -100.00
 165   177.835 56288.15087552  3.20 235.080751  64.539942  5.068 -100.00 -100.00 -100.00
 165   177.885 56288.15087611  2.82 235.086467  64.539021  4.031 -100.00 -100.00 -100.00
 165   182.156 56288.15087670  2.61 235.092183  64.538101  4.225 -100.00 -100.00 -100.00
 166   181.932 56298.06652357  2.87 235.071025  64.539265  4.381 -100.00 -100.00 -100.00
 166   180.077 56298.06652416  2.83 235.076741  64.538345  4.908 -100.00 -100.00 -100.00
 166   178.287 56298.06652475  3.06 235.082458  64.537425  4.569 -100.00 -100.00 -100.00
 166   178.714 56298.06652534  2.91 235.088173  64.536505  4.081 -100.00 -100.00 -100.00
 167   182.415 56307.98216871  3.71 235.070772  64.536792  5.531 -100.00 -100.00 -100.00
 167   180.267 56307.98216930  2.73 235.076488  64.535872  4.518 -100.00 -100.00 -100.00
 167   178.163 56307.98216989  3.36 235.082204  64.534952  5.136 -100.00 -100.00 -100.00
 167   178.189 56307.98217048  2.72 235.087919  64.534031  4.444 -100.00 -100.00 -100.00
 168   188.849 56317.89781091  2.70 235.068305  64.536173  5.823 -100.00 -100.00 -100.00
 168   189.471 56317.89781150  2.66 235.074021  64.535254  4.815 -100.00 -100.00 -100.00
 168   187.968 56317.89781209  2.04 235.079737  64.534333  4.835 -100.00 -100.00 -100.00
 168   177.792 56317.89781268  2.52 235.085452  64.533413  4.339 -100.00 -100.00 -100.00
 169   117.831 56327.81345212 10.37 235.070438  64.537424  6.841 -100.00 -100.00 -100.00
 169   116.920 56327.81345271 10.88 235.076154  64.536504  6.560 -100.00 -100.00 -100.00
 169   115.397 56327.81345330 11.32 235.081870  64.535584  7.234 -100.00 -100.00 -100.00
 169   113.648 56327.81345389 11.71 235.087585  64.534664  6.442 -100.00 -100.00 -100.00
 170   207.403 56337.72909250  1.71 235.074531  64.539232  4.377 -100.00 -100.00 -100.00
 170   187.907 56337.72909309  2.49 235.080247  64.538312  5.403 -100.00 -100.00 -100.00
 170   177.287 56337.72909368  2.59 235.085962  64.537391  5.353 -100.00 -100.00 -100.00
 170   196.639 56337.72909427  1.59 235.091678  64.536471  3.913 -100.00 -100.00 -100.00
 171   204.778 56347.64473086  1.10 235.075594  64.540463  4.864 -100.00 -100.00 -100.00
 171   187.866 56347.64473145  1.76 235.081310  64.539543  5.001 -100.00 -100.00 -100.00
 171   185.077 56347.64473204  1.45 235.087026  64.538623  4.153 -100.00 -100.00 -100.00
 172   203.847 56357.56036712  0.27 235.080673  64.538859  4.685 -100.00 -100.00 -100.00
 172   200.825 56357.56036771  0.76 235.086388  64.537939  4.071 -100.00 -100.00 -100.00
 173   118.873 56367.47601522  7.30 235.068959  64.538274  8.715 -100.00 -100.00 -100.00
 173   115.987 56367.47601581  9.33 235.074674  64.537354  8.828 -100.00 -100.00 -100.00
 173   115.251 56367.47601640  9.74 235.080390  64.536435  7.821 -100.00 -100.00 -100.00
 173   111.315 56367.47601699 10.03 235.086104  64.535515  6.777 -100.00 -100.00 -100.00
 176   117.753 56397.22295288  7.10 235.074666  64.540623  4.742 -100.00 -100.00 -100.00
 176   115.930 56397.22295347  7.55 235.080382  64.539703  4.901 -100.00 -100.00 -100.00
 176   113.420 56397.22295406  7.99 235.086097  64.538783  4.584 -100.00 -100.00 -100.00
 176   112.898 56397.22295465  8.46 235.091812  64.537863  5.050 -100.00 -100.00 -100.00
 179   191.295 56426.96986394  5.05 235.074452  64.541381  4.211 -100.00 -100.00 -100.00
 179   188.731 56426.96986453  4.79 235.080168  64.540462  3.286 -100.00 -100.00 -100.00
 179   186.686 56426.96986512  5.01 235.085885  64.539542  2.670 -100.00 -100.00 -100.00
 179   184.144 56426.96986571  4.90 235.091601  64.538622  2.548 -100.00 -100.00 -100.00
 180   203.143 56436.88551583  2.12 235.075820  64.539627  2.639 -100.00 -100.00 -100.00
 180   203.836 56436.88551642  1.78 235.081536  64.538707  2.663 -100.00 -100.00 -100.00
 180   201.470 56436.88551701  2.13 235.087252  64.537787  2.424 -100.00 -100.00 -100.00
 181   192.593 56446.80116716  0.51 235.072750  64.539884  3.055 -100.00 -100.00 -100.00
 181   193.948 56446.80116834  0.01 235.084182  64.538044  2.611 -100.00 -100.00 -100.00
 182   180.963 56456.71681669  1.66 235.074762  64.540349  3.690 -100.00 -100.00 -100.00
 182   178.438 56456.71681728  2.84 235.080478  64.539428  4.487 -100.00 -100.00 -100.00
 182   179.177 56456.71681787  2.30 235.086193  64.538508  4.403 -100.00 -100.00 -100.00
 182   183.601 56456.71681846  1.32 235.091909  64.537588  3.328 -100.00 -100.00 -100.00
 183   127.033 56466.63246301 22.84 235.075680  64.539985 14.667 -100.00 -100.00 -100.00
 183   127.629 56466.63246360 26.54 235.081395  64.539065 10.348 -100.00 -100.00 -100.00
 183   127.847 56466.63246419 27.18 235.087111  64.538145 24.756 -100.00 -100.00 -100.00
 184   188.020 56476.54810485  0.65 235.070723  64.539233  5.607 -100.00 -100.00 -100.00
 184   204.732 56476.54810603  0.34 235.082154  64.537393  3.704 -100.00 -100.00 -100.00
 185   194.114 56486.46374350  2.08 235.069709  64.537394  5.224 -100.00 -100.00 -100.00
 185   191.854 56486.46374409  2.83 235.075424  64.536474  5.035 -100.00 -100.00 -100.00
 185   189.755 56486.46374468  1.61 235.081139  64.535554  4.113 -100.00 -100.00 -100.00
 185   186.811 56486.46374527  1.84 235.086853  64.534634  4.632 -100.00 -100.00 -100.00
 187   119.664 56506.29501406 19.72 235.074551  64.537849 13.766 -100.00 -100.00 -100.00
 187   123.555 56506.29501465 21.80 235.080267  64.536929 10.170 -100.00 -100.00 -100.00
 187   123.563 56506.29501524 20.26 235.085982  64.536009 14.477 -100.00 -100.00 -100.00
 188    55.546 56516.21064818 46.79 235.077243  64.540267 25.699 -100.00 -100.00 -100.00
 188    55.227 56516.21064877 50.01 235.082959  64.539347 29.379 -100.00 -100.00 -100.00
 188    55.297 56516.21064936 44.29 235.088675  64.538427 28.830 -100.00 -100.00 -100.00
 189   181.572 56526.12630228  2.24 235.073811  64.541333  6.886 -100.00 -100.00 -100.00
 189   179.514 56526.12630287  1.57 235.079527  64.540414  6.053 -100.00 -100.00 -100.00
 189   178.681 56526.12630346  1.12 235.085244  64.539494  5.802 -100.00 -100.00 -100.00
 189   181.703 56526.12630405  1.14 235.090960  64.538574  5.100 -100.00 -100.00 -100.00
 190   191.334 56536.04195271  2.20 235.073175  64.540235  5.530 -100.00 -100.00 -100.00
 190   189.183 56536.04195330  1.40 235.078891  64.539315  4.258 -100.00 -100.00 -100.00
 190   187.933 56536.04195390  0.65 235.084608  64.538395  3.112 -100.00 -100.00 -100.00
 190   184.414 56536.04195449  0.92 235.090324  64.537475  3.796 -100.00 -100.00 -100.00
 192   195.072 56555.87324307  1.06 235.068775  64.538165  3.288 -100.00 -100.00 -100.00
 192   193.083 56555.87324366  0.71 235.074492  64.537245  2.974 -100.00 -100.00 -100.00
 192   190.585 56555.87324425  0.75 235.080208  64.536325  2.699 -100.00 -100.00 -100.00
 192   187.642 56555.87324485  0.87 235.085924  64.535405  3.419 -100.00 -100.00 -100.00
 193   192.976 56565.78888606  0.38 235.072041  64.539129  2.825 -100.00 -100.00 -100.00
 193   189.839 56565.78888665  1.87 235.077758  64.538209  5.765 -100.00 -100.00 -100.00
 193   188.571 56565.78888724  0.74 235.083474  64.537289  3.568 -100.00 -100.00 -100.00
 193   186.169 56565.78888783  0.01 235.089190  64.536369  2.742 -100.00 -100.00 -100.00
 194   192.812 56575.70452744  0.11 235.073461  64.541556  2.697 -100.00 -100.00 -100.00
 194   190.205 56575.70452803  0.36 235.079178  64.540637  2.759 -100.00 -100.00 -100.00
 195    53.292 56585.62016618 46.26 235.079146  64.542537   -100 -100.00 -100.00 -100.00
 195    53.203 56585.62016678 48.35 235.084863  64.541617   -100 -100.00 -100.00 -100.00
 195    53.311 56585.62016737 50.34 235.090580  64.540697   -100 -100.00 -100.00 -100.00
 196   188.018 56595.53580363  3.01 235.079243  64.542525  4.928 -100.00 -100.00 -100.00
 196   184.666 56595.53580422  1.63 235.084960  64.541605  4.195 -100.00 -100.00 -100.00
 196   200.245 56595.53580481  0.68 235.090677  64.540685  3.298 -100.00 -100.00 -100.00
 197   110.316 56605.45145620 23.52 235.077604  64.540693 13.355 -100.00 -100.00 -100.00
 197   113.967 56605.45145679 23.62 235.083320  64.539774 14.251 -100.00 -100.00 -100.00
 197   112.560 56605.45145738 23.95 235.089036  64.538853 11.058 -100.00 -100.00 -100.00
 198   181.046 56615.36710359  9.53 235.073282  64.539851  7.463 -100.00 -100.00 -100.00
 198   179.135 56615.36710418  8.05 235.078998  64.538931  7.164 -100.00 -100.00 -100.00
 198   176.866 56615.36710477  7.67 235.084714  64.538011  5.538 -100.00 -100.00 -100.00
 198   178.134 56615.36710536  7.58 235.090430  64.537090  6.015 -100.00 -100.00 -100.00
 199   180.137 56625.28274774  9.67 235.074680  64.539593  7.496 -100.00 -100.00 -100.00
 199   178.431 56625.28274833  7.88 235.080396  64.538673  5.888 -100.00 -100.00 -100.00
 199   175.772 56625.28274892  8.88 235.086112  64.537753  7.376 -100.00 -100.00 -100.00
 200   179.603 56635.19838902  6.89 235.075842  64.539975  7.221 -100.00 -100.00 -100.00
 200   177.596 56635.19838962  6.23 235.081558  64.539055  5.636 -100.00 -100.00 -100.00
 200   177.037 56635.19839021  6.27 235.087274  64.538135  4.818 -100.00 -100.00 -100.00
 201   179.926 56645.11402709  5.75 235.075215  64.540498  7.135 -100.00 -100.00 -100.00
 201   177.776 56645.11402768  5.39 235.080932  64.539578  5.431 -100.00 -100.00 -100.00
 201   176.896 56645.11402827  4.53 235.086648  64.538658  4.024 -100.00 -100.00 -100.00
 202   180.911 56655.02967974  3.93 235.074338  64.539023  5.328 -100.00 -100.00 -100.00
 202   178.740 56655.02968033  3.78 235.080054  64.538103  4.383 -100.00 -100.00 -100.00
 202   177.389 56655.02968092  3.56 235.085771  64.537183  4.312 -100.00 -100.00 -100.00
 202   197.495 56655.02968151  2.56 235.091486  64.536262  3.109 -100.00 -100.00 -100.00
 203   118.885 56664.94532778 11.58 235.069829  64.537775  8.481 -100.00 -100.00 -100.00
 203   117.499 56664.94532837 11.06 235.075545  64.536855  6.590 -100.00 -100.00 -100.00
 203   115.440 56664.94532896 11.96 235.081261  64.535935  8.170 -100.00 -100.00 -100.00
 203   114.163 56664.94532955 12.25 235.086977  64.535014  7.441 -100.00 -100.00 -100.00
 206   209.320 56694.69226111  1.65 235.073776  64.539034  3.554 -100.00 -100.00 -100.00
 206   205.385 56694.69226170  2.69 235.079492  64.538114  4.865 -100.00 -100.00 -100.00
 206   188.342 56694.69226229  3.14 235.085208  64.537193  4.860 -100.00 -100.00 -100.00
 206   185.426 56694.69226288  2.84 235.090923  64.536273  4.288 -100.00 -100.00 -100.00
 207   209.054 56704.60789934  1.05 235.074975  64.540246  3.046 -100.00 -100.00 -100.00
 207   204.075 56704.60789993  2.00 235.080691  64.539326  3.774 -100.00 -100.00 -100.00
 207   199.277 56704.60790052  2.65 235.086407  64.538406  4.351 -100.00 -100.00 -100.00
 208   212.585 56714.52353190  0.42 235.072628  64.540628  4.339 -100.00 -100.00 -100.00
 208   207.485 56714.52353249  1.21 235.078345  64.539708  4.056 -100.00 -100.00 -100.00
 208   201.066 56714.52353308  1.92 235.084061  64.538788  4.447 -100.00 -100.00 -100.00
 208   198.643 56714.52353367  1.29 235.089776  64.537868  3.418 -100.00 -100.00 -100.00
 209   118.357 56724.43918328  9.68 235.074585  64.538596  4.112 -100.00 -100.00 -100.00
 209   116.540 56724.43918387 10.53 235.080301  64.537676  5.381 -100.00 -100.00 -100.00
 209   113.909 56724.43918446 10.55 235.086016  64.536756  4.917 -100.00 -100.00 -100.00
 210   210.703 56734.35483302  0.45 235.070004  64.538586  3.424 -100.00 -100.00 -100.00
 210   208.913 56734.35483361  0.43 235.075720  64.537666  3.403 -100.00 -100.00 -100.00
 210   207.021 56734.35483420  0.54 235.081435  64.536746  3.155 -100.00 -100.00 -100.00
 210   201.327 56734.35483479  0.79 235.087149  64.535826  4.034 -100.00 -100.00 -100.00
 211   212.383 56744.27047977  0.20 235.070981  64.539742  3.652 -100.00 -100.00 -100.00
 211   208.371 56744.27048036  0.34 235.076697  64.538822  4.418 -100.00 -100.00 -100.00
 211   203.926 56744.27048154  0.40 235.088127  64.536981  4.007 -100.00 -100.00 -100.00
 214   180.380 56774.01739449  2.69 235.074346  64.542604  6.850 -100.00 -100.00 -100.00
 214   203.517 56774.01739508  1.77 235.080063  64.541684  5.108 -100.00 -100.00 -100.00
 214   200.444 56774.01739567  1.17 235.085780  64.540764  4.262 -100.00 -100.00 -100.00
 214   174.209 56774.01739626  1.41 235.091496  64.539844  5.616 -100.00 -100.00 -100.00
 215   204.566 56783.93305215  3.15 235.077516  64.540125  2.436 -100.00 -100.00 -100.00
 215   203.258 56783.93305274  2.96 235.083232  64.539205  2.624 -100.00 -100.00 -100.00
 215   202.052 56783.93305333  3.02 235.088948  64.538284  2.672 -100.00 -100.00 -100.00
 216   205.148 56793.84870512  0.75 235.070737  64.539818  2.978 -100.00 -100.00 -100.00
 216   203.683 56793.84870571  0.35 235.076453  64.538898  2.412 -100.00 -100.00 -100.00
 216   202.631 56793.84870630  0.08 235.082169  64.537978  2.382 -100.00 -100.00 -100.00
 216   201.381 56793.84870689  0.16 235.087884  64.537057  2.399 -100.00 -100.00 -100.00
 217   206.213 56803.76435590  2.51 235.073868  64.538823  2.115 -100.00 -100.00 -100.00
 217   205.272 56803.76435649  2.11 235.079583  64.537902  2.319 -100.00 -100.00 -100.00
 217   204.117 56803.76435708  2.77 235.085298  64.536982  2.319 -100.00 -100.00 -100.00
 217   203.346 56803.76435767  2.82 235.091013  64.536061  2.240 -100.00 -100.00 -100.00
 218   191.802 56813.67999883  2.44 235.074343  64.538894  4.765 -100.00 -100.00 -100.00
 218   189.331 56813.67999942  1.51 235.080058  64.537974  4.358 -100.00 -100.00 -100.00
 218   186.020 56813.68000001  2.25 235.085774  64.537054  5.176 -100.00 -100.00 -100.00
 218   184.381 56813.68000060  1.51 235.091488  64.536133  4.237 -100.00 -100.00 -100.00
 220   105.601 56833.51127343 27.11 235.072964  64.538343 16.380 -100.00 -100.00 -100.00
 220   106.423 56833.51127402 30.19 235.078679  64.537424 16.508 -100.00 -100.00 -100.00
 220   106.009 56833.51127461 23.36 235.084394  64.536504 15.811 -100.00 -100.00 -100.00
 220   105.667 56833.51127520 19.75 235.090109  64.535583  8.000 -100.00 -100.00 -100.00
 221   181.676 56843.42690511  5.74 235.071465  64.538514  9.793 -100.00 -100.00 -100.00
 221   163.704 56843.42690570  7.55 235.077180  64.537594 13.841 -100.00 -100.00 -100.00
 221   187.313 56843.42690630  1.64 235.082895  64.536675  4.904 -100.00 -100.00 -100.00
 221   181.030 56843.42690689  1.59 235.088610  64.535754  4.659 -100.00 -100.00 -100.00
 223   182.021 56863.25820098  0.68 235.072585  64.538883  4.664 -100.00 -100.00 -100.00
 223   178.853 56863.25820216  1.03 235.084015  64.537043  4.908 -100.00 -100.00 -100.00
 224    55.107 56873.17385410 43.82 235.070840  64.539572 23.303 -100.00 -100.00 -100.00
 224    54.999 56873.17385469 46.33 235.076556  64.538652 22.403 -100.00 -100.00 -100.00
 224    54.835 56873.17385528 49.44 235.082272  64.537732 25.728 -100.00 -100.00 -100.00
 224    54.882 56873.17385587 47.21 235.087987  64.536811   -100 -100.00 -100.00 -100.00
 225   192.675 56883.08950431  1.20 235.071005  64.539502  2.920 -100.00 -100.00 -100.00
 225   190.412 56883.08950490  1.86 235.076721  64.538582  4.602 -100.00 -100.00 -100.00
 225   187.656 56883.08950549  1.79 235.082437  64.537662  4.075 -100.00 -100.00 -100.00
 225   185.415 56883.08950608  1.96 235.088152  64.536741  3.388 -100.00 -100.00 -100.00
 227   192.202 56902.92079511  0.15 235.074843  64.538170  3.020 -100.00 -100.00 -100.00
 227   195.017 56902.92079630  0.09 235.086274  64.536329  3.543 -100.00 -100.00 -100.00
 228   125.396 56912.83643631 20.63 235.070349  64.539505  9.618 -100.00 -100.00 -100.00
 228   126.170 56912.83643690 20.59 235.076065  64.538585  8.501 -100.00 -100.00 -100.00
 228   125.729 56912.83643749 26.11 235.081781  64.537665 13.841 -100.00 -100.00 -100.00
 228   127.543 56912.83643808 10.39 235.087497  64.536744  4.461 -100.00 -100.00 -100.00
 229   131.224 56922.75207657  7.27 235.072891  64.540414  4.209 -100.00 -100.00 -100.00
 229   131.473 56922.75207716  8.80 235.078607  64.539494  5.919 -100.00 -100.00 -100.00
 229   132.574 56922.75207775  7.48 235.084323  64.538574  3.377 -100.00 -100.00 -100.00
 229   132.898 56922.75207834  7.83 235.090039  64.537653  3.897 -100.00 -100.00 -100.00
 230   189.909 56932.66771463  1.21 235.076914  64.541358  3.636 -100.00 -100.00 -100.00
 230   187.087 56932.66771522  1.28 235.082630  64.540438  3.836 -100.00 -100.00 -100.00
 230   185.371 56932.66771581  0.93 235.088347  64.539518  3.272 -100.00 -100.00 -100.00
 231   180.599 56942.58334673  3.29 235.073628  64.542761  6.124 -100.00 -100.00 -100.00
 231   183.989 56942.58334732  1.65 235.079345  64.541842  4.812 -100.00 -100.00 -100.00
 231   184.116 56942.58334791  1.78 235.085061  64.540922  4.888 -100.00 -100.00 -100.00
 231   198.400 56942.58334850  0.81 235.090777  64.540001  3.968 -100.00 -100.00 -100.00
 232   179.808 56952.49899141  3.12 235.077784  64.541428  5.867 -100.00 -100.00 -100.00
 232   177.686 56952.49899200  2.52 235.083500  64.540508  4.132 -100.00 -100.00 -100.00
 232   197.852 56952.49899259  1.86 235.089216  64.539588  4.123 -100.00 -100.00 -100.00
 233   180.414 56962.41464206  5.44 235.075288  64.540391  5.135 -100.00 -100.00 -100.00
 233   178.050 56962.41464265  6.82 235.081004  64.539471  8.408 -100.00 -100.00 -100.00
 233   176.194 56962.41464324  4.80 235.086720  64.538551  4.817 -100.00 -100.00 -100.00
 234   181.146 56972.33028778  6.95 235.073468  64.540085  9.034 -100.00 -100.00 -100.00
 234   178.863 56972.33028837  5.48 235.079184  64.539165  5.420 -100.00 -100.00 -100.00
 234   177.203 56972.33028897  5.09 235.084899  64.538245  4.963 -100.00 -100.00 -100.00
 234   180.971 56972.33028956  4.25 235.090615  64.537325  4.506 -100.00 -100.00 -100.00
 235   110.196 56982.24592975 17.45 235.076599  64.539754  8.744 -100.00 -100.00 -100.00
 235   111.010 56982.24593034 18.46 235.082315  64.538833  9.844 -100.00 -100.00 -100.00
 235   112.136 56982.24593093 18.52 235.088031  64.537913 10.210 -100.00 -100.00 -100.00
 236   109.978 56992.16156685 15.85 235.076696  64.539907 10.812 -100.00 -100.00 -100.00
 236   110.903 56992.16156744 16.58 235.082412  64.538987 11.412 -100.00 -100.00 -100.00
 236   112.318 56992.16156803 16.74 235.088128  64.538067 12.007 -100.00 -100.00 -100.00
 237   117.478 57002.07720017 13.82 235.074215  64.539901  9.250 -100.00 -100.00 -100.00
 237   115.924 57002.07720076 14.11 235.079932  64.538981  8.989 -100.00 -100.00 -100.00
 237   113.937 57002.07720135 14.47 235.085648  64.538061 10.391 -100.00 -100.00 -100.00
 237   113.832 57002.07720194 14.90 235.091364  64.537141  9.255 -100.00 -100.00 -100.00
 238   118.052 57011.99285707 13.12 235.070123  64.538744 10.214 -100.00 -100.00 -100.00
 238   110.501 57011.99285766 13.39 235.075839  64.537825  9.748 -100.00 -100.00 -100.00
 238   115.178 57011.99285825 13.94 235.081556  64.536905  9.953 -100.00 -100.00 -100.00
 238   114.001 57011.99285884 13.48 235.087271  64.535985  8.254 -100.00 -100.00 -100.00
 239   119.346 57021.90850843  9.71 235.068243  64.538152 10.496 -100.00 -100.00 -100.00
 239   117.403 57021.90850902 11.91 235.073960  64.537232  9.156 -100.00 -100.00 -100.00
 239   116.181 57021.90850961 12.23 235.079676  64.536312  9.960 -100.00 -100.00 -100.00
 239   114.608 57021.90851021 12.45 235.085392  64.535392  6.931 -100.00 -100.00 -100.00
 239   114.425 57021.90851080 12.88 235.091107  64.534471  6.990 -100.00 -100.00 -100.00
 240   117.355 57031.82415767 11.63 235.073527  64.538027  8.013 -100.00 -100.00 -100.00
 240   115.343 57031.82415826 11.36 235.079243  64.537107  8.142 -100.00 -100.00 -100.00
 240   114.545 57031.82415885 11.68 235.084958  64.536187  7.300 -100.00 -100.00 -100.00
 240   114.340 57031.82415944 11.60 235.090674  64.535266  6.308 -100.00 -100.00 -100.00
 241   190.245 57041.73980445  2.04 235.074456  64.538950  4.313 -100.00 -100.00 -100.00
 241   178.554 57041.73980504  2.62 235.080172  64.538030  4.216 -100.00 -100.00 -100.00
 241   184.878 57041.73980563  2.74 235.085888  64.537110  4.085 -100.00 -100.00 -100.00
 241   181.498 57041.73980622  2.47 235.091603  64.536189  4.673 -100.00 -100.00 -100.00
 242   189.134 57051.65544923  1.40 235.076071  64.539330  3.567 -100.00 -100.00 -100.00
 242   177.580 57051.65544982  2.64 235.081787  64.538410  4.227 -100.00 -100.00 -100.00
 242   179.307 57051.65545041  2.27 235.087502  64.537490  4.124 -100.00 -100.00 -100.00
 243   191.676 57061.57108918  1.24 235.071489  64.539802  3.456 -100.00 -100.00 -100.00
 243   189.644 57061.57108977  1.49 235.077205  64.538883  4.058 -100.00 -100.00 -100.00
 243   186.863 57061.57109036  1.74 235.082921  64.537963  3.522 -100.00 -100.00 -100.00
 243   179.851 57061.57109095  2.39 235.088636  64.537042  4.809 -100.00 -100.00 -100.00
 244   165.278 57071.48672443  3.06 235.074385  64.539224  4.782 -100.00 -100.00 -100.00
 244   166.319 57071.48672502  0.91 235.080100  64.538304  2.901 -100.00 -100.00 -100.00
 244   168.434 57071.48672561  0.61 235.085816  64.537384  3.743 -100.00 -100.00 -100.00
 244   170.326 57071.48672620  0.95 235.091531  64.536464  3.761 -100.00 -100.00 -100.00
 245   207.579 57081.40235520  0.01 235.075706  64.539894  4.283 -100.00 -100.00 -100.00
 245   187.390 57081.40235579  0.89 235.081421  64.538974  4.839 -100.00 -100.00 -100.00
 245   184.939 57081.40235638  1.23 235.087137  64.538054  4.823 -100.00 -100.00 -100.00
 246   193.339 57091.31799829  0.13 235.075133  64.541388  3.169 -100.00 -100.00 -100.00
 246   190.676 57091.31799889  1.11 235.080849  64.540468  3.676 -100.00 -100.00 -100.00
 246   186.184 57091.31799948  1.26 235.086565  64.539548  4.355 -100.00 -100.00 -100.00
 246   196.833 57091.31800007  0.32 235.092280  64.538628  2.826 -100.00 -100.00 -100.00
 247   203.541 57101.23365601  0.23 235.078320  64.541772  4.235 -100.00 -100.00 -100.00
 247   201.004 57101.23365660  0.19 235.084036  64.540852  3.920 -100.00 -100.00 -100.00
