# NaN NaN NaN ;Mean Elev.(m), Avg Gradient(m/km), RMS Gradient(m/km) - SRTM1     
#   45.603   0.393   4.977 ;Mean Elev.(m), Avg Gradient(m/km), RMS Gradient(m/km) - ASTER GDEM
#   60.991 -10.615  15.907 ;Mean Elev.(m), Avg Gradient(m/km), RMS Gradient(m/km) - GMTED2010 
   3 235.081776  64.540542    -1.031    -0.906  3 54681.81675234  2.269
   5 235.084526  64.541389     1.693     1.570  3 54701.64803528  4.175
   7 235.081002  64.538417     4.619     4.690  4 54721.47933380 16.379
   8 235.081095  64.536659   188.424   188.945  4 54731.39498247  3.169
   9 235.079643  64.536610   188.468   189.051  4 54741.31062919  1.894
  10 235.080745  64.536767   187.849   188.720  4 54751.22627604  1.918
  14 235.078229  64.535925   179.775   179.325  4 54790.88884610  5.937
  17 235.081641  64.539053   183.635   183.878  4 54820.63576107  3.848
  18 235.081597  64.538893   179.591   180.581  3 54830.55141337  3.371
  19 235.082859  64.538454   179.913   179.912  4 54840.46705231  2.596
  21 235.082447  64.539673   190.266   190.009  3 54860.29834972  0.677
  22 235.081179  64.540433   205.128   204.937  3 54870.21399817  0.220
  24 235.082756  64.537156   119.278   117.846  4 54890.04529010  8.104
  25 235.077351  64.535904   117.461   116.878  4 54899.96093082  8.596
  27 235.076336  64.537144   163.072   163.072  2 54919.79220743  1.558
  30 235.078223  64.537010    54.293    54.214  4 54949.53911636 26.189
  31 235.080024  64.535897   201.355   201.982  4 54959.45475489  3.030
  34 235.081904  64.538235   109.990   108.998  4 54989.20169805 28.278
  35 235.080569  64.538442   193.626   192.438  4 54999.11734519  2.751
  37 235.080845  64.538299   192.586   191.817  4 55018.94863444  3.214
  38 235.081170  64.539296   193.212   191.821  3 55028.86427682  1.741
  39 235.083794  64.540196   177.434   177.170  3 55038.77991889  3.234
  40 235.082866  64.541196   130.407   130.251  3 55048.69555942 20.687
  42 235.080336  64.538431   176.355   175.683  3 55068.52683692  5.799
  43 235.087951  64.534667   201.693   201.693  2 55078.44248786  0.795
  44 235.079139  64.535514   183.900   181.563  5 55088.35813466  0.943
  45 235.080267  64.536531   134.938   132.397  4 55098.27378082  5.152
  46 235.080125  64.537946   187.573   184.982  4 55108.18942634  1.535
  47 235.078381  64.537926   116.526   116.902  4 55118.10507089 18.548
  48 235.078055  64.536104   179.919   180.027  4 55128.02071337  6.974
  49 235.079113  64.534334   179.703   179.848  5 55137.93635383  8.366
  51 235.086359  64.536213    54.812    54.812  2 55157.76763103 30.572
  52 235.080378  64.539496   178.803   178.589  4 55167.68326817  4.013
  54 235.081059  64.539339   116.102   116.017  3 55187.51454972 10.941
  55 235.083108  64.538111   115.808   115.541  4 55197.43020090  9.924
  56 235.081743  64.538823   115.935   115.782  3 55207.34585049  9.530
  57 235.083275  64.539961   115.519   115.313  3 55217.26149972  9.207
  58 235.083364  64.540224   115.888   115.403  3 55227.17714821  8.558
  59 235.081691  64.538826   116.284   116.652  4 55237.09279394  8.229
  60 235.080659  64.536143   186.333   186.758  4 55247.00843638  1.672
  61 235.079347  64.534209   205.406   205.468  4 55256.92407622  1.304
  63 235.081880  64.536370   192.717   192.744  4 55276.75535342  0.496
  64 235.087451  64.537289   173.419   173.419  2 55286.67099108  0.539
  66 235.077848  64.536789   186.012   186.206  4 55306.50226589  1.056
  67 235.076683  64.535051   197.719   196.818  4 55316.41791275  2.446
  69 235.081095  64.536959   192.162   191.986  4 55336.24920281  1.828
  70 235.081107  64.539055    55.326    55.727  3 55346.16484653 49.961
  71 235.078458  64.539995   179.987   179.995  3 55356.08048884  1.496
  72 235.080672  64.539154   179.943   179.943  2 55365.99612974  0.666
  74 235.081215  64.539421   165.337   162.522  4 55385.82740714  8.640
  75 235.078566  64.541109   205.964   205.964  2 55395.74304411  0.151
  76 235.081215  64.541403   174.043   174.810  3 55405.65868492  6.597
  78 235.080992  64.536906   184.271   183.611  4 55425.48998485  3.155
  79 235.076518  64.535363   196.508   196.146  4 55435.40563006  0.900
  80 235.079263  64.534777   186.266   180.717  3 55445.32127443  1.811
  81 235.077216  64.536711   187.863   186.575  4 55455.23691727  0.790
  83 235.080442  64.538205   191.769   190.207  3 55475.06819946  1.284
  84 235.079696  64.536808   183.186   184.604  4 55484.98383605  4.404
  85 235.080945  64.535059   110.943   111.004  4 55494.89947077 23.328
  86 235.077044  64.536488   180.291   180.337  4 55504.81510390  6.508
  87 235.080095  64.537877   179.364   179.105  4 55514.73075422  6.447
  88 235.083316  64.539419   113.753   113.216  4 55524.64640407 16.056
  89 235.081490  64.540227   115.653   115.471  3 55534.56205166 14.358
  90 235.081668  64.539291   181.095   179.845  4 55544.47769760  4.332
  91 235.080405  64.538702   178.402   178.220  3 55554.39334146  5.113
  92 235.081455  64.538800   177.958   177.524  3 55564.30898442  5.093
  93 235.081638  64.539583   177.994   177.656  3 55574.22462663  4.442
  94 235.080820  64.539630   182.676   182.655  4 55584.14026731  3.176
  95 235.080245  64.538544   192.315   191.915  4 55594.05590470  1.463
  97 235.082109  64.536112   192.049   191.802  4 55613.88717110  1.142
  98 235.086537  64.535989   203.029   203.029  2 55623.80280925  0.226
 105 235.081717  64.537866   192.959   192.844  4 55693.21231904  0.627
 106 235.081017  64.540122   194.373   194.294  4 55703.12795455  4.968
 107 235.083026  64.540512   191.229   190.346  3 55713.04359887  0.555
 108 235.081761  64.540072   186.540   185.973  3 55722.95924807  0.978
 109 235.081050  64.539582   129.281   130.650  3 55732.87489538 24.246
 110 235.082883  64.539115   130.137   130.591  3 55742.79054168  6.508
 111 235.082825  64.539010   107.665   106.687  4 55752.70618647 27.055
 112 235.081487  64.538594   179.746   180.149  3 55762.62182888  5.031
 114 235.080271  64.536380   193.720   194.987  4 55782.45310480  1.394
 115 235.080644  64.536409   186.431   186.401  4 55792.36873837  1.432
 116 235.082471  64.537298   129.791   130.318  4 55802.28437225 22.450
 117 235.082977  64.537827   180.787   180.297  4 55812.20002220  1.992
 119 235.082361  64.537239   190.822   191.392  4 55832.03131401  1.311
 120 235.078185  64.537162   190.337   190.387  4 55841.94695268  1.691
 121 235.077686  64.537366   186.263   181.274  3 55851.86258863  1.751
 122 235.081961  64.538272   177.801   177.398  4 55861.77822291  6.521
 123 235.083180  64.538971   178.906   179.190  4 55871.69387713  5.840
 133 235.080147  64.536149   193.184   192.468  4 55970.85031626  0.636
 134 235.080486  64.537921   203.661   203.855  3 55980.76595240  0.861
 135 235.080505  64.538892   203.004   203.039  4 55990.68158749  0.574
 137 235.085451  64.535662   201.406   201.406  2 56010.51288376  0.375
 139 235.076954  64.537048   208.774   208.774  2 56030.34417301  0.281
 142 235.082442  64.540207   187.068   187.151  4 56060.09109102  4.114
 143 235.081787  64.540259   205.188   205.184  3 56070.00672698  3.384
 144 235.083024  64.539317   196.490   197.639  3 56079.92237808  0.727
 145 235.082519  64.539364   202.725   202.952  3 56089.83802627  0.305
 146 235.075296  64.541111   200.035   200.035  2 56099.75367128  0.861
 147 235.080832  64.539820   191.691   191.691  2 56109.66930366  0.426
 148 235.080478  64.538234   132.528   133.092  3 56119.58494408 13.869
 150 235.079706  64.535944    54.772    54.798  4 56139.41621425 49.971
 152 235.082772  64.537994   107.530   106.029  4 56159.24751279 25.652
 153 235.083034  64.538632   108.397   107.699  4 56169.16316045 24.102
 154 235.081981  64.537578    54.333    54.335  4 56179.07880484 26.695
 155 235.080684  64.536125   193.461   193.205  4 56188.99444495  1.629
 156 235.080123  64.535836   189.540   189.380  4 56198.91008186  1.260
 157 235.079991  64.537837   184.424   181.730  4 56208.82571593  1.888
 158 235.080577  64.540691   181.124   180.491  3 56218.74134833  1.513
 159 235.084053  64.541511   188.084   187.653  4 56228.65699502  3.253
 160 235.082372  64.540911   179.315   179.324  4 56238.57264891  4.372
 161 235.083099  64.539323   180.207   179.433  3 56248.48829921  6.066
 162 235.079886  64.538997   179.126   178.970  4 56258.40394410  5.917
 163 235.082477  64.539261   178.910   179.256  4 56268.31958637  5.212
 164 235.082325  64.540086   184.801   186.982  3 56278.23522661  4.726
 165 235.083609  64.539481   179.595   179.195  4 56288.15087582  2.826
 166 235.079599  64.537885   179.752   179.395  4 56298.06652446  2.918
 167 235.079346  64.535412   179.759   179.228  4 56307.98216960  3.151
 168 235.076879  64.534793   186.020   188.409  4 56317.89781180  2.488
 169 235.079012  64.536044   115.949   116.158  4 56327.81345300 11.099
 170 235.083104  64.537852   192.309   192.273  4 56337.72909338  2.118
 171 235.081310  64.539543   192.574   187.866  3 56347.64473145  1.445
 172 235.083530  64.538399   202.336   202.336  2 56357.56036741  0.522
 173 235.077532  64.536894   115.357   115.619  4 56367.47601610  9.221
 176 235.083239  64.539243   115.000   114.675  4 56397.22295377  7.804
 179 235.083026  64.540002   187.714   187.708  4 56426.96986482  4.939
 180 235.081536  64.538707   202.816   203.143  3 56436.88551642  2.013
 181 235.078466  64.538964   193.270   193.270  2 56446.80116775  0.267
 182 235.083335  64.538968   180.545   180.070  4 56456.71681757  2.070
 183 235.081395  64.539065   127.503   127.629  3 56466.63246360 25.894
 184 235.076438  64.538313   196.376   196.376  2 56476.54810544  0.498
 185 235.078281  64.536014   190.634   190.805  4 56486.46374439  2.115
 187 235.080267  64.536929   122.261   123.555  3 56506.29501465 20.685
 188 235.082959  64.539347    55.357    55.297  3 56516.21064877 47.655
 189 235.082385  64.539954   180.368   180.543  4 56526.12630317  1.542
 190 235.081750  64.538855   188.216   188.558  4 56536.04195360  1.333
 192 235.077350  64.536785   191.595   191.834  4 56555.87324396  0.850
 193 235.080616  64.537749   189.389   189.205  4 56565.78888695  0.808
 194 235.076319  64.541097   191.509   191.509  2 56575.70452774  0.237
 195 235.084863  64.541617    53.269    53.292  3 56585.62016678 48.629
 196 235.084960  64.541605   190.976   188.018  3 56595.53580422  1.880
 197 235.083320  64.539773   112.281   112.560  3 56605.45145679 23.701
 198 235.081856  64.538471   178.795   178.634  4 56615.36710447  8.282
 199 235.080396  64.538673   178.113   178.431  3 56625.28274833  8.871
 200 235.081558  64.539055   178.079   177.596  3 56635.19838962  6.474
 201 235.080932  64.539578   178.199   177.776  3 56645.11402768  5.253
 202 235.082912  64.537643   183.634   179.825  4 56655.02968062  3.489
 203 235.078403  64.536395   116.497   116.470  4 56664.94532866 11.735
 206 235.082350  64.537654   197.118   196.863  4 56694.69226199  2.615
 207 235.080691  64.539326   204.135   204.075  3 56704.60789993  1.949
 208 235.081202  64.539248   204.945   204.276  4 56714.52353278  1.242
 209 235.080301  64.537676   116.269   116.540  3 56724.43918387 10.272
 210 235.078577  64.537206   206.991   207.967  4 56734.35483391  0.555
 211 235.078602  64.538515   208.227   208.371  3 56744.27048055  0.314
 214 235.082921  64.541224   189.638   190.412  4 56774.01739538  1.800
 215 235.083232  64.539205   203.292   203.258  3 56783.93305274  3.044
 216 235.079311  64.538438   203.211   203.157  4 56793.84870601  0.343
 217 235.082440  64.537442   204.737   204.695  4 56803.76435678  2.561
 218 235.082916  64.537514   187.884   187.676  4 56813.67999971  1.948
 220 235.081536  64.536963   105.925   105.838  4 56833.51127432 26.698
 221 235.080038  64.537134   178.431   181.353  4 56843.42690600  4.892
 223 235.078300  64.537963   180.437   180.437  2 56863.25820157  0.859
 224 235.079414  64.538192    54.956    54.941  4 56873.17385499 47.151
 225 235.079579  64.538122   189.039   189.034  4 56883.08950519  1.712
 227 235.080558  64.537250   193.609   193.609  2 56902.92079571  0.120
 228 235.078923  64.538125   126.209   125.950  4 56912.83643720 22.105
 229 235.081465  64.539034   132.042   132.024  4 56922.75207746  7.886
 230 235.082630  64.540438   187.456   187.087  3 56932.66771522  1.143
 231 235.082203  64.541381   186.776   184.052  4 56942.58334762  1.978
 232 235.083500  64.540508   185.116   179.808  3 56952.49899200  2.530
 233 235.081004  64.539471   178.219   178.050  3 56962.41464265  5.770
 234 235.082041  64.538705   179.546   179.917  4 56972.33028867  5.556
 235 235.082315  64.538833   111.114   111.010  3 56982.24593034 18.170
 236 235.082412  64.538987   111.066   110.903  3 56992.16156744 16.407
 237 235.082790  64.538521   115.293   114.931  4 57002.07720106 14.344
 238 235.078697  64.537365   114.433   114.589  4 57011.99285796 13.493
 239 235.079676  64.536312   116.393   116.181  5 57021.90850961 11.963
 240 235.082100  64.536647   115.396   114.944  4 57031.82415856 11.569
 241 235.083030  64.537570   183.794   183.188  4 57041.73980533  2.475
 242 235.081787  64.538410   182.007   179.307  3 57051.65544982  2.134
 243 235.080063  64.538422   187.008   188.253  4 57061.57109007  1.736
 244 235.082958  64.537844   167.589   167.376  4 57071.48672532  1.501
 245 235.081421  64.538974   193.303   187.390  3 57081.40235579  0.740
 246 235.083707  64.540008   191.758   192.008  4 57091.31799918  0.732
 247 235.081178  64.541312   202.273   202.273  2 57101.23365631  0.210
