# NaN NaN NaN ;Mean Elev.(m), Avg Gradient(m/km), RMS Gradient(m/km) - SRTM1     
#    8.621  -2.807   9.084 ;Mean Elev.(m), Avg Gradient(m/km), RMS Gradient(m/km) - ASTER GDEM
#   30.036  -2.364   8.885 ;Mean Elev.(m), Avg Gradient(m/km), RMS Gradient(m/km) - GMTED2010 
   1    26.264 54665.88673295 32.57 230.909500  66.032753   -100 -100.00 -100.00 -100.00
   1    26.054 54665.88673355 30.44 230.915926  66.033012   -100 -100.00 -100.00 -100.00
   1    25.985 54665.88673414 30.86 230.922352  66.033269   -100 -100.00 -100.00 -100.00
   1    25.901 54665.88673473 28.61 230.928778  66.033527 31.857 -100.00 -100.00 -100.00
   2    25.651 54675.80237737 51.84 230.906980  66.033798   -100 -100.00 -100.00 -100.00
   2    25.449 54675.80237796 50.39 230.913406  66.034056   -100 -100.00 -100.00 -100.00
   2    25.367 54675.80237855 54.02 230.919833  66.034314  6.601 -100.00 -100.00 -100.00
   2    25.218 54675.80237914 55.22 230.926259  66.034572 21.162 -100.00 -100.00 -100.00
   2    25.279 54675.80237973 51.34 230.932686  66.034829  6.227 -100.00 -100.00 -100.00
   3     0.130 54685.71802074  8.37 230.908344  66.035596  2.837 -100.00 -100.00 -100.00
   3     1.212 54685.71802133  9.25 230.914770  66.035854  2.955 -100.00 -100.00 -100.00
   3     1.455 54685.71802192  9.39 230.921197  66.036112  2.915 -100.00 -100.00 -100.00
   3     1.956 54685.71802251  9.30 230.927624  66.036370  2.799 -100.00 -100.00 -100.00
   4    79.455 54695.63366202 11.73 230.904264  66.036420  5.301 -100.00 -100.00 -100.00
   4    80.251 54695.63366261 11.89 230.910691  66.036679  4.721 -100.00 -100.00 -100.00
   4    75.663 54695.63366320 18.42 230.917117  66.036937 15.637 -100.00 -100.00 -100.00
   4    73.048 54695.63366379 20.81 230.923544  66.037195 11.190 -100.00 -100.00 -100.00
   4    71.056 54695.63366438 21.80 230.929971  66.037452 15.032 -100.00 -100.00 -100.00
   5     4.306 54705.54930158  9.88 230.909162  66.035645  2.802 -100.00 -100.00 -100.00
   5     4.841 54705.54930217  9.74 230.915588  66.035903  2.518 -100.00 -100.00 -100.00
   5     5.309 54705.54930276  9.97 230.922015  66.036161  2.543 -100.00 -100.00 -100.00
   5     5.825 54705.54930335 10.66 230.928441  66.036419  2.998 -100.00 -100.00 -100.00
   6    25.096 54715.46495357 49.39 230.906743  66.033145 32.606 -100.00 -100.00 -100.00
   6    25.105 54715.46495416 49.99 230.913168  66.033404   -100 -100.00 -100.00 -100.00
   6    24.693 54715.46495476 51.13 230.919594  66.033662   -100 -100.00 -100.00 -100.00
   6    24.870 54715.46495535 51.96 230.926019  66.033919   -100 -100.00 -100.00 -100.00
   6    24.892 54715.46495594 50.33 230.932445  66.034177   -100 -100.00 -100.00 -100.00
   7    11.261 54725.38060353 14.27 230.906114  66.030821  3.322 -100.00 -100.00 -100.00
   7    11.232 54725.38060412 14.30 230.912538  66.031080  3.856 -100.00 -100.00 -100.00
   7    11.205 54725.38060471 14.68 230.918963  66.031337  3.777 -100.00 -100.00 -100.00
   7    11.172 54725.38060530 14.34 230.925389  66.031595  3.587 -100.00 -100.00 -100.00
   7    11.117 54725.38060589 14.54 230.931814  66.031852  3.722 -100.00 -100.00 -100.00
   8    24.512 54735.29625190 42.83 230.908939  66.030541   -100 -100.00 -100.00 -100.00
   8    24.523 54735.29625249 45.13 230.915364  66.030799   -100 -100.00 -100.00 -100.00
   8    24.552 54735.29625308 43.15 230.921789  66.031057   -100 -100.00 -100.00 -100.00
   8    24.364 54735.29625367 40.01 230.928214  66.031314   -100 -100.00 -100.00 -100.00
   8    24.393 54735.29625426 34.69 230.934639  66.031571 29.206 -100.00 -100.00 -100.00
   9    25.343 54745.21189890 33.46 230.906912  66.032151 32.171 -100.00 -100.00 -100.00
   9    25.240 54745.21189949 30.75 230.913337  66.032408 23.824 -100.00 -100.00 -100.00
   9    24.750 54745.21190008 32.09 230.919763  66.032666   -100 -100.00 -100.00 -100.00
   9    24.370 54745.21190067 31.39 230.926189  66.032923   -100 -100.00 -100.00 -100.00
   9    24.357 54745.21190126 26.72 230.932615  66.033180 21.612 -100.00 -100.00 -100.00
  10    79.553 54755.12754587 18.29 230.909344  66.033896  4.840 -100.00 -100.00 -100.00
  10    79.849 54755.12754646 20.20 230.915770  66.034154  7.638 -100.00 -100.00 -100.00
  10    79.593 54755.12754706 19.38 230.922197  66.034412  5.496 -100.00 -100.00 -100.00
  10    80.935 54755.12754765 21.54 230.928623  66.034669  8.535 -100.00 -100.00 -100.00
  11    78.100 54765.04319088 21.16 230.903892  66.033420  4.346 -100.00 -100.00 -100.00
  11    78.659 54765.04319147 22.38 230.910318  66.033678  5.781 -100.00 -100.00 -100.00
  11    79.259 54765.04319206 23.97 230.916745  66.033936  9.953 -100.00 -100.00 -100.00
  11    75.609 54765.04319265 29.34 230.923172  66.034193 20.510 -100.00 -100.00 -100.00
  11    78.492 54765.04319324 25.24 230.929598  66.034450 10.489 -100.00 -100.00 -100.00
  12    77.653 54774.95883368 18.71 230.905956  66.031299  5.139 -100.00 -100.00 -100.00
  12    78.228 54774.95883427 19.63 230.912382  66.031557  6.539 -100.00 -100.00 -100.00
  12    76.153 54774.95883486 23.26 230.918808  66.031815 11.652 -100.00 -100.00 -100.00
  12    78.287 54774.95883545 22.12 230.925234  66.032073  9.785 -100.00 -100.00 -100.00
  12    79.540 54774.95883604 21.77 230.931661  66.032330  7.658 -100.00 -100.00 -100.00
  13    77.164 54784.87447377 18.26 230.906021  66.029345  3.935 -100.00 -100.00 -100.00
  13    77.718 54784.87447436 18.78 230.912447  66.029603  5.071 -100.00 -100.00 -100.00
  13    80.516 54784.87447495 17.96 230.918873  66.029861  3.998 -100.00 -100.00 -100.00
  13    81.165 54784.87447554 27.07 230.925299  66.030118 10.633 -100.00 -100.00 -100.00
  13    79.138 54784.87447613 26.93 230.931725  66.030376 10.454 -100.00 -100.00 -100.00
  14    76.033 54794.79011194 19.48 230.902979  66.029357  5.396 -100.00 -100.00 -100.00
  14    77.489 54794.79011253 19.67 230.909404  66.029615  5.101 -100.00 -100.00 -100.00
  14    78.620 54794.79011312 19.22 230.915830  66.029873  4.047 -100.00 -100.00 -100.00
  14    78.020 54794.79011371 27.02 230.922256  66.030131 20.075 -100.00 -100.00 -100.00
  14    78.873 54794.79011430 27.90 230.928682  66.030388 12.871 -100.00 -100.00 -100.00
  14    74.385 54794.79011489 29.57 230.935108  66.030645 24.228 -100.00 -100.00 -100.00
  17    77.769 54824.53703234 17.31 230.903801  66.033785  4.408 -100.00 -100.00 -100.00
  17    78.746 54824.53703293 18.04 230.910227  66.034044  4.705 -100.00 -100.00 -100.00
  17    77.259 54824.53703352 18.80 230.916654  66.034302  5.871 -100.00 -100.00 -100.00
  17    77.537 54824.53703411 18.29 230.923080  66.034560  5.359 -100.00 -100.00 -100.00
  17    78.053 54824.53703470 19.61 230.929507  66.034817  7.090 -100.00 -100.00 -100.00
  18    78.551 54834.45267263 16.72 230.909284  66.033191  4.125 -100.00 -100.00 -100.00
  18    78.631 54834.45267322 17.26 230.915710  66.033449  3.990 -100.00 -100.00 -100.00
  18    78.842 54834.45267381 17.48 230.922137  66.033707  4.461 -100.00 -100.00 -100.00
  18    79.511 54834.45267440 17.72 230.928563  66.033964  3.847 -100.00 -100.00 -100.00
  19    78.321 54844.36832244 16.00 230.908793  66.033115  4.069 -100.00 -100.00 -100.00
  19    78.866 54844.36832303 16.28 230.915219  66.033373  4.340 -100.00 -100.00 -100.00
  19    79.009 54844.36832362 16.86 230.921645  66.033631  4.138 -100.00 -100.00 -100.00
  19    79.268 54844.36832421 17.33 230.928072  66.033888  5.054 -100.00 -100.00 -100.00
  20    78.436 54854.28397129 16.30 230.907058  66.034106  3.994 -100.00 -100.00 -100.00
  20    78.788 54854.28397188 16.33 230.913484  66.034364  4.089 -100.00 -100.00 -100.00
  20    78.926 54854.28397247 16.50 230.919911  66.034622  3.593 -100.00 -100.00 -100.00
  20    79.342 54854.28397306 17.19 230.926337  66.034879  4.568 -100.00 -100.00 -100.00
  20    80.146 54854.28397365 17.06 230.932764  66.035136  4.309 -100.00 -100.00 -100.00
  21    79.024 54864.19962038 16.26 230.909902  66.035985  4.296 -100.00 -100.00 -100.00
  21    79.234 54864.19962097 16.68 230.916329  66.036242  4.347 -100.00 -100.00 -100.00
  21    79.929 54864.19962156 16.59 230.922755  66.036500  4.177 -100.00 -100.00 -100.00
  21    79.902 54864.19962215 17.80 230.929183  66.036757  5.589 -100.00 -100.00 -100.00
  22    78.980 54874.11526892 15.18 230.909639  66.036623  3.365 -100.00 -100.00 -100.00
  22    79.207 54874.11526951 15.65 230.916066  66.036880  3.835 -100.00 -100.00 -100.00
  22    79.732 54874.11527010 16.04 230.922494  66.037138  3.849 -100.00 -100.00 -100.00
  22    80.130 54874.11527070 17.00 230.928922  66.037395  5.368 -100.00 -100.00 -100.00
  23    78.645 54884.03091476 15.60 230.907775  66.035463  4.027 -100.00 -100.00 -100.00
  23    79.235 54884.03091535 15.66 230.914202  66.035721  3.906 -100.00 -100.00 -100.00
  23    79.501 54884.03091594 16.17 230.920629  66.035979  4.939 -100.00 -100.00 -100.00
  23    80.028 54884.03091653 16.35 230.927056  66.036236  4.353 -100.00 -100.00 -100.00
  24    78.232 54893.94655731 15.39 230.907618  66.032890  3.455 -100.00 -100.00 -100.00
  24    78.831 54893.94655790 15.82 230.914044  66.033148  3.387 -100.00 -100.00 -100.00
  24    79.028 54893.94655849 16.38 230.920471  66.033406  4.299 -100.00 -100.00 -100.00
  24    79.683 54893.94655908 16.15 230.926898  66.033663  3.777 -100.00 -100.00 -100.00
  24    80.054 54893.94655967 17.12 230.933325  66.033920  5.643 -100.00 -100.00 -100.00
  25    78.017 54903.86219728 15.53 230.908494  66.030757  3.575 -100.00 -100.00 -100.00
  25    78.467 54903.86219787 15.27 230.914920  66.031015  3.812 -100.00 -100.00 -100.00
  25    78.869 54903.86219846 15.29 230.921347  66.031272  3.694 -100.00 -100.00 -100.00
  25    79.316 54903.86219905 16.56 230.927773  66.031529  5.980 -100.00 -100.00 -100.00
  25    79.706 54903.86219964 16.02 230.934200  66.031786  4.626 -100.00 -100.00 -100.00
  26    76.891 54913.77783599 16.49 230.908365  66.030537  6.012 -100.00 -100.00 -100.00
  26    78.143 54913.77783658 14.96 230.914791  66.030795  3.477 -100.00 -100.00 -100.00
  26    78.669 54913.77783717 15.15 230.921217  66.031052  3.339 -100.00 -100.00 -100.00
  26    79.329 54913.77783776 16.22 230.927644  66.031310  5.499 -100.00 -100.00 -100.00
  26    79.622 54913.77783835 16.61 230.934070  66.031567  5.951 -100.00 -100.00 -100.00
  27    77.572 54923.69347414 14.86 230.909047  66.031927  3.653 -100.00 -100.00 -100.00
  27    78.497 54923.69347473 15.30 230.915474  66.032185  4.701 -100.00 -100.00 -100.00
  27    78.764 54923.69347532 15.80 230.921900  66.032442  4.933 -100.00 -100.00 -100.00
  27    80.734 54923.69347591 15.13 230.928326  66.032700  3.805 -100.00 -100.00 -100.00
  28    78.236 54933.60911100 14.21 230.904335  66.033032  3.619 -100.00 -100.00 -100.00
  28    77.662 54933.60911159 14.49 230.910760  66.033290  3.676 -100.00 -100.00 -100.00
  28    78.580 54933.60911218 15.06 230.917187  66.033548  4.937 -100.00 -100.00 -100.00
  28    79.837 54933.60911277 15.17 230.923613  66.033806  4.592 -100.00 -100.00 -100.00
  28    79.973 54933.60911337 15.36 230.930039  66.034063  5.460 -100.00 -100.00 -100.00
  29    77.596 54943.52474632 13.65 230.904039  66.032701  4.493 -100.00 -100.00 -100.00
  29    78.036 54943.52474691 13.73 230.910464  66.032959  4.026 -100.00 -100.00 -100.00
  29    78.913 54943.52474751 15.47 230.916890  66.033217  5.714 -100.00 -100.00 -100.00
  29    79.464 54943.52474810 13.86 230.923316  66.033475  4.482 -100.00 -100.00 -100.00
  29    79.852 54943.52474869 15.33 230.929742  66.033732  6.346 -100.00 -100.00 -100.00
  30    78.817 54953.44037966 16.20 230.904695  66.030822  3.564 -100.00 -100.00 -100.00
  30    79.303 54953.44038025 17.58 230.911120  66.031080  5.051 -100.00 -100.00 -100.00
  30    79.407 54953.44038084 20.37 230.917545  66.031339  7.751 -100.00 -100.00 -100.00
  30    79.907 54953.44038143 20.88 230.923970  66.031596  8.117 -100.00 -100.00 -100.00
  30    80.186 54953.44038202 21.56 230.930395  66.031854  7.449 -100.00 -100.00 -100.00
  31    82.535 54963.35602433 14.76 230.908240  66.029189  3.670 -100.00 -100.00 -100.00
  31    80.045 54963.35602492 17.90 230.914664  66.029447  5.898 -100.00 -100.00 -100.00
  31    79.910 54963.35602551 18.64 230.921089  66.029705  5.569 -100.00 -100.00 -100.00
  31    80.982 54963.35602610 21.64 230.927513  66.029963  8.799 -100.00 -100.00 -100.00
  31    80.249 54963.35602669 22.61 230.933938  66.030220  9.717 -100.00 -100.00 -100.00
  32    31.887 54973.27167283 34.32 230.908656  66.029420 30.482 -100.00 -100.00 -100.00
  32    32.157 54973.27167342 34.61 230.915081  66.029678 30.945 -100.00 -100.00 -100.00
  32    32.172 54973.27167402 33.52 230.921505  66.029936 24.187 -100.00 -100.00 -100.00
  32    32.059 54973.27167461 34.47 230.927930  66.030193   -100 -100.00 -100.00 -100.00
  32    31.900 54973.27167520 33.48 230.934355  66.030451   -100 -100.00 -100.00 -100.00
  33    26.765 54983.18732040 49.19 230.907056  66.031238   -100 -100.00 -100.00 -100.00
  33    26.685 54983.18732099 52.12 230.913481  66.031496   -100 -100.00 -100.00 -100.00
  33    26.913 54983.18732158 50.60 230.919906  66.031754   -100 -100.00 -100.00 -100.00
  33    26.948 54983.18732217 53.33 230.926331  66.032011   -100 -100.00 -100.00 -100.00
  33    26.202 54983.18732276 51.49 230.932757  66.032269  1.441 -100.00 -100.00 -100.00
  34    80.171 54993.10296779 22.80 230.906039  66.033248  7.787 -100.00 -100.00 -100.00
  34    79.898 54993.10296838 23.77 230.912465  66.033506  9.056 -100.00 -100.00 -100.00
  34    78.889 54993.10296897 28.15 230.918891  66.033764 29.344 -100.00 -100.00 -100.00
  34    79.732 54993.10296956 21.04 230.925316  66.034021 14.920 -100.00 -100.00 -100.00
  34    81.437 54993.10297015 19.24 230.931743  66.034279 10.635 -100.00 -100.00 -100.00
  35    27.389 55003.01861444 44.12 230.907934  66.034119   -100 -100.00 -100.00 -100.00
  35    27.744 55003.01861504 42.79 230.914360  66.034377   -100 -100.00 -100.00 -100.00
  35    27.436 55003.01861563 49.29 230.920787  66.034635  1.326 -100.00 -100.00 -100.00
  35    27.582 55003.01861622 49.56 230.927213  66.034892   -100 -100.00 -100.00 -100.00
  36    26.695 55012.93425912 39.06 230.909555  66.033940   -100 -100.00 -100.00 -100.00
  36    26.360 55012.93425971 35.41 230.915982  66.034198   -100 -100.00 -100.00 -100.00
  36    26.380 55012.93426030 32.65 230.922408  66.034455 29.620 -100.00 -100.00 -100.00
  36    26.462 55012.93426089 29.01 230.928835  66.034713 21.854 -100.00 -100.00 -100.00
  37    26.720 55022.84990185 32.39 230.905376  66.033260   -100 -100.00 -100.00 -100.00
  37    26.402 55022.84990244 31.22 230.911802  66.033518   -100 -100.00 -100.00 -100.00
  37    26.428 55022.84990303 29.63 230.918229  66.033775   -100 -100.00 -100.00 -100.00
  37    26.408 55022.84990362 24.84 230.924655  66.034033 18.674 -100.00 -100.00 -100.00
  37    26.232 55022.84990421 22.26 230.931082  66.034290 13.373 -100.00 -100.00 -100.00
  38    26.773 55032.76554412 49.89 230.904466  66.033821   -100 -100.00 -100.00 -100.00
  38    26.551 55032.76554471 50.32 230.910892  66.034079   -100 -100.00 -100.00 -100.00
  38    26.509 55032.76554530 52.52 230.917318  66.034337   -100 -100.00 -100.00 -100.00
  38    26.601 55032.76554589 52.61 230.923745  66.034594   -100 -100.00 -100.00 -100.00
  38    26.277 55032.76554648 50.55 230.930171  66.034851   -100 -100.00 -100.00 -100.00
  39    25.230 55042.68118606 49.25 230.907637  66.035049  4.426 -100.00 -100.00 -100.00
  39    25.407 55042.68118666 47.41 230.914064  66.035307   -100 -100.00 -100.00 -100.00
  39    25.342 55042.68118725 50.21 230.920490  66.035565   -100 -100.00 -100.00 -100.00
  39    25.406 55042.68118784 50.58 230.926917  66.035822   -100 -100.00 -100.00 -100.00
  40    25.082 55052.59682629 43.70 230.909268  66.035509   -100 -100.00 -100.00 -100.00
  40    25.323 55052.59682688 47.97 230.915695  66.035767   -100 -100.00 -100.00 -100.00
  40    25.302 55052.59682747 48.29 230.922121  66.036025   -100 -100.00 -100.00 -100.00
  40    25.025 55052.59682806 48.99 230.928548  66.036283   -100 -100.00 -100.00 -100.00
  41    25.608 55062.51246373 47.20 230.904916  66.034059 32.700 -100.00 -100.00 -100.00
  41    25.166 55062.51246432 48.29 230.911341  66.034318   -100 -100.00 -100.00 -100.00
  41    25.112 55062.51246491 49.98 230.917767  66.034576   -100 -100.00 -100.00 -100.00
  41    24.733 55062.51246550 48.78 230.924193  66.034834  9.946 -100.00 -100.00 -100.00
  41    24.859 55062.51246609 38.58 230.930620  66.035091   -100 -100.00 -100.00 -100.00
  42    25.717 55072.42810758 52.16 230.904348  66.031899   -100 -100.00 -100.00 -100.00
  42    25.760 55072.42810817 51.18 230.910773  66.032157   -100 -100.00 -100.00 -100.00
  42    25.858 55072.42810877 53.32 230.917198  66.032415   -100 -100.00 -100.00 -100.00
  42    25.765 55072.42810936 54.09 230.923623  66.032673   -100 -100.00 -100.00 -100.00
  42    25.594 55072.42810995 55.63 230.930049  66.032931  1.543 -100.00 -100.00 -100.00
  43    24.910 55082.34375619 47.34 230.906760  66.030323   -100 -100.00 -100.00 -100.00
  43    25.001 55082.34375678 43.10 230.913185  66.030581   -100 -100.00 -100.00 -100.00
  43    25.080 55082.34375737 44.49 230.919610  66.030839   -100 -100.00 -100.00 -100.00
  43    24.723 55082.34375796 43.13 230.926035  66.031096  0.000 -100.00 -100.00 -100.00
  43    24.853 55082.34375855 32.23 230.932460  66.031354 19.782 -100.00 -100.00 -100.00
  44    25.860 55092.25940294 50.61 230.905902  66.030299   -100 -100.00 -100.00 -100.00
  44    26.030 55092.25940354 48.15 230.912327  66.030557   -100 -100.00 -100.00 -100.00
  44    25.692 55092.25940413 52.73 230.918752  66.030815   -100 -100.00 -100.00 -100.00
  44    26.148 55092.25940472 53.25 230.925177  66.031073   -100 -100.00 -100.00 -100.00
  44    25.811 55092.25940531 53.96 230.931602  66.031330   -100 -100.00 -100.00 -100.00
  45    25.007 55102.17504930 50.39 230.903998  66.031457   -100 -100.00 -100.00 -100.00
  45    25.194 55102.17504989 47.61 230.910423  66.031715   -100 -100.00 -100.00 -100.00
  45    25.063 55102.17505048 49.67 230.916849  66.031972   -100 -100.00 -100.00 -100.00
  45    25.135 55102.17505107 53.20 230.923275  66.032230   -100 -100.00 -100.00 -100.00
  45    25.022 55102.17505166 53.03 230.929700  66.032487   -100 -100.00 -100.00 -100.00
  46    25.020 55112.09069564 38.20 230.905750  66.032820   -100 -100.00 -100.00 -100.00
  46    24.892 55112.09069623 37.05 230.912176  66.033078   -100 -100.00 -100.00 -100.00
  46    24.808 55112.09069683 35.30 230.918602  66.033335   -100 -100.00 -100.00 -100.00
  46    24.902 55112.09069742 32.86 230.925028  66.033593 31.717 -100.00 -100.00 -100.00
  46    24.508 55112.09069801 26.68 230.931455  66.033850 16.164 -100.00 -100.00 -100.00
  47    78.482 55122.00633987 24.84 230.909278  66.032772 12.669 -100.00 -100.00 -100.00
  47    79.542 55122.00634046 22.84 230.915704  66.033030  7.389 -100.00 -100.00 -100.00
  47    79.788 55122.00634105 26.52 230.922131  66.033287 13.995 -100.00 -100.00 -100.00
  47    80.041 55122.00634164 27.69 230.928557  66.033544 12.140 -100.00 -100.00 -100.00
  48    75.603 55131.92198062 23.81 230.906660  66.031210 10.450 -100.00 -100.00 -100.00
  48    78.528 55131.92198121 21.82 230.913086  66.031468  7.518 -100.00 -100.00 -100.00
  48    75.572 55131.92198180 29.97 230.919512  66.031726 20.118 -100.00 -100.00 -100.00
  48    76.055 55131.92198239 29.74 230.925939  66.031983 28.902 -100.00 -100.00 -100.00
  48    82.048 55131.92198298 24.46 230.932365  66.032240 11.500 -100.00 -100.00 -100.00
  49    77.989 55141.83761970 21.39 230.907787  66.029779  6.562 -100.00 -100.00 -100.00
  49    78.379 55141.83762029 22.27 230.914213  66.030037  7.476 -100.00 -100.00 -100.00
  49    78.249 55141.83762088 28.67 230.920639  66.030295 19.093 -100.00 -100.00 -100.00
  49    78.952 55141.83762147 25.26 230.927065  66.030553 13.303 -100.00 -100.00 -100.00
  49    79.250 55141.83762206 27.27 230.933491  66.030810 15.319 -100.00 -100.00 -100.00
  50    78.463 55151.75325815 21.53 230.908785  66.030002  6.164 -100.00 -100.00 -100.00
  50    78.916 55151.75325874 22.02 230.915211  66.030260  5.540 -100.00 -100.00 -100.00
  50    76.963 55151.75325933 25.32 230.921637  66.030517 11.734 -100.00 -100.00 -100.00
  50    78.838 55151.75325992 26.01 230.928063  66.030775 12.627 -100.00 -100.00 -100.00
  50    80.131 55151.75326051 27.05 230.934489  66.031032 12.580 -100.00 -100.00 -100.00
  51    77.352 55161.66889622 19.55 230.903294  66.031347  4.351 -100.00 -100.00 -100.00
  51    76.527 55161.66889681 20.95 230.909720  66.031605  5.307 -100.00 -100.00 -100.00
  51    78.305 55161.66889740 23.10 230.916146  66.031863  7.974 -100.00 -100.00 -100.00
  51    79.335 55161.66889799 21.59 230.922572  66.032121  6.818 -100.00 -100.00 -100.00
  51    78.673 55161.66889858 25.90 230.928998  66.032379 12.932 -100.00 -100.00 -100.00
  52    78.391 55171.58453499 20.82 230.909529  66.033281  5.154 -100.00 -100.00 -100.00
  52    79.230 55171.58453558 21.35 230.915956  66.033539  6.833 -100.00 -100.00 -100.00
  52    78.561 55171.58453617 23.39 230.922382  66.033797  9.383 -100.00 -100.00 -100.00
  52    79.804 55171.58453676 22.72 230.928809  66.034054  7.075 -100.00 -100.00 -100.00
  53    78.853 55181.50017148 19.42 230.908086  66.033937  4.159 -100.00 -100.00 -100.00
  53    77.405 55181.50017207 21.05 230.914512  66.034196  5.557 -100.00 -100.00 -100.00
  53    79.027 55181.50017266 21.57 230.920938  66.034454  7.303 -100.00 -100.00 -100.00
  53    80.386 55181.50017325 21.38 230.927365  66.034711  5.878 -100.00 -100.00 -100.00
  54    78.677 55191.41582077 19.22 230.906016  66.033759  4.374 -100.00 -100.00 -100.00
  54    78.711 55191.41582136 21.78 230.912442  66.034018  6.955 -100.00 -100.00 -100.00
  54    79.404 55191.41582195 21.36 230.918868  66.034276  6.045 -100.00 -100.00 -100.00
  54    79.609 55191.41582254 22.45 230.925295  66.034533  8.221 -100.00 -100.00 -100.00
  54    80.214 55191.41582313 21.47 230.931721  66.034791  5.886 -100.00 -100.00 -100.00
  55    78.366 55201.33147105 20.87 230.907028  66.034032  5.698 -100.00 -100.00 -100.00
  55    79.180 55201.33147164 20.48 230.913454  66.034290  4.927 -100.00 -100.00 -100.00
  55    79.386 55201.33147224 21.04 230.919880  66.034548  5.901 -100.00 -100.00 -100.00
  55    79.651 55201.33147283 22.32 230.926306  66.034806  6.708 -100.00 -100.00 -100.00
  55    78.819 55201.33147342 23.71 230.932733  66.035063  9.145 -100.00 -100.00 -100.00
  56    78.012 55211.24712054 19.54 230.906150  66.034574  5.045 -100.00 -100.00 -100.00
  56    78.496 55211.24712113 20.93 230.912576  66.034832  6.141 -100.00 -100.00 -100.00
  56    79.402 55211.24712172 20.48 230.919003  66.035090  5.756 -100.00 -100.00 -100.00
  56    79.485 55211.24712231 21.51 230.925430  66.035347  6.359 -100.00 -100.00 -100.00
  56    81.736 55211.24712290 20.91 230.931856  66.035604  5.028 -100.00 -100.00 -100.00
  57    79.028 55221.16276943 17.99 230.903903  66.035021  3.277 -100.00 -100.00 -100.00
  57    79.241 55221.16277002 19.69 230.910330  66.035279  5.170 -100.00 -100.00 -100.00
  57    79.491 55221.16277061 20.76 230.916756  66.035537  5.802 -100.00 -100.00 -100.00
  57    79.723 55221.16277120 20.74 230.923183  66.035794  6.699 -100.00 -100.00 -100.00
  57    81.056 55221.16277179 22.71 230.929610  66.036052  8.901 -100.00 -100.00 -100.00
  58    78.710 55231.07841765 18.50 230.906637  66.034575  5.028 -100.00 -100.00 -100.00
  58    79.811 55231.07841824 18.39 230.913064  66.034833  3.973 -100.00 -100.00 -100.00
  58    80.254 55231.07841883 19.05 230.919491  66.035091  4.966 -100.00 -100.00 -100.00
  58    79.623 55231.07841942 19.85 230.925918  66.035348  5.715 -100.00 -100.00 -100.00
  58    81.535 55231.07842001 19.92 230.932345  66.035605  6.170 -100.00 -100.00 -100.00
  59    78.650 55240.99406219 17.51 230.904536  66.033148  3.422 -100.00 -100.00 -100.00
  59    79.540 55240.99406278 17.91 230.910962  66.033406  3.559 -100.00 -100.00 -100.00
  59    79.090 55240.99406337 20.14 230.917389  66.033664  6.801 -100.00 -100.00 -100.00
  59    78.354 55240.99406396 20.68 230.923815  66.033921  6.642 -100.00 -100.00 -100.00
  59    79.902 55240.99406455 19.71 230.930242  66.034179  5.136 -100.00 -100.00 -100.00
  60    78.056 55250.90970360 18.04 230.906976  66.031645  4.235 -100.00 -100.00 -100.00
  60    79.349 55250.90970419 18.04 230.913402  66.031903  4.219 -100.00 -100.00 -100.00
  60    78.495 55250.90970478 18.79 230.919828  66.032160  4.897 -100.00 -100.00 -100.00
  60    78.833 55250.90970537 19.87 230.926255  66.032418  5.879 -100.00 -100.00 -100.00
  60    81.551 55250.90970596 20.86 230.932682  66.032675  7.038 -100.00 -100.00 -100.00
  61    77.523 55260.82534212 17.19 230.902793  66.030604  3.650 -100.00 -100.00 -100.00
  61    78.010 55260.82534271 17.39 230.909219  66.030862  3.791 -100.00 -100.00 -100.00
  61    78.519 55260.82534330 18.73 230.915645  66.031119  5.662 -100.00 -100.00 -100.00
  61    78.462 55260.82534389 20.34 230.922071  66.031377  6.840 -100.00 -100.00 -100.00
  61    79.278 55260.82534448 19.45 230.928497  66.031634  5.326 -100.00 -100.00 -100.00
  62    78.339 55270.74098066 17.14 230.907879  66.031084  3.931 -100.00 -100.00 -100.00
  62    77.358 55270.74098125 18.63 230.914305  66.031341  5.005 -100.00 -100.00 -100.00
  62    78.566 55270.74098184 19.29 230.920731  66.031599  6.437 -100.00 -100.00 -100.00
  62    79.290 55270.74098243 18.83 230.927157  66.031856  5.546 -100.00 -100.00 -100.00
  62    78.841 55270.74098303 21.64 230.933584  66.032113  9.329 -100.00 -100.00 -100.00
  63    79.074 55280.65661850 16.93 230.905971  66.031668  3.411 -100.00 -100.00 -100.00
  63    78.276 55280.65661909 18.00 230.912397  66.031926  4.696 -100.00 -100.00 -100.00
  63    78.323 55280.65661968 19.53 230.918823  66.032184  6.041 -100.00 -100.00 -100.00
  63    79.156 55280.65662027 19.23 230.925249  66.032441  6.782 -100.00 -100.00 -100.00
  63    79.211 55280.65662086 19.84 230.931675  66.032698  5.869 -100.00 -100.00 -100.00
  64    78.300 55290.57225551 16.02 230.908431  66.031999  3.813 -100.00 -100.00 -100.00
  64    78.751 55290.57225610 16.99 230.914857  66.032257  5.564 -100.00 -100.00 -100.00
  64    78.668 55290.57225669 17.43 230.921282  66.032514  4.948 -100.00 -100.00 -100.00
  64    81.016 55290.57225728 17.88 230.927708  66.032772  5.276 -100.00 -100.00 -100.00
  65    77.141 55300.48788966 12.44 230.905307  66.031354  4.782 -100.00 -100.00 -100.00
  65    78.291 55300.48789025 13.00 230.911732  66.031613  5.525 -100.00 -100.00 -100.00
  65    78.255 55300.48789084 13.83 230.918157  66.031871  7.284 -100.00 -100.00 -100.00
  65    78.324 55300.48789143 14.35 230.924583  66.032129  6.457 -100.00 -100.00 -100.00
  65    78.518 55300.48789202 14.79 230.931008  66.032386  8.061 -100.00 -100.00 -100.00
  66    80.128 55310.40353588 16.68 230.908166  66.030526  3.874 -100.00 -100.00 -100.00
  66    81.126 55310.40353647 18.18 230.914591  66.030784  5.215 -100.00 -100.00 -100.00
  66    81.073 55310.40353706 19.61 230.921016  66.031042  6.943 -100.00 -100.00 -100.00
  66    81.959 55310.40353765 20.16 230.927441  66.031300  6.653 -100.00 -100.00 -100.00
  66    82.912 55310.40353824 21.97 230.933866  66.031557  7.611 -100.00 -100.00 -100.00
  67    27.988 55320.31918101 40.62 230.902894  66.029846   -100 -100.00 -100.00 -100.00
  67    27.587 55320.31918160 37.96 230.909318  66.030104   -100 -100.00 -100.00 -100.00
  67    27.708 55320.31918219 33.54 230.915743  66.030362   -100 -100.00 -100.00 -100.00
  67    27.823 55320.31918278 33.68 230.922167  66.030620   -100 -100.00 -100.00 -100.00
  67    27.982 55320.31918337 34.63 230.928592  66.030878   -100 -100.00 -100.00 -100.00
  67    27.695 55320.31918396 40.04 230.935017  66.031135   -100 -100.00 -100.00 -100.00
  68    28.861 55330.23482572 54.84 230.904347  66.030467   -100 -100.00 -100.00 -100.00
  68    29.095 55330.23482631 53.60 230.910772  66.030725  0.734 -100.00 -100.00 -100.00
  68    29.096 55330.23482690 54.84 230.917197  66.030983   -100 -100.00 -100.00 -100.00
  68    29.070 55330.23482749 54.59 230.923622  66.031240  5.728 -100.00 -100.00 -100.00
  68    29.187 55330.23482808 54.23 230.930047  66.031498   -100 -100.00 -100.00 -100.00
  69    26.101 55340.15047038 35.97 230.906777  66.031960   -100 -100.00 -100.00 -100.00
  69    25.593 55340.15047097 39.14 230.913202  66.032218   -100 -100.00 -100.00 -100.00
  69    25.034 55340.15047156 40.09 230.919628  66.032476   -100 -100.00 -100.00 -100.00
  69    25.468 55340.15047215 32.46 230.926053  66.032734 32.441 -100.00 -100.00 -100.00
  69    25.283 55340.15047274 29.73 230.932479  66.032991 24.696 -100.00 -100.00 -100.00
  70    25.196 55350.06611458 46.02 230.906899  66.033100  1.355 -100.00 -100.00 -100.00
  70    25.466 55350.06611517 49.32 230.913324  66.033358 15.874 -100.00 -100.00 -100.00
  70    25.046 55350.06611576 48.29 230.919750  66.033615  7.150 -100.00 -100.00 -100.00
  70    25.542 55350.06611635 44.02 230.926176  66.033873   -100 -100.00 -100.00 -100.00
  70    25.248 55350.06611695 47.87 230.932602  66.034130   -100 -100.00 -100.00 -100.00
  71    25.892 55359.98175689 37.19 230.909133  66.033723   -100 -100.00 -100.00 -100.00
  71    25.932 55359.98175748 38.19 230.915560  66.033981   -100 -100.00 -100.00 -100.00
  71    25.956 55359.98175807 36.98 230.921986  66.034239   -100 -100.00 -100.00 -100.00
  71    25.871 55359.98175866 32.47 230.928412  66.034497   -100 -100.00 -100.00 -100.00
  72    25.341 55369.89739666 37.05 230.907507  66.033808   -100 -100.00 -100.00 -100.00
  72    25.220 55369.89739725 34.97 230.913933  66.034066   -100 -100.00 -100.00 -100.00
  72    25.317 55369.89739784 32.00 230.920359  66.034324 27.563 -100.00 -100.00 -100.00
  72    25.066 55369.89739843 28.83 230.926786  66.034581 16.541 -100.00 -100.00 -100.00
  73    25.784 55379.81303488 37.30 230.905088  66.034002   -100 -100.00 -100.00 -100.00
  73    26.076 55379.81303547 34.78 230.911514  66.034260 31.294 -100.00 -100.00 -100.00
  73    25.551 55379.81303606 37.19 230.917940  66.034518   -100 -100.00 -100.00 -100.00
  73    25.721 55379.81303665 33.30 230.924367  66.034776   -100 -100.00 -100.00 -100.00
  73    25.878 55379.81303724 32.44 230.930793  66.035033 29.216 -100.00 -100.00 -100.00
  74    25.819 55389.72867254 34.63 230.904418  66.034481   -100 -100.00 -100.00 -100.00
  74    25.810 55389.72867313 33.84 230.910844  66.034739   -100 -100.00 -100.00 -100.00
  74    25.730 55389.72867372 30.43 230.917270  66.034997   -100 -100.00 -100.00 -100.00
  74    25.478 55389.72867431 30.43 230.923697  66.035255   -100 -100.00 -100.00 -100.00
  74    25.449 55389.72867490 27.31 230.930123  66.035512 27.464 -100.00 -100.00 -100.00
  75    25.363 55399.64430944 42.25 230.906951  66.034547   -100 -100.00 -100.00 -100.00
  75    25.398 55399.64431003 43.98 230.913377  66.034805   -100 -100.00 -100.00 -100.00
  75    25.008 55399.64431062 41.50 230.919804  66.035063   -100 -100.00 -100.00 -100.00
  75    25.179 55399.64431121 35.76 230.926230  66.035321 30.133 -100.00 -100.00 -100.00
  76    25.378 55409.55995660 49.61 230.909278  66.033554   -100 -100.00 -100.00 -100.00
  76    25.348 55409.55995719 49.32 230.915703  66.033812   -100 -100.00 -100.00 -100.00
  76    25.439 55409.55995778 48.75 230.922129  66.034070   -100 -100.00 -100.00 -100.00
  76    25.490 55409.55995837 48.92 230.928555  66.034328   -100 -100.00 -100.00 -100.00
  77    24.971 55419.47560655 40.51 230.903958  66.031535   -100 -100.00 -100.00 -100.00
  77    25.040 55419.47560714 41.29 230.910383  66.031794   -100 -100.00 -100.00 -100.00
  77    24.883 55419.47560773 45.35 230.916808  66.032052   -100 -100.00 -100.00 -100.00
  77    24.623 55419.47560832 45.14 230.923233  66.032309   -100 -100.00 -100.00 -100.00
  77    24.618 55419.47560891 43.01 230.929658  66.032567   -100 -100.00 -100.00 -100.00
  78    25.250 55429.39125378 33.62 230.904770  66.030288 32.647 -100.00 -100.00 -100.00
  78    24.998 55429.39125437 34.37 230.911195  66.030546   -100 -100.00 -100.00 -100.00
  78    24.945 55429.39125496 33.34 230.917620  66.030804   -100 -100.00 -100.00 -100.00
  78    24.933 55429.39125555 28.92 230.924044  66.031062 19.117 -100.00 -100.00 -100.00
  78    24.835 55429.39125614 25.85 230.930469  66.031319 14.291 -100.00 -100.00 -100.00
  79    25.039 55439.30689860 36.28 230.906896  66.030582   -100 -100.00 -100.00 -100.00
  79    25.212 55439.30689919 36.64 230.913321  66.030840   -100 -100.00 -100.00 -100.00
  79    24.987 55439.30689978 34.08 230.919745  66.031098   -100 -100.00 -100.00 -100.00
  79    24.668 55439.30690037 32.77 230.926170  66.031355   -100 -100.00 -100.00 -100.00
  79    24.844 55439.30690096 27.03 230.932596  66.031612 21.242 -100.00 -100.00 -100.00
  80    25.397 55449.22254199 33.72 230.908667  66.031747   -100 -100.00 -100.00 -100.00
  80    25.137 55449.22254258 35.18 230.915093  66.032005   -100 -100.00 -100.00 -100.00
  80    25.124 55449.22254317 32.38 230.921518  66.032263   -100 -100.00 -100.00 -100.00
  80    24.899 55449.22254376 27.06 230.927944  66.032520 27.636 -100.00 -100.00 -100.00
  81    24.995 55459.13818464 46.14 230.906463  66.032254   -100 -100.00 -100.00 -100.00
  81    25.239 55459.13818523 45.31 230.912889  66.032512   -100 -100.00 -100.00 -100.00
  81    25.330 55459.13818583 51.11 230.919315  66.032769   -100 -100.00 -100.00 -100.00
  81    25.088 55459.13818642 51.59 230.925741  66.033027   -100 -100.00 -100.00 -100.00
  81    25.236 55459.13818701 47.33 230.932167  66.033284   -100 -100.00 -100.00 -100.00
  82    25.048 55469.05382659 34.65 230.905524  66.031793   -100 -100.00 -100.00 -100.00
  82    24.981 55469.05382718 32.56 230.911950  66.032051 31.175 -100.00 -100.00 -100.00
  82    24.693 55469.05382777 35.67 230.918376  66.032309   -100 -100.00 -100.00 -100.00
  82    24.732 55469.05382836 29.85 230.924802  66.032566 28.314 -100.00 -100.00 -100.00
  82    24.642 55469.05382895 25.86 230.931228  66.032823 18.109 -100.00 -100.00 -100.00
  83    24.193 55478.96946539 43.64 230.905497  66.030648   -100 -100.00 -100.00 -100.00
  83    24.502 55478.96946598 38.95 230.911923  66.030906   -100 -100.00 -100.00 -100.00
  83    24.225 55478.96946657 46.02 230.918349  66.031164   -100 -100.00 -100.00 -100.00
  83    24.251 55478.96946716 39.62 230.924775  66.031422   -100 -100.00 -100.00 -100.00
  83    24.326 55478.96946775 44.09 230.931201  66.031679   -100 -100.00 -100.00 -100.00
  84    77.393 55488.88510130 22.04 230.905475  66.029893  6.478 -100.00 -100.00 -100.00
  84    77.955 55488.88510189 22.51 230.911900  66.030151  6.063 -100.00 -100.00 -100.00
  84    78.380 55488.88510248 23.46 230.918326  66.030409  6.918 -100.00 -100.00 -100.00
  84    78.965 55488.88510307 23.77 230.924752  66.030667  7.156 -100.00 -100.00 -100.00
  84    79.384 55488.88510366 25.26 230.931178  66.030924  9.307 -100.00 -100.00 -100.00
  85    77.177 55498.80073491 21.42 230.904892  66.030061  6.306 -100.00 -100.00 -100.00
  85    77.714 55498.80073550 22.09 230.911318  66.030319  6.306 -100.00 -100.00 -100.00
  85    78.114 55498.80073609 22.48 230.917744  66.030577  6.839 -100.00 -100.00 -100.00
  85    78.380 55498.80073668 24.58 230.924170  66.030835 10.991 -100.00 -100.00 -100.00
  85    79.095 55498.80073727 23.38 230.930596  66.031093  8.871 -100.00 -100.00 -100.00
  86    77.593 55508.71637447 17.75 230.906923  66.031457  3.550 -100.00 -100.00 -100.00
  86    78.554 55508.71637506 18.35 230.913349  66.031715  4.774 -100.00 -100.00 -100.00
  86    75.914 55508.71637565 23.37 230.919775  66.031974  9.975 -100.00 -100.00 -100.00
  86    72.092 55508.71637624 26.99 230.926201  66.032231 17.586 -100.00 -100.00 -100.00
  86    79.386 55508.71637683 21.62 230.932628  66.032489  8.364 -100.00 -100.00 -100.00
  87    76.306 55518.63202445 16.95 230.905004  66.032628  3.525 -100.00 -100.00 -100.00
  87    77.964 55518.63202504 17.28 230.911430  66.032886  3.631 -100.00 -100.00 -100.00
  87    77.912 55518.63202563 18.08 230.917857  66.033144  4.259 -100.00 -100.00 -100.00
  87    79.479 55518.63202622 18.12 230.924283  66.033402  4.489 -100.00 -100.00 -100.00
  87    80.386 55518.63202681 18.50 230.930710  66.033659  4.871 -100.00 -100.00 -100.00
  88    78.555 55528.54767385 17.39 230.906826  66.033431  4.013 -100.00 -100.00 -100.00
  88    79.043 55528.54767444 18.01 230.913252  66.033689  5.083 -100.00 -100.00 -100.00
  88    79.390 55528.54767503 17.41 230.919679  66.033947  3.667 -100.00 -100.00 -100.00
  88    80.033 55528.54767562 17.66 230.926105  66.034204  3.557 -100.00 -100.00 -100.00
  88    80.237 55528.54767621 18.62 230.932532  66.034461  4.786 -100.00 -100.00 -100.00
  89    78.406 55538.46332121 17.04 230.906964  66.033557  4.424 -100.00 -100.00 -100.00
  89    79.084 55538.46332180 17.78 230.913390  66.033815  4.461 -100.00 -100.00 -100.00
  89    78.971 55538.46332239 18.54 230.919817  66.034073  6.426 -100.00 -100.00 -100.00
  89    79.310 55538.46332298 19.84 230.926243  66.034331  6.947 -100.00 -100.00 -100.00
  89    81.030 55538.46332357 18.59 230.932669  66.034588  5.371 -100.00 -100.00 -100.00
  90    78.360 55548.37896612 18.11 230.904885  66.033644  4.562 -100.00 -100.00 -100.00
  90    78.701 55548.37896671 18.38 230.911311  66.033902  4.430 -100.00 -100.00 -100.00
  90    79.365 55548.37896730 19.09 230.917738  66.034160  5.121 -100.00 -100.00 -100.00
  90    78.468 55548.37896789 20.08 230.924164  66.034418  5.579 -100.00 -100.00 -100.00
  90    79.910 55548.37896848 20.00 230.930590  66.034675  5.498 -100.00 -100.00 -100.00
  91    78.174 55558.29460941 18.01 230.904189  66.034292  3.981 -100.00 -100.00 -100.00
  91    78.799 55558.29461000 18.16 230.910615  66.034550  4.022 -100.00 -100.00 -100.00
  91    79.125 55558.29461059 19.19 230.917042  66.034808  5.269 -100.00 -100.00 -100.00
  91    79.296 55558.29461118 19.98 230.923468  66.035066  5.300 -100.00 -100.00 -100.00
  91    80.134 55558.29461177 19.01 230.929895  66.035323  4.465 -100.00 -100.00 -100.00
  92    78.909 55568.21025243 17.96 230.909852  66.035367  3.917 -100.00 -100.00 -100.00
  92    79.238 55568.21025302 18.64 230.916279  66.035625  4.767 -100.00 -100.00 -100.00
  92    79.763 55568.21025361 19.37 230.922706  66.035883  5.495 -100.00 -100.00 -100.00
  92    80.185 55568.21025420 19.38 230.929132  66.036140  4.789 -100.00 -100.00 -100.00
  93    79.240 55578.12589410 17.92 230.909913  66.035124  4.310 -100.00 -100.00 -100.00
  93    79.215 55578.12589469 18.71 230.916340  66.035382  5.360 -100.00 -100.00 -100.00
  93    79.647 55578.12589528 18.76 230.922767  66.035640  4.660 -100.00 -100.00 -100.00
  93    80.010 55578.12589587 19.56 230.929194  66.035897  5.266 -100.00 -100.00 -100.00
  94    77.483 55588.04153336 18.17 230.908705  66.033283  3.997 -100.00 -100.00 -100.00
  94    77.425 55588.04153395 18.11 230.915132  66.033541  4.219 -100.00 -100.00 -100.00
  94    79.429 55588.04153454 18.43 230.921559  66.033799  4.614 -100.00 -100.00 -100.00
  94    79.448 55588.04153513 19.16 230.927985  66.034056  6.136 -100.00 -100.00 -100.00
  95    77.882 55597.95716962 16.00 230.908231  66.030816  3.391 -100.00 -100.00 -100.00
  95    78.542 55597.95717021 17.17 230.914657  66.031075  4.545 -100.00 -100.00 -100.00
  95    78.895 55597.95717080 18.35 230.921083  66.031332  5.207 -100.00 -100.00 -100.00
  95    79.438 55597.95717139 18.54 230.927510  66.031590  5.623 -100.00 -100.00 -100.00
  95    79.620 55597.95717198 18.70 230.933936  66.031848  6.343 -100.00 -100.00 -100.00
  96    78.105 55607.87280321 14.68 230.907710  66.029542  2.923 -100.00 -100.00 -100.00
  96    78.260 55607.87280380 15.82 230.914135  66.029801  3.473 -100.00 -100.00 -100.00
  96    78.707 55607.87280440 16.19 230.920561  66.030059  4.376 -100.00 -100.00 -100.00
  96    79.314 55607.87280499 16.76 230.926987  66.030316  4.964 -100.00 -100.00 -100.00
  96    79.947 55607.87280558 17.59 230.933413  66.030574  4.651 -100.00 -100.00 -100.00
  97    76.075 55617.78843497 15.49 230.908032  66.030065  7.639 -100.00 -100.00 -100.00
  97    78.165 55617.78843556 15.64 230.914458  66.030323  7.397 -100.00 -100.00 -100.00
  97    79.084 55617.78843615 15.47 230.920884  66.030581  7.091 -100.00 -100.00 -100.00
  97    79.959 55617.78843674 15.75 230.927310  66.030839  7.823 -100.00 -100.00 -100.00
  97    80.203 55617.78843733 16.99 230.933736  66.031097  7.501 -100.00 -100.00 -100.00
  98    77.783 55627.70408024 12.51 230.903010  66.031728  3.679 -100.00 -100.00 -100.00
  98    78.150 55627.70408083 13.33 230.909436  66.031987  4.480 -100.00 -100.00 -100.00
  98    79.939 55627.70408142 12.86 230.915862  66.032245  4.274 -100.00 -100.00 -100.00
  98    80.574 55627.70408201 13.11 230.922289  66.032503  4.089 -100.00 -100.00 -100.00
  98    81.216 55627.70408260 13.27 230.928715  66.032760  4.349 -100.00 -100.00 -100.00
  99    78.657 55637.61973201 12.52 230.906863  66.032647  3.094 -100.00 -100.00 -100.00
  99    78.938 55637.61973260 13.62 230.913289  66.032905  4.779 -100.00 -100.00 -100.00
  99    79.389 55637.61973319 14.52 230.919715  66.033163  6.236 -100.00 -100.00 -100.00
  99    80.799 55637.61973378 13.34 230.926142  66.033421  3.756 -100.00 -100.00 -100.00
  99    81.354 55637.61973437 14.46 230.932568  66.033678  4.990 -100.00 -100.00 -100.00
 100    79.221 55647.53538122 12.47 230.905574  66.031766  3.074 -100.00 -100.00 -100.00
 100    78.634 55647.53538181 13.75 230.911999  66.032024  4.766 -100.00 -100.00 -100.00
 100    78.866 55647.53538240 13.58 230.918425  66.032282  4.341 -100.00 -100.00 -100.00
 100    79.758 55647.53538299 13.37 230.924851  66.032540  3.593 -100.00 -100.00 -100.00
 100    80.801 55647.53538358 14.46 230.931277  66.032798  5.170 -100.00 -100.00 -100.00
 101    77.249 55657.45102777 12.71 230.907022  66.030081  3.967 -100.00 -100.00 -100.00
 101    78.100 55657.45102836 13.88 230.913447  66.030339  4.594 -100.00 -100.00 -100.00
 101    78.850 55657.45102895 13.52 230.919871  66.030597  3.712 -100.00 -100.00 -100.00
 101    79.315 55657.45102954 14.00 230.926296  66.030855  4.917 -100.00 -100.00 -100.00
 101    79.893 55657.45103013 14.37 230.932722  66.031112  4.906 -100.00 -100.00 -100.00
 102    77.869 55667.36667000 13.01 230.906919  66.029332  3.809 -100.00 -100.00 -100.00
 102    78.449 55667.36667059 13.96 230.913344  66.029590  3.886 -100.00 -100.00 -100.00
 102    78.920 55667.36667118 14.65 230.919768  66.029848  5.178 -100.00 -100.00 -100.00
 102    80.151 55667.36667177 14.31 230.926193  66.030105  4.594 -100.00 -100.00 -100.00
 102    79.710 55667.36667236 15.80 230.932618  66.030363  6.413 -100.00 -100.00 -100.00
 103    77.622 55677.28230937 12.86 230.905196  66.030252  4.278 -100.00 -100.00 -100.00
 103    78.318 55677.28230996 12.86 230.911621  66.030510  4.054 -100.00 -100.00 -100.00
 103    78.884 55677.28231055 13.17 230.918046  66.030768  4.253 -100.00 -100.00 -100.00
 103    79.216 55677.28231114 13.65 230.924471  66.031026  4.441 -100.00 -100.00 -100.00
 103    79.871 55677.28231173 14.20 230.930896  66.031283  5.555 -100.00 -100.00 -100.00
 104    79.816 55687.19794710  2.16 230.906017  66.032239  2.153 -100.00 -100.00 -100.00
 104    79.871 55687.19794769  2.17 230.912442  66.032497  2.405 -100.00 -100.00 -100.00
 104    80.242 55687.19794829  2.11 230.918867  66.032755  2.288 -100.00 -100.00 -100.00
 104    80.686 55687.19794888  2.61 230.925293  66.033013  2.705 -100.00 -100.00 -100.00
 104    81.689 55687.19794947  2.58 230.931719  66.033270  2.815 -100.00 -100.00 -100.00
 105    73.090 55697.11358387 29.83 230.909731  66.033765   -100 -100.00 -100.00 -100.00
 105    73.115 55697.11358446 15.81 230.916157  66.034023 22.657 -100.00 -100.00 -100.00
 105    77.658 55697.11358505  7.28 230.922583  66.034281  6.095 -100.00 -100.00 -100.00
 105    78.621 55697.11358564  7.61 230.929009  66.034539  5.894 -100.00 -100.00 -100.00
 106    28.117 55707.02921868 50.49 230.906779  66.033622   -100 -100.00 -100.00 -100.00
 106    27.807 55707.02921927 54.18 230.913205  66.033881   -100 -100.00 -100.00 -100.00
 106    27.902 55707.02921986 52.40 230.919631  66.034139   -100 -100.00 -100.00 -100.00
 106    27.871 55707.02922045 57.24 230.926058  66.034397  4.097 -100.00 -100.00 -100.00
 106    27.714 55707.02922104 54.49 230.932484  66.034654   -100 -100.00 -100.00 -100.00
 107    26.443 55716.94486932 32.08 230.905040  66.032968 10.847 -100.00 -100.00 -100.00
 107    26.236 55716.94486991 31.22 230.911466  66.033227  9.449 -100.00 -100.00 -100.00
 107    26.277 55716.94487050 30.25 230.917892  66.033485  8.837 -100.00 -100.00 -100.00
 107    26.378 55716.94487109 30.08 230.924318  66.033743  7.013 -100.00 -100.00 -100.00
 107    26.584 55716.94487168 35.81 230.930745  66.034000 21.933 -100.00 -100.00 -100.00
 108    25.971 55726.86051794 51.53 230.905194  66.032964   -100 -100.00 -100.00 -100.00
 108    25.958 55726.86051853 54.44 230.911621  66.033222   -100 -100.00 -100.00 -100.00
 108    25.818 55726.86051912 55.36 230.918047  66.033480  2.441 -100.00 -100.00 -100.00
 108    25.806 55726.86051971 56.06 230.924473  66.033738   -100 -100.00 -100.00 -100.00
 108    25.585 55726.86052030 48.97 230.930899  66.033995  2.704 -100.00 -100.00 -100.00
 109    25.723 55736.77616520 46.36 230.909024  66.034048   -100 -100.00 -100.00 -100.00
 109    25.640 55736.77616579 37.21 230.915450  66.034306 24.216 -100.00 -100.00 -100.00
 109    25.534 55736.77616638 32.00 230.921876  66.034563  9.671 -100.00 -100.00 -100.00
 109    25.354 55736.77616697 31.79 230.928303  66.034821 11.031 -100.00 -100.00 -100.00
 110    26.359 55746.69181059 25.90 230.906343  66.035002 15.724 -100.00 -100.00 -100.00
 110    26.244 55746.69181118 23.06 230.912769  66.035260 10.947 -100.00 -100.00 -100.00
 110    25.826 55746.69181177 22.88 230.919196  66.035517 10.184 -100.00 -100.00 -100.00
 110    26.058 55746.69181237 19.44 230.925623  66.035775  6.254 -100.00 -100.00 -100.00
 110    26.003 55746.69181296 19.59 230.932049  66.036032  6.808 -100.00 -100.00 -100.00
 111    25.405 55756.60745410 39.45 230.905121  66.034737   -100 -100.00 -100.00 -100.00
 111    25.352 55756.60745469 36.91 230.911547  66.034995   -100 -100.00 -100.00 -100.00
 111    25.169 55756.60745528 32.37 230.917973  66.035253   -100 -100.00 -100.00 -100.00
 111    25.100 55756.60745587 25.80 230.924400  66.035510 22.857 -100.00 -100.00 -100.00
 111    24.994 55756.60745646 23.57 230.930826  66.035767 16.798 -100.00 -100.00 -100.00
 112    26.166 55766.52309547 54.10 230.908748  66.032924  7.626 -100.00 -100.00 -100.00
 112    26.045 55766.52309606 54.63 230.915174  66.033182  5.638 -100.00 -100.00 -100.00
 112    26.176 55766.52309665 54.63 230.921599  66.033440  3.345 -100.00 -100.00 -100.00
 112    26.108 55766.52309724 52.18 230.928025  66.033697   -100 -100.00 -100.00 -100.00
 113    25.888 55776.43873319 47.21 230.904844  66.030198   -100 -100.00 -100.00 -100.00
 113    25.967 55776.43873378 51.36 230.911269  66.030456   -100 -100.00 -100.00 -100.00
 113    25.785 55776.43873437 51.01 230.917693  66.030714   -100 -100.00 -100.00 -100.00
 113    25.923 55776.43873496 54.96 230.924118  66.030972   -100 -100.00 -100.00 -100.00
 113    25.617 55776.43873555 55.87 230.930543  66.031229 26.418 -100.00 -100.00 -100.00
 114    24.977 55786.35436828 29.74 230.902328  66.028756   -100 -100.00 -100.00 -100.00
 114    25.136 55786.35436887 27.74 230.908753  66.029015 25.293 -100.00 -100.00 -100.00
 114    24.875 55786.35436946 29.55 230.915177  66.029273   -100 -100.00 -100.00 -100.00
 114    24.856 55786.35437005 26.45 230.921601  66.029531 21.560 -100.00 -100.00 -100.00
 114    24.824 55786.35437064 24.83 230.928026  66.029789 17.078 -100.00 -100.00 -100.00
 114    24.579 55786.35437123 25.18 230.934451  66.030046 19.177 -100.00 -100.00 -100.00
 115    25.381 55796.27000190 42.17 230.902846  66.029850   -100 -100.00 -100.00 -100.00
 115    25.442 55796.27000249 40.17 230.909270  66.030108   -100 -100.00 -100.00 -100.00
 115    25.442 55796.27000308 34.17 230.915695  66.030367 23.295 -100.00 -100.00 -100.00
 115    25.730 55796.27000367 35.45 230.922120  66.030625 27.244 -100.00 -100.00 -100.00
 115    26.280 55796.27000426 41.66 230.928544  66.030882 25.633 -100.00 -100.00 -100.00
 115    25.755 55796.27000485 40.40 230.934969  66.031140 28.970 -100.00 -100.00 -100.00
 116    25.538 55806.18564327 51.59 230.908271  66.032034   -100 -100.00 -100.00 -100.00
 116    25.490 55806.18564386 52.13 230.914696  66.032293   -100 -100.00 -100.00 -100.00
 116    25.671 55806.18564445 50.48 230.921122  66.032551   -100 -100.00 -100.00 -100.00
 116    25.427 55806.18564504 54.53 230.927547  66.032808   -100 -100.00 -100.00 -100.00
 116    25.363 55806.18564563 46.74 230.933973  66.033066   -100 -100.00 -100.00 -100.00
 117    24.801 55816.10129242 42.83 230.908240  66.033111   -100 -100.00 -100.00 -100.00
 117    24.885 55816.10129301 32.17 230.914666  66.033370 17.455 -100.00 -100.00 -100.00
 117    24.613 55816.10129361 28.17 230.921092  66.033628 10.601 -100.00 -100.00 -100.00
 117    24.381 55816.10129420 27.51 230.927518  66.033885  8.982 -100.00 -100.00 -100.00
 118    25.061 55826.01693840 31.83 230.906247  66.031860 25.361 -100.00 -100.00 -100.00
 118    24.777 55826.01693899 28.05 230.912673  66.032119 16.281 -100.00 -100.00 -100.00
 118    24.851 55826.01693958 28.44 230.919099  66.032377 15.238 -100.00 -100.00 -100.00
 118    24.716 55826.01694017 26.11 230.925525  66.032634 11.016 -100.00 -100.00 -100.00
 118    24.692 55826.01694076 26.20 230.931951  66.032892 13.461 -100.00 -100.00 -100.00
 119    24.581 55835.93258018 31.86 230.907200  66.030044 28.954 -100.00 -100.00 -100.00
 119    24.431 55835.93258077 29.56 230.913625  66.030303 24.753 -100.00 -100.00 -100.00
 119    24.266 55835.93258136 28.91 230.920051  66.030561 23.584 -100.00 -100.00 -100.00
 119    23.951 55835.93258195 27.96 230.926477  66.030819 20.651 -100.00 -100.00 -100.00
 119    23.953 55835.93258254 24.61 230.932903  66.031076 15.209 -100.00 -100.00 -100.00
 120    24.473 55845.84821807 48.51 230.902494  66.028826   -100 -100.00 -100.00 -100.00
 120    24.550 55845.84821866 51.51 230.908920  66.029085   -100 -100.00 -100.00 -100.00
 120    24.645 55845.84821925 51.84 230.915345  66.029343   -100 -100.00 -100.00 -100.00
 120    24.386 55845.84821984 53.93 230.921771  66.029601   -100 -100.00 -100.00 -100.00
 120    24.498 55845.84822043 53.37 230.928197  66.029859  7.374 -100.00 -100.00 -100.00
 120    24.164 55845.84822102 52.55 230.934623  66.030116 26.886 -100.00 -100.00 -100.00
 121    77.480 55855.76385430 22.67 230.908345  66.030339  8.136 -100.00 -100.00 -100.00
 121    79.254 55855.76385489 23.14 230.914771  66.030597  8.830 -100.00 -100.00 -100.00
 121    78.814 55855.76385548 25.04 230.921197  66.030855 10.978 -100.00 -100.00 -100.00
 121    78.888 55855.76385608 27.84 230.927623  66.031113 14.390 -100.00 -100.00 -100.00
 121    79.524 55855.76385667 27.94 230.934050  66.031371 15.166 -100.00 -100.00 -100.00
 122    75.863 55865.67949574 27.14 230.907380  66.032652 12.194 -100.00 -100.00 -100.00
 122    76.484 55865.67949633 27.26 230.913806  66.032910 12.357 -100.00 -100.00 -100.00
 122    75.886 55865.67949692 30.72 230.920232  66.033168 19.903 -100.00 -100.00 -100.00
 122    79.372 55865.67949751 25.93 230.926659  66.033426  6.942 -100.00 -100.00 -100.00
 122    79.616 55865.67949810 27.45 230.933086  66.033683  9.793 -100.00 -100.00 -100.00
 123    76.594 55875.59514867 24.32 230.908686  66.034573  7.401 -100.00 -100.00 -100.00
 123    77.556 55875.59514926 24.46 230.915112  66.034831  7.917 -100.00 -100.00 -100.00
 123    77.491 55875.59514986 25.71 230.921539  66.035089  9.552 -100.00 -100.00 -100.00
 123    79.675 55875.59515045 24.35 230.927966  66.035347  6.729 -100.00 -100.00 -100.00
 133    77.938 55974.75158166 15.25 230.906049  66.030058  4.337 -100.00 -100.00 -100.00
 133    78.255 55974.75158225 15.93 230.912474  66.030316  4.071 -100.00 -100.00 -100.00
 133    78.638 55974.75158284 15.32 230.918900  66.030574  3.812 -100.00 -100.00 -100.00
 133    80.997 55974.75158343 15.85 230.925326  66.030831  4.193 -100.00 -100.00 -100.00
 133    79.473 55974.75158402 17.59 230.931752  66.031089  6.682 -100.00 -100.00 -100.00
 134    77.140 55984.66721775 15.81 230.903927  66.032130  4.148 -100.00 -100.00 -100.00
 134    77.603 55984.66721834 16.66 230.910353  66.032388  5.301 -100.00 -100.00 -100.00
 134    79.140 55984.66721893 16.29 230.916779  66.032646  4.451 -100.00 -100.00 -100.00
 134    80.538 55984.66721952 16.81 230.923205  66.032904  4.395 -100.00 -100.00 -100.00
 134    79.943 55984.66722011 17.52 230.929632  66.033162  5.422 -100.00 -100.00 -100.00
 135    78.375 55994.58285197 15.59 230.908251  66.033271  3.958 -100.00 -100.00 -100.00
 135    79.842 55994.58285256 15.25 230.914677  66.033529  3.625 -100.00 -100.00 -100.00
 135    80.407 55994.58285315 16.35 230.921103  66.033787  5.054 -100.00 -100.00 -100.00
 135    79.821 55994.58285374 16.51 230.927529  66.034045  4.540 -100.00 -100.00 -100.00
 136    78.146 56004.49850377 15.88 230.908500  66.032273  3.647 -100.00 -100.00 -100.00
 136    78.360 56004.49850436 16.44 230.914926  66.032531  4.620 -100.00 -100.00 -100.00
 136    79.083 56004.49850495 16.81 230.921351  66.032789  4.857 -100.00 -100.00 -100.00
 136    79.884 56004.49850554 16.52 230.927777  66.033047  4.375 -100.00 -100.00 -100.00
 137    77.542 56014.41415202 15.15 230.906376  66.030090  3.538 -100.00 -100.00 -100.00
 137    79.183 56014.41415261 15.36 230.912800  66.030348  3.491 -100.00 -100.00 -100.00
 137    78.762 56014.41415320 15.77 230.919225  66.030606  4.043 -100.00 -100.00 -100.00
 137    79.210 56014.41415380 16.42 230.925650  66.030864  4.580 -100.00 -100.00 -100.00
 137    79.819 56014.41415439 16.61 230.932075  66.031121  4.800 -100.00 -100.00 -100.00
 139    78.686 56034.24544072 14.02 230.907484  66.030913  3.855 -100.00 -100.00 -100.00
 139    78.478 56034.24544131 14.31 230.913909  66.031171  4.382 -100.00 -100.00 -100.00
 139    79.377 56034.24544190 15.03 230.920334  66.031429  5.041 -100.00 -100.00 -100.00
 139    79.995 56034.24544249 15.81 230.926759  66.031686  5.873 -100.00 -100.00 -100.00
 139    80.094 56034.24544308 16.08 230.933185  66.031943  5.466 -100.00 -100.00 -100.00
 141    25.226 56054.07672031 34.18 230.907209  66.035034   -100 -100.00 -100.00 -100.00
 141    25.140 56054.07672090 27.50 230.913635  66.035292   -100 -100.00 -100.00 -100.00
 141    25.107 56054.07672149 26.98 230.920062  66.035550   -100 -100.00 -100.00 -100.00
 141    25.456 56054.07672208 25.60 230.926488  66.035807 24.278 -100.00 -100.00 -100.00
 142    29.471 56063.99235543 31.25 230.909985  66.034949 23.551 -100.00 -100.00 -100.00
 142    29.462 56063.99235602 30.62 230.916412  66.035207 24.349 -100.00 -100.00 -100.00
 142    29.716 56063.99235661 30.95 230.922838  66.035465 26.791 -100.00 -100.00 -100.00
 142    30.067 56063.99235720 36.95 230.929265  66.035722 32.560 -100.00 -100.00 -100.00
 143    26.647 56073.90799785 52.35 230.904080  66.033514   -100 -100.00 -100.00 -100.00
 143    26.979 56073.90799844 55.71 230.910506  66.033772  0.662 -100.00 -100.00 -100.00
 143    27.047 56073.90799903 55.50 230.916933  66.034031   -100 -100.00 -100.00 -100.00
 143    27.014 56073.90799962 52.27 230.923359  66.034288   -100 -100.00 -100.00 -100.00
 143    26.724 56073.90800021 56.51 230.929785  66.034546  1.680 -100.00 -100.00 -100.00
 144    26.405 56083.82364770 39.11 230.904588  66.033066 25.846 -100.00 -100.00 -100.00
 144    26.430 56083.82364829 44.65 230.911014  66.033324   -100 -100.00 -100.00 -100.00
 144    26.835 56083.82364888 44.58 230.917441  66.033582   -100 -100.00 -100.00 -100.00
 144    26.623 56083.82364947 46.14 230.923867  66.033840   -100 -100.00 -100.00 -100.00
 144    26.943 56083.82365006 47.06 230.930293  66.034097   -100 -100.00 -100.00 -100.00
 145    28.668 56093.73929517 56.42 230.904967  66.033405 16.124 -100.00 -100.00 -100.00
 145    28.928 56093.73929576 57.86 230.911393  66.033663  7.590 -100.00 -100.00 -100.00
 145    29.024 56093.73929635 52.64 230.917819  66.033921   -100 -100.00 -100.00 -100.00
 145    29.160 56093.73929694 55.03 230.924245  66.034179   -100 -100.00 -100.00 -100.00
 145    28.843 56093.73929753 54.98 230.930672  66.034436 22.536 -100.00 -100.00 -100.00
 146    26.999 56103.65494031 52.55 230.903672  66.034049   -100 -100.00 -100.00 -100.00
 146    26.902 56103.65494090 54.65 230.910098  66.034308   -100 -100.00 -100.00 -100.00
 146    26.871 56103.65494149 54.84 230.916524  66.034566  1.906 -100.00 -100.00 -100.00
 146    26.732 56103.65494208 56.85 230.922951  66.034823  7.026 -100.00 -100.00 -100.00
 146    26.918 56103.65494267 53.46 230.929377  66.035081   -100 -100.00 -100.00 -100.00
 147    27.074 56113.57057122 51.51 230.905394  66.033721   -100 -100.00 -100.00 -100.00
 147    26.809 56113.57057181 53.73 230.911819  66.033979   -100 -100.00 -100.00 -100.00
 147    26.806 56113.57057240 54.41 230.918245  66.034237  0.422 -100.00 -100.00 -100.00
 147    26.926 56113.57057299 53.45 230.924671  66.034495   -100 -100.00 -100.00 -100.00
 147    26.469 56113.57057358 55.80 230.931097  66.034752 17.646 -100.00 -100.00 -100.00
 148    25.610 56123.48621009 50.64 230.908820  66.032501   -100 -100.00 -100.00 -100.00
 148    25.701 56123.48621068 50.02 230.915245  66.032760   -100 -100.00 -100.00 -100.00
 148    25.304 56123.48621127 51.81 230.921671  66.033017  0.011 -100.00 -100.00 -100.00
 148    25.514 56123.48621186 54.76 230.928096  66.033275   -100 -100.00 -100.00 -100.00
 149    25.189 56133.40184468 51.72 230.908719  66.030477   -100 -100.00 -100.00 -100.00
 149    25.306 56133.40184527 50.92 230.915143  66.030735   -100 -100.00 -100.00 -100.00
 149    25.262 56133.40184586 54.85 230.921568  66.030993   -100 -100.00 -100.00 -100.00
 149    25.380 56133.40184645 55.60 230.927993  66.031250   -100 -100.00 -100.00 -100.00
 149    25.021 56133.40184704 49.36 230.934418  66.031508  3.603 -100.00 -100.00 -100.00
 150    24.927 56143.31748266 37.51 230.903421  66.029357   -100 -100.00 -100.00 -100.00
 150    24.774 56143.31748325 31.43 230.909845  66.029616 26.915 -100.00 -100.00 -100.00
 150    24.828 56143.31748384 27.20 230.916269  66.029874 13.314 -100.00 -100.00 -100.00
 150    24.604 56143.31748443 26.48 230.922694  66.030132 13.467 -100.00 -100.00 -100.00
 150    24.301 56143.31748502 24.57 230.929119  66.030389  8.998 -100.00 -100.00 -100.00
 151    25.187 56153.23313317 38.09 230.902605  66.030143   -100 -100.00 -100.00 -100.00
 151    25.278 56153.23313376 38.08 230.909029  66.030401   -100 -100.00 -100.00 -100.00
 151    24.872 56153.23313435 30.78 230.915454  66.030659 24.708 -100.00 -100.00 -100.00
 151    24.864 56153.23313494 24.04 230.921879  66.030917  8.904 -100.00 -100.00 -100.00
 151    24.749 56153.23313553 22.81 230.928304  66.031174  6.837 -100.00 -100.00 -100.00
 151    24.523 56153.23313612 22.90 230.934729  66.031432  8.149 -100.00 -100.00 -100.00
 152    25.011 56163.14878284 44.93 230.907841  66.032059 31.828 -100.00 -100.00 -100.00
 152    24.757 56163.14878343 46.06 230.914266  66.032317   -100 -100.00 -100.00 -100.00
 152    24.764 56163.14878402 45.13 230.920692  66.032575   -100 -100.00 -100.00 -100.00
 152    24.827 56163.14878461 51.85 230.927117  66.032832  0.253 -100.00 -100.00 -100.00
 152    24.590 56163.14878520 47.71 230.933543  66.033089  0.603 -100.00 -100.00 -100.00
 153    24.911 56173.06443003 29.77 230.908316  66.033100 31.220 -100.00 -100.00 -100.00
 153    24.790 56173.06443062 29.42 230.914742  66.033358 31.731 -100.00 -100.00 -100.00
 153    24.762 56173.06443121 25.19 230.921168  66.033615 17.187 -100.00 -100.00 -100.00
 153    24.769 56173.06443180 22.76 230.927594  66.033873 12.652 -100.00 -100.00 -100.00
 154    25.181 56182.98007182 46.26 230.904442  66.032398   -100 -100.00 -100.00 -100.00
 154    25.058 56182.98007241 52.19 230.910868  66.032656   -100 -100.00 -100.00 -100.00
 154    25.070 56182.98007300 51.75 230.917294  66.032914   -100 -100.00 -100.00 -100.00
 154    24.787 56182.98007359 50.14 230.923721  66.033172   -100 -100.00 -100.00 -100.00
 154    24.913 56182.98007418 54.04 230.930147  66.033429   -100 -100.00 -100.00 -100.00
 155    24.661 56192.89571058 35.65 230.908657  66.031090   -100 -100.00 -100.00 -100.00
 155    24.791 56192.89571117 28.17 230.915083  66.031348 19.072 -100.00 -100.00 -100.00
 155    24.672 56192.89571176 28.76 230.921509  66.031606 21.333 -100.00 -100.00 -100.00
 155    25.322 56192.89571235 25.97 230.927935  66.031863 13.547 -100.00 -100.00 -100.00
 155    24.846 56192.89571294 30.54 230.934361  66.032121 28.854 -100.00 -100.00 -100.00
 156    24.467 56202.81134605 37.33 230.906631  66.030209   -100 -100.00 -100.00 -100.00
 156    24.820 56202.81134664 30.97 230.913057  66.030467 28.830 -100.00 -100.00 -100.00
 156    24.533 56202.81134723 28.93 230.919482  66.030725 23.003 -100.00 -100.00 -100.00
 156    24.647 56202.81134782 28.39 230.925908  66.030983 21.776 -100.00 -100.00 -100.00
 156    24.677 56202.81134841 36.09 230.932334  66.031240   -100 -100.00 -100.00 -100.00
 157    24.675 56212.72697985 44.75 230.905129  66.031153   -100 -100.00 -100.00 -100.00
 157    24.827 56212.72698044 44.94 230.911555  66.031411 21.581 -100.00 -100.00 -100.00
 157    25.102 56212.72698103 46.92 230.917981  66.031669 22.250 -100.00 -100.00 -100.00
 157    24.446 56212.72698162 53.03 230.924407  66.031927   -100 -100.00 -100.00 -100.00
 157    24.348 56212.72698221 53.42 230.930833  66.032185 14.095 -100.00 -100.00 -100.00
 158    24.474 56222.64261189 43.45 230.905462  66.033231   -100 -100.00 -100.00 -100.00
 158    24.676 56222.64261248 44.97 230.911888  66.033489 21.578 -100.00 -100.00 -100.00
 158    24.383 56222.64261307 47.23 230.918315  66.033747 32.753 -100.00 -100.00 -100.00
 158    24.259 56222.64261366 52.07 230.924741  66.034005   -100 -100.00 -100.00 -100.00
 158    24.271 56222.64261426 53.11 230.931168  66.034263   -100 -100.00 -100.00 -100.00
 159    24.372 56232.55826804 44.33 230.907027  66.035060   -100 -100.00 -100.00 -100.00
 159    24.689 56232.55826863 45.88 230.913454  66.035318 27.982 -100.00 -100.00 -100.00
 159    24.415 56232.55826922 48.03 230.919880  66.035577   -100 -100.00 -100.00 -100.00
 159    24.063 56232.55826981 48.36 230.926307  66.035834   -100 -100.00 -100.00 -100.00
 160    79.199 56242.47392067 19.28 230.910044  66.035337  3.969 -100.00 -100.00 -100.00
 160    79.683 56242.47392126 20.17 230.916471  66.035595  4.401 -100.00 -100.00 -100.00
 160    80.566 56242.47392185 21.29 230.922898  66.035853  5.788 -100.00 -100.00 -100.00
 160    79.889 56242.47392244 22.76 230.929324  66.036111  8.712 -100.00 -100.00 -100.00
 161    78.632 56252.38956820 19.99 230.905719  66.034294  4.016 -100.00 -100.00 -100.00
 161    79.142 56252.38956879 20.80 230.912145  66.034552  4.246 -100.00 -100.00 -100.00
 161    79.572 56252.38956938 20.99 230.918571  66.034810  4.801 -100.00 -100.00 -100.00
 161    79.740 56252.38956997 21.54 230.924998  66.035068  5.116 -100.00 -100.00 -100.00
 161    80.172 56252.38957056 23.08 230.931424  66.035325  6.463 -100.00 -100.00 -100.00
 162    78.342 56262.30521146 19.83 230.904863  66.033476  3.607 -100.00 -100.00 -100.00
 162    77.286 56262.30521205 20.89 230.911289  66.033734  5.144 -100.00 -100.00 -100.00
 162    78.841 56262.30521264 20.94 230.917715  66.033992  4.486 -100.00 -100.00 -100.00
 162    79.576 56262.30521323 22.38 230.924141  66.034250  6.211 -100.00 -100.00 -100.00
 162    79.851 56262.30521382 23.12 230.930568  66.034507  6.766 -100.00 -100.00 -100.00
 164    78.604 56282.13649505 20.48 230.909326  66.033727  4.461 -100.00 -100.00 -100.00
 164    78.597 56282.13649564 21.50 230.915752  66.033985  5.643 -100.00 -100.00 -100.00
 164    79.220 56282.13649623 21.54 230.922179  66.034243  5.484 -100.00 -100.00 -100.00
 164    80.363 56282.13649682 22.28 230.928605  66.034500  5.393 -100.00 -100.00 -100.00
 165    76.639 56292.05214704 20.97 230.908932  66.033460  5.023 -100.00 -100.00 -100.00
 165    78.798 56292.05214763 22.42 230.915358  66.033718  6.703 -100.00 -100.00 -100.00
 165    79.244 56292.05214822 22.10 230.921785  66.033976  4.817 -100.00 -100.00 -100.00
 165    79.789 56292.05214881 22.42 230.928212  66.034233  5.598 -100.00 -100.00 -100.00
 166    77.320 56301.96779428 20.32 230.905791  66.032089  4.080 -100.00 -100.00 -100.00
 166    77.527 56301.96779487 22.74 230.912218  66.032347  6.915 -100.00 -100.00 -100.00
 166    78.484 56301.96779546 21.76 230.918644  66.032604  5.725 -100.00 -100.00 -100.00
 166    79.491 56301.96779605 22.12 230.925071  66.032862  5.714 -100.00 -100.00 -100.00
 166    79.965 56301.96779664 21.57 230.931497  66.033119  4.750 -100.00 -100.00 -100.00
 167    77.054 56311.88343746 19.70 230.904357  66.030642  4.584 -100.00 -100.00 -100.00
 167    77.314 56311.88343805 20.93 230.910783  66.030900  5.643 -100.00 -100.00 -100.00
 167    78.462 56311.88343864 19.98 230.917210  66.031158  4.522 -100.00 -100.00 -100.00
 167    78.683 56311.88343923 22.43 230.923636  66.031416  6.832 -100.00 -100.00 -100.00
 167    81.311 56311.88343982 22.27 230.930062  66.031673  6.284 -100.00 -100.00 -100.00
 168    76.494 56321.79907872 20.29 230.905666  66.030322  5.745 -100.00 -100.00 -100.00
 168    77.509 56321.79907931 19.71 230.912092  66.030580  5.497 -100.00 -100.00 -100.00
 168    78.108 56321.79907990 20.26 230.918518  66.030838  5.753 -100.00 -100.00 -100.00
 168    78.887 56321.79908049 20.06 230.924944  66.031095  6.015 -100.00 -100.00 -100.00
 168    81.430 56321.79908108 20.92 230.931371  66.031353  6.147 -100.00 -100.00 -100.00
 169    77.602 56331.71471916 17.36 230.904179  66.031155  3.799 -100.00 -100.00 -100.00
 169    78.062 56331.71471975 17.81 230.910605  66.031413  3.672 -100.00 -100.00 -100.00
 169    78.012 56331.71472034 18.19 230.917031  66.031671  4.699 -100.00 -100.00 -100.00
 169    78.885 56331.71472093 18.88 230.923457  66.031928  4.850 -100.00 -100.00 -100.00
 169    79.561 56331.71472152 20.24 230.929883  66.032185  6.051 -100.00 -100.00 -100.00
 170    77.893 56341.63035925 17.00 230.903932  66.032172  4.722 -100.00 -100.00 -100.00
 170    78.519 56341.63035984 16.42 230.910358  66.032430  3.825 -100.00 -100.00 -100.00
 170    78.891 56341.63036043 16.94 230.916784  66.032688  4.613 -100.00 -100.00 -100.00
 170    79.318 56341.63036102 17.69 230.923210  66.032946  4.891 -100.00 -100.00 -100.00
 170    79.661 56341.63036161 19.37 230.929637  66.033203  7.671 -100.00 -100.00 -100.00
 171    74.707 56351.54599712 18.22 230.904666  66.032499  7.896 -100.00 -100.00 -100.00
 171    79.076 56351.54599771 15.68 230.911092  66.032757  3.601 -100.00 -100.00 -100.00
 171    77.536 56351.54599830 16.96 230.917518  66.033015  5.084 -100.00 -100.00 -100.00
 171    79.107 56351.54599889 17.89 230.923944  66.033273  5.492 -100.00 -100.00 -100.00
 171    79.874 56351.54599948 18.29 230.930370  66.033531  6.761 -100.00 -100.00 -100.00
 172    77.886 56361.46163701 16.53 230.908134  66.031876  4.337 -100.00 -100.00 -100.00
 172    78.565 56361.46163760 16.78 230.914559  66.032134  4.958 -100.00 -100.00 -100.00
 172    79.287 56361.46163819 17.70 230.920984  66.032392  6.195 -100.00 -100.00 -100.00
 172    80.104 56361.46163878 18.15 230.927410  66.032650  6.061 -100.00 -100.00 -100.00
 172    77.950 56361.46163937 20.85 230.933836  66.032907 10.824 -100.00 -100.00 -100.00
 173    77.900 56371.37728647 14.11 230.908300  66.031207  3.696 -100.00 -100.00 -100.00
 173    78.485 56371.37728706 14.43 230.914725  66.031465  4.374 -100.00 -100.00 -100.00
 173    78.912 56371.37728765 17.06 230.921151  66.031723  7.442 -100.00 -100.00 -100.00
 173    79.326 56371.37728824 17.12 230.927576  66.031981  6.954 -100.00 -100.00 -100.00
 173    79.284 56371.37728883 18.32 230.934001  66.032238  8.073 -100.00 -100.00 -100.00
 174    78.828 56381.29293287 12.77 230.903660  66.031333  3.051 -100.00 -100.00 -100.00
 174    78.130 56381.29293346 14.86 230.910085  66.031591  5.847 -100.00 -100.00 -100.00
 174    78.698 56381.29293405 14.54 230.916510  66.031849  4.936 -100.00 -100.00 -100.00
 174    79.134 56381.29293464 15.25 230.922936  66.032107  5.798 -100.00 -100.00 -100.00
 174    79.525 56381.29293523 16.34 230.929361  66.032364  6.381 -100.00 -100.00 -100.00
 175    78.536 56391.20857810 15.66 230.909304  66.033037  5.875 -100.00 -100.00 -100.00
 175    78.946 56391.20857869 15.40 230.915729  66.033294  5.583 -100.00 -100.00 -100.00
 175    79.532 56391.20857928 15.51 230.922155  66.033552  5.232 -100.00 -100.00 -100.00
 175    79.660 56391.20857987 16.24 230.928581  66.033809  5.497 -100.00 -100.00 -100.00
 176    78.882 56401.12422122 13.95 230.909806  66.034450  5.236 -100.00 -100.00 -100.00
 176    80.278 56401.12422181 13.61 230.916232  66.034707  4.340 -100.00 -100.00 -100.00
 176    80.621 56401.12422240 15.15 230.922658  66.034965  6.407 -100.00 -100.00 -100.00
 176    81.312 56401.12422299 15.64 230.929085  66.035222  6.256 -100.00 -100.00 -100.00
 177    78.149 56411.03986109 10.86 230.904571  66.034874  4.245 -100.00 -100.00 -100.00
 177    78.503 56411.03986168 10.85 230.910997  66.035133  3.861 -100.00 -100.00 -100.00
 177    79.423 56411.03986227 11.60 230.917424  66.035390  5.166 -100.00 -100.00 -100.00
 177    81.171 56411.03986286 12.09 230.923850  66.035648  4.987 -100.00 -100.00 -100.00
 177    81.106 56411.03986345 12.48 230.930277  66.035906  5.464 -100.00 -100.00 -100.00
 178    80.264 56420.95549662  1.52 230.905837  66.034565  1.986 -100.00 -100.00 -100.00
 178    80.032 56420.95549721  2.59 230.912263  66.034824  3.487 -100.00 -100.00 -100.00
 178    80.758 56420.95549780  3.09 230.918690  66.035082  3.664 -100.00 -100.00 -100.00
 178    82.436 56420.95549839  2.29 230.925117  66.035340  2.946 -100.00 -100.00 -100.00
 178    81.407 56420.95549898  4.15 230.931544  66.035597  5.076 -100.00 -100.00 -100.00
 179    27.855 56430.87113464 43.93 230.903560  66.033937   -100 -100.00 -100.00 -100.00
 179    27.906 56430.87113523 37.62 230.909987  66.034195   -100 -100.00 -100.00 -100.00
 179    27.830 56430.87113582 36.09 230.916413  66.034453   -100 -100.00 -100.00 -100.00
 179    28.259 56430.87113641 35.84 230.922840  66.034711 31.046 -100.00 -100.00 -100.00
 179    28.109 56430.87113700 41.71 230.929266  66.034969   -100 -100.00 -100.00 -100.00
 180    27.734 56440.78678790 50.65 230.906761  66.034052   -100 -100.00 -100.00 -100.00
 180    27.557 56440.78678849 48.85 230.913188  66.034310   -100 -100.00 -100.00 -100.00
 180    27.939 56440.78678908 52.94 230.919614  66.034568   -100 -100.00 -100.00 -100.00
 180    27.850 56440.78678967 51.70 230.926041  66.034825   -100 -100.00 -100.00 -100.00
 180    27.787 56440.78679026 47.28 230.932468  66.035082   -100 -100.00 -100.00 -100.00
 181    27.143 56450.70243845 31.57 230.907465  66.034112   -100 -100.00 -100.00 -100.00
 181    27.289 56450.70243904 23.27 230.913891  66.034370 17.579 -100.00 -100.00 -100.00
 181    27.083 56450.70243963 20.54 230.920318  66.034628 11.823 -100.00 -100.00 -100.00
 181    48.114 56450.70244022 18.73 230.926744  66.034885  9.262 -100.00 -100.00 -100.00
 182    26.673 56460.61808667 26.46 230.907814  66.033666 18.684 -100.00 -100.00 -100.00
 182    26.140 56460.61808726 26.51 230.914240  66.033924 22.674 -100.00 -100.00 -100.00
 182    26.150 56460.61808785 22.52 230.920666  66.034181 12.776 -100.00 -100.00 -100.00
 182    25.801 56460.61808844 21.57 230.927093  66.034439 10.396 -100.00 -100.00 -100.00
 183    26.718 56470.53373127 48.28 230.905030  66.032386 30.840 -100.00 -100.00 -100.00
 183    26.151 56470.53373186 52.03 230.911455  66.032644   -100 -100.00 -100.00 -100.00
 183    26.249 56470.53373245 44.07 230.917881  66.032901   -100 -100.00 -100.00 -100.00
 183    26.422 56470.53373304 38.71 230.924306  66.033159 26.947 -100.00 -100.00 -100.00
 183    26.545 56470.53373363 39.53 230.930732  66.033416 30.171 -100.00 -100.00 -100.00
 184    26.584 56480.44937241 52.88 230.904753  66.031302   -100 -100.00 -100.00 -100.00
 184    26.347 56480.44937300 53.42 230.911178  66.031560   -100 -100.00 -100.00 -100.00
 184    26.582 56480.44937359 54.09 230.917603  66.031818   -100 -100.00 -100.00 -100.00
 184    26.583 56480.44937418 52.56 230.924028  66.032076   -100 -100.00 -100.00 -100.00
 184    26.527 56480.44937477 51.83 230.930454  66.032333   -100 -100.00 -100.00 -100.00
 185    25.720 56490.36500949 49.80 230.903028  66.030730   -100 -100.00 -100.00 -100.00
 185    25.792 56490.36501008 54.10 230.909453  66.030988   -100 -100.00 -100.00 -100.00
 185    26.138 56490.36501068 53.74 230.915878  66.031246   -100 -100.00 -100.00 -100.00
 185    26.056 56490.36501127 53.42 230.922303  66.031504   -100 -100.00 -100.00 -100.00
 185    25.926 56490.36501186 55.72 230.928728  66.031761   -100 -100.00 -100.00 -100.00
 187    25.292 56510.19627771 50.27 230.903587  66.031675   -100 -100.00 -100.00 -100.00
 187    25.614 56510.19627830 53.77 230.910013  66.031934   -100 -100.00 -100.00 -100.00
 187    25.672 56510.19627889 53.72 230.916438  66.032192   -100 -100.00 -100.00 -100.00
 187    25.683 56510.19627948 50.43 230.922863  66.032450   -100 -100.00 -100.00 -100.00
 187    25.890 56510.19628007 50.75 230.929289  66.032708   -100 -100.00 -100.00 -100.00
 188    25.250 56520.11192073 39.09 230.904403  66.032087   -100 -100.00 -100.00 -100.00
 188    25.047 56520.11192132 43.41 230.910828  66.032346   -100 -100.00 -100.00 -100.00
 188    24.838 56520.11192191 36.06 230.917254  66.032604   -100 -100.00 -100.00 -100.00
 188    25.128 56520.11192250 38.73 230.923679  66.032862   -100 -100.00 -100.00 -100.00
 188    25.045 56520.11192309 43.18 230.930105  66.033119   -100 -100.00 -100.00 -100.00
 189    25.040 56530.02757436 48.67 230.905573  66.032083   -100 -100.00 -100.00 -100.00
 189    25.113 56530.02757495 53.19 230.911999  66.032341   -100 -100.00 -100.00 -100.00
 189    25.260 56530.02757554 52.25 230.918425  66.032599   -100 -100.00 -100.00 -100.00
 189    25.094 56530.02757613 54.97 230.924851  66.032857   -100 -100.00 -100.00 -100.00
 189    25.012 56530.02757672 55.13 230.931277  66.033114  9.335 -100.00 -100.00 -100.00
 190    25.294 56539.94322420 49.20 230.908604  66.031849   -100 -100.00 -100.00 -100.00
 190    25.310 56539.94322479 49.15 230.915030  66.032107   -100 -100.00 -100.00 -100.00
 190    24.980 56539.94322538 53.07 230.921456  66.032365   -100 -100.00 -100.00 -100.00
 190    24.883 56539.94322597 52.44 230.927883  66.032622  5.317 -100.00 -100.00 -100.00
 191    24.817 56549.85886950 47.09 230.909147  66.031786   -100 -100.00 -100.00 -100.00
 191    24.847 56549.85887009 48.41 230.915573  66.032044   -100 -100.00 -100.00 -100.00
 191    24.944 56549.85887068 47.90 230.922000  66.032302   -100 -100.00 -100.00 -100.00
 191    25.029 56549.85887127 43.41 230.928426  66.032559   -100 -100.00 -100.00 -100.00
 192    24.639 56559.77451193 38.07 230.903763  66.032458   -100 -100.00 -100.00 -100.00
 192    24.634 56559.77451252 44.47 230.910189  66.032716  3.337 -100.00 -100.00 -100.00
 192    24.586 56559.77451311 38.69 230.916616  66.032974   -100 -100.00 -100.00 -100.00
 192    24.414 56559.77451370 33.51 230.923042  66.033232 26.803 -100.00 -100.00 -100.00
 192    24.657 56559.77451429 35.47 230.929469  66.033489 32.293 -100.00 -100.00 -100.00
 193    24.909 56569.69015399 45.69 230.905015  66.033845   -100 -100.00 -100.00 -100.00
 193    24.908 56569.69015458 51.22 230.911442  66.034103   -100 -100.00 -100.00 -100.00
 193    24.962 56569.69015517 49.32 230.917869  66.034361   -100 -100.00 -100.00 -100.00
 193    24.797 56569.69015576 55.79 230.924296  66.034619  5.055 -100.00 -100.00 -100.00
 193    24.713 56569.69015635 53.18 230.930723  66.034876   -100 -100.00 -100.00 -100.00
 194    24.815 56579.60579459 47.86 230.904944  66.035004   -100 -100.00 -100.00 -100.00
 194    24.455 56579.60579518 51.48 230.911371  66.035262   -100 -100.00 -100.00 -100.00
 194    24.528 56579.60579577 51.50 230.917797  66.035520   -100 -100.00 -100.00 -100.00
 194    24.367 56579.60579636 51.76 230.924224  66.035778  7.001 -100.00 -100.00 -100.00
 194    24.263 56579.60579695 53.47 230.930651  66.036035 30.494 -100.00 -100.00 -100.00
 195    79.467 56589.52143135 19.38 230.905944  66.034932  4.804 -100.00 -100.00 -100.00
 195    79.166 56589.52143194 21.75 230.912370  66.035190  7.148 -100.00 -100.00 -100.00
 195    80.340 56589.52143253 22.90 230.918797  66.035448  8.990 -100.00 -100.00 -100.00
 195    80.725 56589.52143312 23.72 230.925224  66.035706  8.556 -100.00 -100.00 -100.00
 195    80.827 56589.52143371 24.37 230.931650  66.035964  8.644 -100.00 -100.00 -100.00
 196    79.211 56599.43707645 22.11 230.905398  66.034160  5.214 -100.00 -100.00 -100.00
 196    79.466 56599.43707704 23.32 230.911824  66.034418  6.846 -100.00 -100.00 -100.00
 196    79.910 56599.43707763 24.63 230.918250  66.034677  8.630 -100.00 -100.00 -100.00
 196    80.149 56599.43707822 25.75 230.924677  66.034934  8.420 -100.00 -100.00 -100.00
 196    80.561 56599.43707881 26.96 230.931103  66.035192  9.912 -100.00 -100.00 -100.00
 197    78.263 56609.35272736 24.63 230.907674  66.033707  7.285 -100.00 -100.00 -100.00
 197    79.364 56609.35272795 23.82 230.914100  66.033965  6.401 -100.00 -100.00 -100.00
 197    80.084 56609.35272854 23.84 230.920526  66.034223  5.183 -100.00 -100.00 -100.00
 197    80.542 56609.35272913 25.67 230.926953  66.034480  6.800 -100.00 -100.00 -100.00
 198    79.341 56619.26837341 22.40 230.909739  66.034166  5.039 -100.00 -100.00 -100.00
 198    79.482 56619.26837400 24.08 230.916165  66.034424  6.596 -100.00 -100.00 -100.00
 198    79.641 56619.26837459 25.80 230.922591  66.034681  9.244 -100.00 -100.00 -100.00
 198    80.087 56619.26837518 25.36 230.929018  66.034939  8.571 -100.00 -100.00 -100.00
 199    78.480 56629.18401562 21.48 230.904804  66.034355  6.520 -100.00 -100.00 -100.00
 199    79.063 56629.18401621 20.52 230.911231  66.034613  4.003 -100.00 -100.00 -100.00
 199    79.088 56629.18401680 22.28 230.917657  66.034871  6.347 -100.00 -100.00 -100.00
 199    79.928 56629.18401739 22.70 230.924084  66.035128  6.251 -100.00 -100.00 -100.00
 199    80.227 56629.18401798 23.54 230.930511  66.035386  6.939 -100.00 -100.00 -100.00
 200    78.989 56639.09965546 17.87 230.908403  66.033891  4.166 -100.00 -100.00 -100.00
 200    78.201 56639.09965605 18.43 230.914829  66.034149  4.639 -100.00 -100.00 -100.00
 200    81.157 56639.09965664 19.10 230.921256  66.034406  5.722 -100.00 -100.00 -100.00
 200    78.123 56639.09965723 21.87 230.927683  66.034664  9.413 -100.00 -100.00 -100.00
 201    77.697 56649.01529990 17.75 230.905925  66.032046  4.108 -100.00 -100.00 -100.00
 201    77.003 56649.01530049 18.50 230.912352  66.032304  4.774 -100.00 -100.00 -100.00
 201    79.032 56649.01530108 17.78 230.918778  66.032562  4.349 -100.00 -100.00 -100.00
 201    81.080 56649.01530167 18.94 230.925204  66.032820  4.783 -100.00 -100.00 -100.00
 201    79.058 56649.01530226 20.20 230.931631  66.033077  7.416 -100.00 -100.00 -100.00
 202    77.959 56658.93095091 19.55 230.902648  66.030318  4.676 -100.00 -100.00 -100.00
 202    78.104 56658.93095150 20.15 230.909074  66.030576  5.342 -100.00 -100.00 -100.00
 202    78.473 56658.93095210 19.16 230.915500  66.030834  3.983 -100.00 -100.00 -100.00
 202    78.928 56658.93095269 19.97 230.921927  66.031092  4.958 -100.00 -100.00 -100.00
 202    79.595 56658.93095328 20.99 230.928353  66.031349  6.208 -100.00 -100.00 -100.00
 202    79.605 56658.93095387 21.05 230.934779  66.031607  5.192 -100.00 -100.00 -100.00
 203    77.250 56668.84659880 20.02 230.908580  66.030356  4.946 -100.00 -100.00 -100.00
 203    78.351 56668.84659939 20.49 230.915006  66.030614  6.051 -100.00 -100.00 -100.00
 203    78.358 56668.84659998 20.26 230.921432  66.030872  5.359 -100.00 -100.00 -100.00
 203    78.794 56668.84660057 22.48 230.927859  66.031129  7.881 -100.00 -100.00 -100.00
 203    79.819 56668.84660116 20.91 230.934285  66.031387  5.662 -100.00 -100.00 -100.00
 205    79.517 56688.67788726 19.55 230.908715  66.033351  4.500 -100.00 -100.00 -100.00
 205    79.803 56688.67788785 20.27 230.915141  66.033609  4.057 -100.00 -100.00 -100.00
 205    79.660 56688.67788844 20.60 230.921568  66.033866  4.418 -100.00 -100.00 -100.00
 205    80.163 56688.67788903 21.59 230.927995  66.034124  5.539 -100.00 -100.00 -100.00
 206    77.936 56698.59352777 17.25 230.904025  66.033216  4.289 -100.00 -100.00 -100.00
 206    77.768 56698.59352836 18.91 230.910451  66.033474  5.490 -100.00 -100.00 -100.00
 206    79.390 56698.59352895 17.90 230.916878  66.033732  4.498 -100.00 -100.00 -100.00
 206    79.479 56698.59352954 19.41 230.923304  66.033990  6.622 -100.00 -100.00 -100.00
 206    77.933 56698.59353013 21.81 230.929731  66.034247 10.548 -100.00 -100.00 -100.00
 207    78.337 56708.50916439 16.40 230.907722  66.032087  4.057 -100.00 -100.00 -100.00
 207    78.271 56708.50916498 19.49 230.914148  66.032345  8.104 -100.00 -100.00 -100.00
 207    78.938 56708.50916557 18.80 230.920573  66.032603  6.801 -100.00 -100.00 -100.00
 207    78.252 56708.50916616 19.92 230.926999  66.032861  8.302 -100.00 -100.00 -100.00
 207    79.820 56708.50916675 20.80 230.933425  66.033118  8.414 -100.00 -100.00 -100.00
 208    77.468 56718.42480240 16.87 230.904373  66.030892  4.130 -100.00 -100.00 -100.00
 208    77.761 56718.42480299 17.85 230.910798  66.031151  4.880 -100.00 -100.00 -100.00
 208    78.622 56718.42480358 19.18 230.917223  66.031409  6.881 -100.00 -100.00 -100.00
 208    79.401 56718.42480417 18.88 230.923648  66.031667  5.365 -100.00 -100.00 -100.00
 208    79.545 56718.42480476 19.76 230.930074  66.031924  7.410 -100.00 -100.00 -100.00
 209    77.558 56728.34045485 17.81 230.903038  66.031423  4.672 -100.00 -100.00 -100.00
 209    77.851 56728.34045544 19.01 230.909463  66.031681  6.675 -100.00 -100.00 -100.00
 209    78.037 56728.34045603 18.44 230.915888  66.031939  4.753 -100.00 -100.00 -100.00
 209    78.825 56728.34045662 20.47 230.922313  66.032197  7.736 -100.00 -100.00 -100.00
 209    79.441 56728.34045721 20.41 230.928739  66.032454  6.875 -100.00 -100.00 -100.00
 211    79.109 56748.17174872 17.72 230.905990  66.035461  3.407 -100.00 -100.00 -100.00
 211    77.244 56748.17174931 20.19 230.912416  66.035719  6.837 -100.00 -100.00 -100.00
 211    80.125 56748.17174990 19.56 230.918843  66.035977  4.986 -100.00 -100.00 -100.00
 211    79.713 56748.17175049 19.77 230.925270  66.036234  5.205 -100.00 -100.00 -100.00
 211    80.968 56748.17175108 19.30 230.931696  66.036491  4.280 -100.00 -100.00 -100.00
 212    78.182 56758.08738924 18.23 230.907687  66.035924  4.735 -100.00 -100.00 -100.00
 212    78.848 56758.08738983 19.69 230.914113  66.036182  6.240 -100.00 -100.00 -100.00
 212    78.477 56758.08739042 19.30 230.920540  66.036440  5.383 -100.00 -100.00 -100.00
 212    79.957 56758.08739101 19.61 230.926967  66.036697  6.011 -100.00 -100.00 -100.00
 213    79.068 56768.00302357 12.11 230.907902  66.034867  4.414 -100.00 -100.00 -100.00
 213    79.802 56768.00302416 11.93 230.914328  66.035125  5.027 -100.00 -100.00 -100.00
 213    80.060 56768.00302475 13.33 230.920755  66.035383  6.188 -100.00 -100.00 -100.00
 213    81.168 56768.00302534 12.17 230.927182  66.035640  4.251 -100.00 -100.00 -100.00
 214    77.567 56777.91866958 16.76 230.909128  66.033651  3.908 -100.00 -100.00 -100.00
 214    78.054 56777.91867017 18.62 230.915554  66.033909  6.245 -100.00 -100.00 -100.00
 214    79.382 56777.91867077 20.84 230.921981  66.034167  8.295 -100.00 -100.00 -100.00
 214    78.554 56777.91867136 24.19 230.928407  66.034425 14.809 -100.00 -100.00 -100.00
 215    26.026 56787.83432545 42.60 230.907513  66.033454   -100 -100.00 -100.00 -100.00
 215    25.830 56787.83432604 34.94 230.913939  66.033712   -100 -100.00 -100.00 -100.00
 215    25.997 56787.83432663 32.04 230.920366  66.033969 24.060 -100.00 -100.00 -100.00
 215    26.334 56787.83432722 32.41 230.926793  66.034227 22.570 -100.00 -100.00 -100.00
 215    26.177 56787.83432781 37.31 230.933219  66.034484   -100 -100.00 -100.00 -100.00
 216    26.742 56797.74997813 29.13 230.909373  66.034267 20.247 -100.00 -100.00 -100.00
 216    26.271 56797.74997872 27.08 230.915799  66.034524 17.655 -100.00 -100.00 -100.00
 216    27.167 56797.74997931 24.06 230.922226  66.034782  9.189 -100.00 -100.00 -100.00
 216    26.842 56797.74997990 25.12 230.928652  66.035039 13.815 -100.00 -100.00 -100.00
 217    26.868 56807.66562516 51.20 230.909485  66.035003   -100 -100.00 -100.00 -100.00
 217    26.775 56807.66562575 53.52 230.915912  66.035261   -100 -100.00 -100.00 -100.00
 217    26.492 56807.66562634 55.15 230.922338  66.035518   -100 -100.00 -100.00 -100.00
 217    26.541 56807.66562693 53.20 230.928765  66.035775   -100 -100.00 -100.00 -100.00
 219    26.563 56827.49690311 42.44 230.904249  66.032181 28.658 -100.00 -100.00 -100.00
 219    26.177 56827.49690370 46.29 230.910674  66.032439   -100 -100.00 -100.00 -100.00
 219    26.060 56827.49690429 39.41 230.917099  66.032697   -100 -100.00 -100.00 -100.00
 219    26.433 56827.49690488 37.30 230.923525  66.032955 28.196 -100.00 -100.00 -100.00
 219    26.481 56827.49690547 44.61 230.929950  66.033212   -100 -100.00 -100.00 -100.00
 220    78.261 56837.41253727 11.25 230.904123  66.030174  4.139 -100.00 -100.00 -100.00
 220    78.811 56837.41253786 11.82 230.910548  66.030433  4.662 -100.00 -100.00 -100.00
 220    79.013 56837.41253845 12.80 230.916972  66.030691  6.499 -100.00 -100.00 -100.00
 220    80.828 56837.41253904 13.19 230.923397  66.030948  5.454 -100.00 -100.00 -100.00
 220    79.615 56837.41253963 17.75 230.929822  66.031206 12.498 -100.00 -100.00 -100.00
 221    25.753 56847.32816861 37.92 230.904627  66.029988   -100 -100.00 -100.00 -100.00
 221    25.739 56847.32816920 39.76 230.911051  66.030246   -100 -100.00 -100.00 -100.00
 221    25.720 56847.32816979 41.95 230.917476  66.030504   -100 -100.00 -100.00 -100.00
 221    26.045 56847.32817038 43.07 230.923900  66.030762   -100 -100.00 -100.00 -100.00
 221    26.191 56847.32817097 44.34 230.930325  66.031020 27.870 -100.00 -100.00 -100.00
 222    25.929 56857.24382014 48.27 230.904065  66.031558   -100 -100.00 -100.00 -100.00
 222    25.975 56857.24382073 52.09 230.910490  66.031816   -100 -100.00 -100.00 -100.00
 222    25.971 56857.24382132 52.43 230.916915  66.032074   -100 -100.00 -100.00 -100.00
 222    25.830 56857.24382191 51.39 230.923340  66.032332   -100 -100.00 -100.00 -100.00
 222    25.840 56857.24382250 55.21 230.929765  66.032589  0.493 -100.00 -100.00 -100.00
 223    25.243 56867.15947388 37.19 230.907016  66.033601   -100 -100.00 -100.00 -100.00
 223    25.078 56867.15947447 35.59 230.913442  66.033859   -100 -100.00 -100.00 -100.00
 223    24.705 56867.15947506 34.15 230.919868  66.034117   -100 -100.00 -100.00 -100.00
 223    24.427 56867.15947565 34.57 230.926294  66.034375   -100 -100.00 -100.00 -100.00
 223    24.484 56867.15947624 28.44 230.932720  66.034632 26.097 -100.00 -100.00 -100.00
 224    24.959 56877.07512592 40.93 230.908491  66.033997   -100 -100.00 -100.00 -100.00
 224    24.742 56877.07512651 41.34 230.914918  66.034254   -100 -100.00 -100.00 -100.00
 224    24.482 56877.07512710 40.49 230.921344  66.034512   -100 -100.00 -100.00 -100.00
 224    24.741 56877.07512769 36.66 230.927770  66.034769   -100 -100.00 -100.00 -100.00
 225    24.936 56886.99077455 33.83 230.907381  66.033015   -100 -100.00 -100.00 -100.00
 225    24.539 56886.99077514 33.79 230.913807  66.033273   -100 -100.00 -100.00 -100.00
 225    24.690 56886.99077573 31.06 230.920233  66.033531   -100 -100.00 -100.00 -100.00
 225    24.896 56886.99077632 37.91 230.926660  66.033788   -100 -100.00 -100.00 -100.00
 225    24.749 56886.99077691 37.56 230.933086  66.034045   -100 -100.00 -100.00 -100.00
 226    24.572 56896.90642045 37.57 230.906234  66.031707   -100 -100.00 -100.00 -100.00
 226    24.436 56896.90642104 38.32 230.912660  66.031965   -100 -100.00 -100.00 -100.00
 226    24.213 56896.90642163 40.17 230.919086  66.032223   -100 -100.00 -100.00 -100.00
 226    24.173 56896.90642222 39.78 230.925512  66.032480   -100 -100.00 -100.00 -100.00
 226    24.357 56896.90642281 38.03 230.931938  66.032737   -100 -100.00 -100.00 -100.00
 227    24.703 56906.82206350 32.56 230.904487  66.031993   -100 -100.00 -100.00 -100.00
 227    24.249 56906.82206409 32.88 230.910913  66.032251   -100 -100.00 -100.00 -100.00
 227    24.187 56906.82206468 28.61 230.917340  66.032508 26.691 -100.00 -100.00 -100.00
 227    24.878 56906.82206527 26.08 230.923766  66.032766 20.364 -100.00 -100.00 -100.00
 227    24.695 56906.82206586 24.41 230.930192  66.033023 15.458 -100.00 -100.00 -100.00
 228    24.502 56916.73770454 33.80 230.904188  66.033939   -100 -100.00 -100.00 -100.00
 228    24.245 56916.73770513 33.48 230.910614  66.034197   -100 -100.00 -100.00 -100.00
 228    24.027 56916.73770572 31.82 230.917041  66.034454   -100 -100.00 -100.00 -100.00
 228    24.178 56916.73770631 28.90 230.923468  66.034712 19.887 -100.00 -100.00 -100.00
 228    24.082 56916.73770690 35.71 230.929895  66.034969   -100 -100.00 -100.00 -100.00
 229    24.271 56926.65334385 44.90 230.905954  66.036090   -100 -100.00 -100.00 -100.00
 229    24.403 56926.65334444 44.43 230.912381  66.036348 28.259 -100.00 -100.00 -100.00
 229    24.152 56926.65334503 47.67 230.918808  66.036606   -100 -100.00 -100.00 -100.00
 229    24.137 56926.65334562 51.25 230.925235  66.036863   -100 -100.00 -100.00 -100.00
 229    23.816 56926.65334621 52.10 230.931663  66.037120  4.299 -100.00 -100.00 -100.00
 230    24.241 56936.56897982 47.07 230.910231  66.036790   -100 -100.00 -100.00 -100.00
 230    24.206 56936.56898041 47.70 230.916658  66.037048   -100 -100.00 -100.00 -100.00
 230    24.204 56936.56898100 50.55 230.923085  66.037305   -100 -100.00 -100.00 -100.00
 230    24.229 56936.56898159 53.06 230.929512  66.037563   -100 -100.00 -100.00 -100.00
 231    79.203 56946.48460952 21.32 230.904686  66.035084  4.280 -100.00 -100.00 -100.00
 231    73.475 56946.48461011 29.62 230.911112  66.035343 18.615 -100.00 -100.00 -100.00
 231    71.931 56946.48461070 30.46 230.917538  66.035601 17.509 -100.00 -100.00 -100.00
 231    79.444 56946.48461129 24.09 230.923965  66.035859  7.753 -100.00 -100.00 -100.00
 231    80.668 56946.48461188 26.09 230.930391  66.036117  8.561 -100.00 -100.00 -100.00
 232    79.024 56956.40026345 21.82 230.909402  66.033417  8.134 -100.00 -100.00 -100.00
 232    72.717 56956.40026404 28.02 230.915828  66.033675 14.292 -100.00 -100.00 -100.00
 232    71.090 56956.40026463 28.85 230.922254  66.033933 17.553 -100.00 -100.00 -100.00
 232    79.547 56956.40026522 23.69 230.928680  66.034191  9.152 -100.00 -100.00 -100.00
 233    77.440 56966.31591214 19.62 230.907462  66.032553  5.992 -100.00 -100.00 -100.00
 233    76.553 56966.31591273 22.40 230.913887  66.032811  9.704 -100.00 -100.00 -100.00
 233    75.194 56966.31591332 26.11 230.920313  66.033069 16.683 -100.00 -100.00 -100.00
 233    80.142 56966.31591391 20.51 230.926739  66.033327  5.730 -100.00 -100.00 -100.00
 233    80.385 56966.31591450 21.88 230.933164  66.033584  6.586 -100.00 -100.00 -100.00
 234    78.809 56976.23155692 20.00 230.908951  66.033509  3.883 -100.00 -100.00 -100.00
 234    78.688 56976.23155751 20.53 230.915377  66.033767  4.603 -100.00 -100.00 -100.00
 234    79.168 56976.23155811 21.39 230.921803  66.034025  5.586 -100.00 -100.00 -100.00
 234    79.602 56976.23155870 22.26 230.928229  66.034282  6.730 -100.00 -100.00 -100.00
 235    78.111 56986.14719682 19.37 230.906080  66.034573  3.616 -100.00 -100.00 -100.00
 235    79.349 56986.14719741 19.85 230.912507  66.034831  3.395 -100.00 -100.00 -100.00
 235    79.013 56986.14719800 21.32 230.918933  66.035089  5.353 -100.00 -100.00 -100.00
 235    80.404 56986.14719859 21.13 230.925360  66.035346  5.314 -100.00 -100.00 -100.00
 235    79.732 56986.14719918 22.32 230.931787  66.035603  6.039 -100.00 -100.00 -100.00
 236    78.459 56996.06283152 19.37 230.908338  66.034233  3.564 -100.00 -100.00 -100.00
 236    79.051 56996.06283211 19.89 230.914765  66.034491  4.120 -100.00 -100.00 -100.00
 236    77.718 56996.06283270 21.28 230.921191  66.034749  5.303 -100.00 -100.00 -100.00
 236    79.164 56996.06283329 21.59 230.927618  66.035007  5.389 -100.00 -100.00 -100.00
 237    77.936 57005.97847498 19.84 230.908501  66.032174  3.800 -100.00 -100.00 -100.00
 237    77.855 57005.97847557 21.06 230.914927  66.032433  6.056 -100.00 -100.00 -100.00
 237    77.971 57005.97847616 21.36 230.921353  66.032691  6.395 -100.00 -100.00 -100.00
 237    79.144 57005.97847675 20.79 230.927780  66.032948  4.485 -100.00 -100.00 -100.00
 238    77.722 57015.89412938 19.56 230.906110  66.030069  4.257 -100.00 -100.00 -100.00
 238    78.479 57015.89412997 20.60 230.912536  66.030327  5.214 -100.00 -100.00 -100.00
 238    77.992 57015.89413056 21.02 230.918962  66.030585  5.558 -100.00 -100.00 -100.00
 238    78.443 57015.89413115 21.41 230.925388  66.030843  5.510 -100.00 -100.00 -100.00
 238    79.158 57015.89413174 21.84 230.931814  66.031100  5.970 -100.00 -100.00 -100.00
 239    76.775 57025.80978007 19.02 230.907199  66.029956  4.631 -100.00 -100.00 -100.00
 239    77.725 57025.80978066 19.35 230.913624  66.030214  4.455 -100.00 -100.00 -100.00
 239    77.851 57025.80978125 20.08 230.920050  66.030472  4.655 -100.00 -100.00 -100.00
 239    78.459 57025.80978184 20.82 230.926476  66.030730  6.762 -100.00 -100.00 -100.00
 239    78.804 57025.80978243 21.59 230.932903  66.030987  6.998 -100.00 -100.00 -100.00
 240    75.957 57035.72542829 17.24 230.903495  66.031848  3.357 -100.00 -100.00 -100.00
 240    76.568 57035.72542888 17.55 230.909921  66.032106  3.888 -100.00 -100.00 -100.00
 240    80.399 57035.72542947 18.50 230.916347  66.032364  4.447 -100.00 -100.00 -100.00
 240    81.060 57035.72543006 18.96 230.922774  66.032621  5.077 -100.00 -100.00 -100.00
 240    81.276 57035.72543065 19.61 230.929200  66.032879  6.391 -100.00 -100.00 -100.00
 241    78.519 57045.64107455 16.45 230.906633  66.033948  4.583 -100.00 -100.00 -100.00
 241    79.270 57045.64107514 17.40 230.913059  66.034206  5.158 -100.00 -100.00 -100.00
 241    77.597 57045.64107573 17.69 230.919486  66.034463  6.130 -100.00 -100.00 -100.00
 241    79.793 57045.64107632 17.93 230.925913  66.034721  5.590 -100.00 -100.00 -100.00
 241    81.374 57045.64107691 17.74 230.932340  66.034978  5.041 -100.00 -100.00 -100.00
 242    78.328 57055.55671702 16.48 230.904230  66.034244  5.625 -100.00 -100.00 -100.00
 242    77.043 57055.55671761 16.46 230.910657  66.034502  5.077 -100.00 -100.00 -100.00
 242    77.445 57055.55671820 16.88 230.917083  66.034760  5.406 -100.00 -100.00 -100.00
 242    78.144 57055.55671879 17.87 230.923509  66.035017  6.747 -100.00 -100.00 -100.00
 242    80.507 57055.55671938 17.37 230.929936  66.035275  5.950 -100.00 -100.00 -100.00
 243    78.466 57065.47235503 14.93 230.908775  66.032940  3.695 -100.00 -100.00 -100.00
 243    79.030 57065.47235562 15.86 230.915200  66.033198  4.333 -100.00 -100.00 -100.00
 243    79.697 57065.47235621 16.20 230.921626  66.033456  4.782 -100.00 -100.00 -100.00
 243    79.803 57065.47235680 17.13 230.928052  66.033713  5.614 -100.00 -100.00 -100.00
 244    77.766 57075.38798776 14.98 230.905889  66.031685  3.454 -100.00 -100.00 -100.00
 244    79.202 57075.38798835 15.03 230.912314  66.031943  3.690 -100.00 -100.00 -100.00
 244    78.993 57075.38798894 15.75 230.918739  66.032201  4.721 -100.00 -100.00 -100.00
 244    79.483 57075.38798953 16.39 230.925165  66.032459  4.931 -100.00 -100.00 -100.00
 244    79.688 57075.38799012 17.40 230.931591  66.032716  6.504 -100.00 -100.00 -100.00
 245    78.173 57085.30361790 13.28 230.908715  66.032028  3.342 -100.00 -100.00 -100.00
 245    78.605 57085.30361849 14.64 230.915140  66.032286  5.643 -100.00 -100.00 -100.00
 245    80.014 57085.30361908 14.42 230.921565  66.032544  4.492 -100.00 -100.00 -100.00
 245    79.521 57085.30361967 15.36 230.927991  66.032802  4.906 -100.00 -100.00 -100.00
 246    78.734 57095.21927289 13.86 230.904448  66.034102  2.829 -100.00 -100.00 -100.00
 246    78.935 57095.21927348 14.24 230.910874  66.034361  3.045 -100.00 -100.00 -100.00
 246    80.329 57095.21927407 14.73 230.917300  66.034619  3.633 -100.00 -100.00 -100.00
 246    80.397 57095.21927466 15.28 230.923726  66.034876  4.724 -100.00 -100.00 -100.00
 246    80.667 57095.21927525 15.28 230.930153  66.035134  4.294 -100.00 -100.00 -100.00
 247    79.049 57105.13492980 14.35 230.909117  66.036320  4.045 -100.00 -100.00 -100.00
 247    79.725 57105.13493039 14.59 230.915543  66.036578  4.876 -100.00 -100.00 -100.00
 247    80.425 57105.13493098 14.92 230.921970  66.036836  4.638 -100.00 -100.00 -100.00
 247    80.879 57105.13493157 15.37 230.928397  66.037094  4.970 -100.00 -100.00 -100.00
 248    79.331 57115.05058162 13.28 230.906754  66.036677  4.088 -100.00 -100.00 -100.00
 248    80.044 57115.05058221 13.47 230.913181  66.036935  4.096 -100.00 -100.00 -100.00
 248    80.607 57115.05058280 13.67 230.919608  66.037193  3.655 -100.00 -100.00 -100.00
 248    80.967 57115.05058339 14.96 230.926036  66.037450  5.200 -100.00 -100.00 -100.00
 249    79.491 57124.96622761 12.19 230.909164  66.035299  3.833 -100.00 -100.00 -100.00
 249    79.727 57124.96622820 12.99 230.915590  66.035557  4.893 -100.00 -100.00 -100.00
 249    80.217 57124.96622879 13.32 230.922017  66.035814  4.684 -100.00 -100.00 -100.00
 249    80.113 57124.96622938 14.04 230.928444  66.036072  5.888 -100.00 -100.00 -100.00
 250    79.542 57134.88186776  5.93 230.905734  66.033335  3.032 -100.00 -100.00 -100.00
 250    80.405 57134.88186835  5.46 230.912160  66.033593  2.652 -100.00 -100.00 -100.00
 250    81.325 57134.88186894  6.40 230.918586  66.033851  3.413 -100.00 -100.00 -100.00
 250    81.480 57134.88186953  8.30 230.925013  66.034109  6.181 -100.00 -100.00 -100.00
 250    82.264 57134.88187012  6.17 230.931439  66.034366  3.268 -100.00 -100.00 -100.00
