# NaN NaN NaN ;Mean Elev.(m), Avg Gradient(m/km), RMS Gradient(m/km) - SRTM1     
#   90.372 -29.153 129.762 ;Mean Elev.(m), Avg Gradient(m/km), RMS Gradient(m/km) - ASTER GDEM
#   98.282 -30.005 134.611 ;Mean Elev.(m), Avg Gradient(m/km), RMS Gradient(m/km) - GMTED2010 
   1 236.657167  62.373317   104.817   104.824  4 54668.77294184 51.016
   2 236.655228  62.374056   117.325   119.422  5 54678.68858596 18.905
   3 236.653871  62.375107     1.065     1.073  3 54688.60422893  0.426
   4 236.656573  62.375996   118.347   118.667  5 54698.51987020 19.243
   5 236.655605  62.374247     1.293     1.029  6 54708.43551286  0.377
   6 236.656791  62.373065   117.541   117.757  6 54718.35116442 22.185
   8 236.656052  62.371795   156.469   156.631  6 54738.18246081 26.001
   9 236.656874  62.373608   106.098   108.858  5 54748.09810850 32.248
  10 236.665540  62.377448   102.296   102.296  2 54758.01375682 55.698
  12 236.657443  62.373189   102.956   102.982  6 54777.84504221 46.316
  13 236.656725  62.370987   102.607   102.658  6 54787.76068106 44.108
  14 236.655360  62.370106   103.150   103.126  6 54797.67631889 28.145
  17 236.656838  62.373906   128.121   127.923  5 54827.42324428 15.072
  18 236.657547  62.374797   129.634   129.530  5 54837.33888343 14.845
  19 236.656734  62.375775   130.970   130.673  6 54847.25453282 14.789
  20 236.656189  62.376915   113.342   113.298  6 54857.17018173 19.519
  21 236.656894  62.378368   107.072   107.551  6 54867.08583088 21.239
  22 236.657815  62.378530   106.401   106.055  5 54877.00147931 21.430
  23 236.655987  62.376487   112.074   114.015  5 54886.91712425 19.398
  24 236.655910  62.374426   128.076   129.849  6 54896.83276591 15.802
  25 236.655449  62.373129   129.774   129.883  5 54906.74840492 12.854
  26 236.656903  62.373434   129.671   130.013  5 54916.66404302 13.238
  27 236.656095  62.373534   129.678   129.647  5 54926.57968069 12.885
  28 236.655804  62.373052   123.711   125.154  5 54936.49531769  9.370
  29 236.655594  62.371556   127.301   125.678  5 54946.41095272  7.055
  30 236.655550  62.369191   104.206   104.216  5 54956.32658517 33.965
  31 236.656645  62.369321   113.048   113.020  6 54966.24223392 53.159
  32 236.659775  62.371207   104.507   104.503  5 54976.15788217 54.183
  33 236.655589  62.371862   106.216   106.225  6 54986.07352961 50.196
  34 236.655623  62.373191   106.237   105.277  6 54995.98917760 33.266
  35 236.656428  62.374175   104.980   104.986  6 55005.90482401 49.565
  36 236.656674  62.374796   119.833   119.899  6 55015.82046811 22.293
  37 236.657364  62.375690   104.728   104.681  6 55025.73611083 50.720
  38 236.657199  62.376787   104.149   104.124  5 55035.65175296 44.666
  39 236.656215  62.376517   116.692   116.309  5 55045.56739404 22.446
  40 236.656131  62.374669   116.741   116.221  5 55055.48303323 22.927
  41 236.656877  62.371928   116.580   116.874  6 55065.39867011 22.264
  42 236.656578  62.370932   104.266   104.320  6 55075.31431811 51.193
  43 236.654649  62.371122   118.848   119.367  6 55085.22996581 21.795
  44 236.656436  62.373174   103.631   103.519  5 55095.14561252 52.194
  45 236.656335  62.373960   102.641   102.645  5 55105.06125877 35.788
  46 236.664679  62.375948   103.024   103.024  2 55114.97690570 54.332
  47 236.666032  62.375056   102.479   102.479  2 55124.89254925 55.000
  48 236.666642  62.374161   111.908   111.908  2 55134.80819001 26.362
  49 236.657355  62.371335   102.919   102.933  6 55144.72382746 46.561
  50 236.656898  62.372056   102.857   103.005  6 55154.63946535 41.579
  51 236.657341  62.372926   106.057   106.658  6 55164.55510362 24.732
  52 236.656441  62.372994   109.063   109.884  5 55174.47074145 22.701
  53 236.656884  62.372627   120.379   120.184  6 55184.38638075 20.548
  54 236.656329  62.373616   122.705   123.530  5 55194.30203192 19.606
  55 236.656651  62.375629   127.428   127.678  6 55204.21768205 18.622
  56 236.657064  62.377662   127.406   128.753  6 55214.13333158 16.753
  57 236.656754  62.378042   129.878   132.010  6 55224.04898040 16.215
  58 236.655201  62.376019   130.060   130.996  5 55233.96462719 16.397
  59 236.655845  62.373309   125.223   124.085  6 55243.88027085 16.518
  60 236.657425  62.372034   127.661   127.779  6 55253.79591164 16.375
  61 236.657014  62.372515   105.435   103.278  6 55263.71155038 19.356
  62 236.656570  62.374103   125.467   130.006  5 55273.62718824 14.566
  63 236.655132  62.373941   130.827   130.738  6 55283.54282537 13.284
  64 236.656462  62.372241   134.987   135.367  6 55293.45846120  5.116
  66 236.655573  62.368669   167.572   167.398  5 55313.28974479 11.224
  67 236.655240  62.369983   107.779   107.760  5 55323.20539030 54.420
  68 236.655432  62.372322   103.754   103.778  5 55333.12103476 51.327
  69 236.657413  62.374511   103.612   103.702  6 55343.03667930 51.694
  70 236.655850  62.374052   116.243   116.910  6 55352.95232287 22.589
  71 236.656973  62.373735   118.517   118.588  6 55362.86796453 21.083
  72 236.655179  62.373232   116.645   116.915  6 55372.78360397 20.293
  74 236.656013  62.375197   110.145   108.469  6 55392.61487999 26.483
  75 236.657126  62.374765   117.825   118.626  5 55402.53051596 19.425
  76 236.655794  62.372896   155.470   155.073  6 55412.44616695 26.905
  77 236.654336  62.370228   103.863   103.760  6 55422.36181577 39.961
  78 236.656900  62.369737   119.387   119.549  6 55432.27746254 21.295
  79 236.655944  62.371036   103.798   103.788  6 55442.19310726 50.660
  80 236.655322  62.373159   103.433   103.389  5 55452.10875065 52.306
  81 236.655276  62.374274   102.902   102.734  5 55462.02439324 49.245
  82 236.656771  62.373053   118.835   118.232  6 55471.94003409 23.867
  83 236.657934  62.370671   102.127   102.111  4 55481.85567191 45.831
  84 236.655137  62.368015   102.774   102.912  6 55491.77130702 52.328
  85 236.654892  62.368447   102.711   102.737  6 55501.68694082 50.021
  86 236.663567  62.373593   101.997   101.997  2 55511.60258647 50.538
  87 236.656831  62.374321   101.763   101.917  6 55521.51823548 40.632
  88 236.656529  62.375027   108.314   108.490  6 55531.43388386 28.686
  89 236.656473  62.374451   113.908   110.954  5 55541.34953050 24.632
  90 236.656969  62.374333   117.498   117.171  6 55551.26517518 21.976
  91 236.656991  62.375476   117.662   118.924  6 55561.18081851 22.591
  92 236.655413  62.376405   117.933   117.413  5 55571.09646095 21.567
  93 236.656516  62.376530   121.131   121.469  6 55581.01210247 19.589
  94 236.655045  62.373488   126.000   127.553  5 55590.92774037 18.258
  95 236.656141  62.369986   123.700   123.542  6 55600.84337525 15.614
  96 236.652546  62.366631   127.839   127.659  6 55610.75900746 13.399
  97 236.654335  62.367492   129.427   128.723  6 55620.67463942 10.441
  98 236.655871  62.371444   130.841   130.369  5 55630.59029220 10.650
  99 236.656341  62.373350   128.722   130.422  6 55640.50594318 11.849
 100 236.655574  62.372167   130.349   130.329  6 55650.42159115 10.159
 101 236.657248  62.370240   129.581   129.714  6 55660.33723574  3.950
 102 236.654521  62.368526   124.327   123.806  6 55670.25287654  6.604
 103 236.654986  62.369934   122.840   122.667  6 55680.16851617  7.441
 104 236.656136  62.372465   112.425   107.922  6 55690.08415417 29.706
 105 236.655371  62.373476   179.386   183.618  5 55699.99979027 10.478
 106 236.656482  62.373488   181.830   182.662  6 55709.91542947 22.411
 107 236.655598  62.373070   104.796   105.040  6 55719.83107968 33.811
 108 236.662306  62.375226   103.711   103.717  4 55729.74672854 55.707
 109 236.657170  62.374651   109.185   109.600  5 55739.66237462 26.733
 110 236.656175  62.375251   104.494   104.507  5 55749.57801995 51.444
 111 236.655664  62.374775   103.687   103.626  6 55759.49366281 51.080
 112 236.654990  62.372807   104.510   104.567  6 55769.40930268 51.310
 113 236.655864  62.370335   103.614   103.638  6 55779.32493937 31.391
 114 236.656407  62.368522   104.537   104.647  6 55789.24057362 52.666
 115 236.656436  62.368437   104.019   104.023  6 55799.15620687 52.206
 116 236.655415  62.370295   103.228   103.219  5 55809.07185328 50.035
 117 236.654744  62.371864   103.257   103.263  6 55818.98750245 52.071
 118 236.656675  62.371767   103.649   103.678  6 55828.90314739 49.671
 119 236.657065  62.369863   102.749   102.693  6 55838.81878756 52.775
 120 236.653704  62.367520   102.496   102.410  6 55848.73442423 52.589
 121 236.655418  62.368682   119.787   120.173  6 55858.65005959 21.804
 122 236.666732  62.374758   101.850   101.850  2 55868.56570893 41.229
 123 236.655638  62.374289   101.966   102.023  6 55878.48135937 43.117
 133 236.655112  62.370665   132.653   132.554  6 55977.63778789 11.686
 134 236.656960  62.371535   132.804   133.375  6 55987.55342418 12.590
 135 236.655298  62.370792   132.008   132.018  6 55997.46906299 12.161
 136 236.656351  62.370951   128.821   129.113  6 56007.38471432 11.870
 137 236.656577  62.370495   125.851   127.282  5 56017.30036135 12.149
 141 236.656083  62.374276   175.946   175.784  6 56056.96292722  5.730
 142 236.656832  62.373587   180.029   175.908  6 56066.87856083  9.849
 143 236.656880  62.373911   111.412   104.878  6 56076.79420925 46.385
 144 236.655747  62.374447   105.592   105.498  6 56086.70985817 51.860
 145 236.655546  62.374778   106.934   106.895  5 56096.62550466 52.899
 146 236.662674  62.376128   105.259   105.305  3 56106.54114977 52.631
 147 236.655365  62.372487   104.337   104.294  6 56116.45677858 51.873
 148 236.655583  62.370684   117.872   117.729  6 56126.37241616 19.514
 149 236.655798  62.369247   103.927   103.952  5 56136.28804990 51.627
 150 236.656557  62.370043   103.669   103.683  6 56146.20369352 52.688
 151 236.655115  62.371125   103.753   103.761  5 56156.11934317 50.872
 152 236.655459  62.372236   119.794   120.076  6 56166.03499207 20.350
 153 236.656881  62.372477   118.392   118.088  6 56175.95063868 23.263
 154 236.656072  62.371321   104.645   103.113  6 56185.86627992 35.180
 155 236.655599  62.370339   114.087   113.948  5 56195.78191740 38.016
 156 236.656118  62.370775   102.705   102.664  5 56205.69755209 49.545
 157 236.664052  62.373933   102.061   102.061  2 56215.61318621 57.817
 158 236.655784  62.372839   102.955   103.141  6 56225.52882419 48.333
 159 236.655728  62.373861   102.807   102.812  5 56235.44447963 46.999
 160 236.656205  62.374100   102.633   102.654  5 56245.36013116 41.572
 161 236.656092  62.374148   105.030   103.614  5 56255.27577757 25.417
 162 236.655878  62.374749   113.121   110.186  5 56265.19142011 21.518
 165 236.655694  62.372857   121.644   121.197  6 56294.93835702 19.415
 166 236.655195  62.370874   127.062   127.779  6 56304.85400337 18.853
 167 236.657200  62.371243   120.189   119.837  6 56314.76964646 17.632
 168 236.656318  62.372500   120.893   120.277  5 56324.68528735 16.084
 169 236.657387  62.374082   123.071   123.464  6 56334.60092763 15.915
 170 236.655353  62.372931   125.451   124.991  6 56344.51656647 15.815
 171 236.656230  62.371080   127.334   128.744  5 56354.43220319 15.152
 172 236.656242  62.369944   123.273   124.971  5 56364.34784733 15.205
 173 236.656223  62.370944   123.592   122.651  5 56374.26349630 15.669
 175 236.655353  62.375528   117.929   117.759  5 56394.09478676 13.783
 176 236.655949  62.376185   118.493   122.948  6 56404.01042905 13.643
 177 236.657210  62.375573   127.279   130.280  5 56413.92606830 11.475
 178 236.655575  62.372993   103.676   103.710  6 56423.84170212 34.181
 179 236.656973  62.373329   181.259   184.630  5 56433.75734711 19.166
 180 236.664567  62.377045   104.834   104.834  2 56443.67300043 57.968
 181 236.657500  62.376669   190.508   193.945  5 56453.58864938  9.488
 182 236.657640  62.376157   105.567   105.632  5 56463.50429625 52.252
 184 236.656010  62.370708   104.419   104.386  5 56483.33557915 32.611
 185 236.654948  62.369577   104.234   104.236  6 56493.25121572 51.482
 187 236.656575  62.371972   117.455   117.786  6 56513.08248362 21.973
 188 236.656329  62.372567   103.808   103.835  6 56522.99813267 49.973
 189 236.656717  62.371926   105.151   103.578  6 56532.91378491 36.732
 191 236.655754  62.371089   117.724   117.784  6 56552.74507809 20.827
 192 236.655475  62.373438   121.276   111.670  6 56562.66072103 31.779
 194 236.658007  62.377216   102.716   102.606  5 56582.49200254 51.203
 195 236.664738  62.376820   102.410   102.410  2 56592.40763812 54.248
 196 236.665015  62.375677   111.518   111.518  2 56602.32328867 26.201
 197 236.656129  62.373223   102.302   102.306  6 56612.23893699 45.053
 198 236.655892  62.374448   102.887   102.862  6 56622.15458218 37.903
 199 236.656147  62.375528   104.124   104.136  5 56632.07022451 33.352
 200 236.655908  62.374425   106.162   106.157  5 56641.98586231 24.007
 201 236.656505  62.372489   103.828   103.754  5 56651.90151137 28.293
 202 236.656138  62.370577   103.937   103.934  5 56661.81716105 27.057
 203 236.656228  62.370517   103.772   103.749  6 56671.73280790 26.256
 205 236.656730  62.374784   110.690   111.117  6 56691.56409636 20.235
 206 236.657150  62.374702   111.099   108.369  5 56701.47973555 20.836
 207 236.656367  62.371908   109.293   103.123  5 56711.39536947 22.219
 208 236.655644  62.370632   107.968   102.923  5 56721.31101365 22.299
 209 236.655866  62.371900   103.764   102.242  6 56731.22666546 24.359
 211 236.658109  62.377862   131.892   132.100  5 56751.05795804 15.023
 212 236.655224  62.377173   130.705   130.286  5 56760.97359642 14.871
 213 236.655934  62.374956   119.661   119.625  6 56770.88922832 15.191
 214 236.655337  62.373922   119.787   120.013  6 56780.80488201 21.012
 215 236.655852  62.374253   181.755   179.163  6 56790.72053700 11.130
 216 236.657606  62.376130   117.559   119.072  5 56800.63618911 23.947
 217 236.657176  62.377125   104.379   104.405  6 56810.55183403 44.090
 219 236.655581  62.373475   105.401   105.320  5 56830.38310955 50.591
 220 236.655770  62.370186   103.988   103.992  6 56840.29874202 53.714
 221 236.655842  62.368822   105.075   105.220  6 56850.21437674 39.635
 222 236.657018  62.371700   119.712   119.974  6 56860.13003171 21.216
 223 236.656562  62.374441   103.052   103.100  5 56870.04568574 40.198
 224 236.665783  62.378117   113.042   113.042  2 56879.96133817 22.281
 225 236.655448  62.374650   116.778   117.446  5 56889.87698445 21.708
 226 236.663569  62.375790   114.442   112.972  3 56899.79263009 22.585
 227 236.656119  62.374421   102.471   102.335  5 56909.70827180 51.417
 228 236.655573  62.375986   102.136   102.209  5 56919.62391269 50.749
 229 236.664766  62.379871   113.041   112.636  3 56929.53955258 22.278
 230 236.664158  62.379068   101.775   101.775  2 56939.45518644 56.595
 231 236.656248  62.374909   102.654   102.803  6 56949.37082145 47.598
 232 236.665607  62.376607   101.932   101.932  2 56959.28647496 52.403
 233 236.657213  62.374107   102.568   102.634  6 56969.20212130 48.194
 234 236.656900  62.374313   101.750   101.668  5 56979.11776483 43.552
 235 236.657411  62.374488   102.809   102.957  6 56989.03340402 36.953
 236 236.656907  62.372833   103.033   103.003  6 56998.94903668 33.613
 237 236.655478  62.371766   103.232   103.287  6 57008.86468771 31.278
 238 236.657123  62.371567   103.265   103.250  6 57018.78034066 30.143
 239 236.657141  62.371858   107.871   106.036  6 57028.69599030 25.134
 240 236.656282  62.373024   105.980   106.702  5 57038.61163821 23.930
 241 236.655987  62.374256   105.633   106.142  5 57048.52728375 23.145
 242 236.656292  62.374419   111.110   109.053  5 57058.44292533 22.136
 243 236.655140  62.372884   107.716   102.517  6 57068.35856097 22.692
 244 236.654592  62.371620   102.280   102.271  6 57078.27419244 22.952
 245 236.655173  62.371740   124.848   125.445  5 57088.18982682 13.678
 246 236.656501  62.374960   123.334   123.434  5 57098.10548584 13.694
 247 236.655360  62.376777   123.361   123.159  5 57108.02114158 14.071
 248 236.656581  62.377216   132.708   133.618  5 57117.93679229  8.796
 249 236.656683  62.376046   102.337   102.373  6 57127.85243656 17.830
 250 236.655623  62.374388   118.690   119.799  6 57137.76807515 19.595
