# NaN NaN NaN ;Mean Elev.(m), Avg Gradient(m/km), RMS Gradient(m/km) - SRTM1     
#   84.180  -4.003   8.381 ;Mean Elev.(m), Avg Gradient(m/km), RMS Gradient(m/km) - ASTER GDEM
#   62.429  -3.363   7.247 ;Mean Elev.(m), Avg Gradient(m/km), RMS Gradient(m/km) - GMTED2010 
   2 234.833264  64.871766   116.876   119.028 10 54673.77115475 21.932
   3 234.823331  64.871932   -18.758   -18.789 10 54683.68679727 13.986
   4 234.818666  64.871810   119.197   118.951 11 54693.60243889 13.917
   5 234.828121  64.871890    -9.699    -5.304 11 54703.51807930 17.443
   6 234.836941  64.871042   118.644   119.728  9 54713.43372984 18.163
   7 234.841745  64.870122     7.596     7.189  8 54723.34938091  9.605
   8 234.841772  64.870109   119.225   119.243  8 54733.26502928 16.727
   9 234.838015  64.871247   119.495   119.503  9 54743.18067595 16.689
  10 234.829302  64.871255   118.656   118.710 10 54753.09632183 17.040
  11 234.843740  64.872912   173.765   174.166  4 54763.01196947  0.362
  14 234.851905  64.870463   122.103   119.381  6 54792.75889299  5.494
  17 234.833970  64.870979   112.338   111.421 10 54822.50580843 14.947
  18 234.837437  64.871097   110.924   111.094 10 54832.42144909 15.218
  19 234.834505  64.871075   110.030   109.573  9 54842.33709895 15.105
  20 234.827458  64.871743   110.211   110.077 10 54852.25274730 13.828
  21 234.815360  64.872125   109.622   109.535 11 54862.16839488 13.957
  22 234.811233  64.872435   110.395   109.674 12 54872.08404316 13.931
  23 234.820203  64.872279   109.596   109.707 11 54881.99969075 13.693
  24 234.835797  64.871515   110.389   109.949 10 54891.91533559 13.239
  25 234.842848  64.870239   109.640   109.649  8 54901.83097675 12.859
  26 234.842729  64.870442   109.915   109.984  8 54911.74661572 13.273
  27 234.835819  64.871178   109.806   109.766 10 54921.66225302 12.552
  28 234.832726  64.871680   110.397   110.190 10 54931.57788997 12.339
  29 234.837648  64.871003   110.565   109.889  9 54941.49352603 11.403
  30 234.849855  64.870064   115.973   114.953  7 54951.40916106 18.647
  31 234.851183  64.868581   118.547   118.587  6 54961.32480235 19.742
  32 234.849223  64.869303   118.357   121.279  6 54971.24045087 19.550
  33 234.841449  64.870371   118.020   119.157  8 54981.15609777 18.609
  34 234.833419  64.871142    51.990    51.965 10 54991.07174434 54.223
  35 234.830347  64.871104   119.863   120.020 10 55000.98739095 19.431
  36 234.835183  64.871595   119.714   119.775 10 55010.90303653 16.766
  37 234.836697  64.871489   119.833   119.792 10 55020.81868023 19.502
  38 234.829366  64.871426    96.469    94.527 10 55030.73432200 25.571
  39 234.821546  64.871688    49.852    49.786 11 55040.64996304 55.053
  40 234.819635  64.871877   118.855   118.783 11 55050.56560318 13.246
  41 234.830979  64.871845   119.364   119.357 10 55060.48124236 14.849
  42 234.842139  64.870663   119.155   119.182  8 55070.39688451 15.141
  43 234.846294  64.869354   119.160   119.081  7 55080.31253398 14.180
  44 234.846048  64.869660   118.903   118.906  7 55090.22818137 14.772
  45 234.840457  64.870971   119.447   119.358  9 55100.14382739 15.254
  46 234.830222  64.871412    96.873    97.702 10 55110.05947246 18.031
  47 234.835479  64.871728   115.353   117.491 10 55119.97511731 29.409
  48 234.841964  64.870304   116.260   118.327  9 55129.89075953 24.966
  49 234.848619  64.869189   101.766    96.818  7 55139.80639978 24.445
  50 234.846836  64.869235   110.784   109.721  7 55149.72203822 20.261
  51 234.840310  64.870410   116.892   117.173  9 55159.63767603 16.771
  52 234.835523  64.871572   116.820   117.554 10 55169.55331363 16.308
  53 234.829870  64.871057   115.441   117.111 10 55179.46894989 16.702
  54 234.835619  64.871258   116.800   116.881 10 55189.38459700 16.889
  55 234.835344  64.871461   112.393   111.455 10 55199.30024750 16.352
  56 234.829661  64.871808   112.538   111.551 10 55209.21589674 16.762
  57 234.822773  64.872230   111.086   111.748 11 55219.13154540 16.404
  58 234.821572  64.872144   110.722   111.579 11 55229.04719372 16.131
  59 234.829889  64.871945   110.501   109.973 10 55238.96283976 15.824
  60 234.836273  64.870500   109.318   109.236  9 55248.87848194 15.364
  61 234.846390  64.870406   109.577   109.572  8 55258.79412215 15.341
  62 234.844962  64.870286   110.524   109.924  8 55268.70976053 14.700
  63 234.840379  64.870913   109.616   109.386  9 55278.62539839 15.163
  64 234.836743  64.871017   110.822   109.701 10 55288.54103500 14.012
  65 234.841280  64.870846   110.493   109.731  9 55298.45666995 12.447
  66 234.845502  64.869734   118.019   118.726  7 55308.37231322 23.993
  67 234.848414  64.869141   109.315   105.480  7 55318.28795960 22.851
  68 234.846965  64.869517   119.512   119.149  7 55328.20360463 17.901
  69 234.840606  64.870569   118.310   119.397  8 55338.11924866 16.337
  70 234.832910  64.871270    99.292    94.689 10 55348.03489213 25.763
  71 234.830451  64.871595   113.533   119.236 10 55357.95053429 17.106
  72 234.833505  64.871842   119.465   119.389 10 55367.86617487 15.026
  73 234.834669  64.871650   112.487   110.498 10 55377.78181375 22.865
  74 234.834834  64.871775   119.543   119.591 10 55387.69745174 15.879
  75 234.829681  64.871189    50.074    50.054 10 55397.61308825 53.453
  76 234.833632  64.871322   103.352    96.893  9 55407.52873228 26.317
  77 234.837263  64.870811   119.838   119.671  9 55417.44438358 13.643
  78 234.841161  64.869836   119.293   119.330  8 55427.36003142 14.739
  79 234.847043  64.870012   119.023   119.391  8 55437.27567687 17.131
  80 234.845646  64.870406   119.247   119.301  8 55447.19132038 15.140
  81 234.840637  64.870787   117.911   118.926  9 55457.10696320 15.953
  82 234.836548  64.870812   113.637   119.102  9 55467.02260541 18.987
  83 234.839915  64.870487   120.263   119.368  9 55476.93824506 20.353
  84 234.845345  64.869755   113.699   114.075  8 55486.85388168 25.934
  85 234.850676  64.869436   116.163   114.881  6 55496.76951608 28.370
  86 234.848368  64.869818    99.247   102.051  7 55506.68515200 24.952
  87 234.840241  64.870593   117.463   117.369  8 55516.60080176 17.876
  88 234.835145  64.871493   116.199   117.422 10 55526.51645088 17.834
  89 234.830694  64.871556   117.213   117.289 11 55536.43209799 17.240
  90 234.830731  64.871718   117.367   117.486 10 55546.34774335 17.473
  91 234.828063  64.871735   115.136   115.210 11 55556.26338666 17.039
  92 234.826903  64.872137   113.004   112.301 11 55566.17902928 16.069
  93 234.827554  64.871923   117.230   118.033 10 55576.09467140 15.489
  94 234.832615  64.871058   110.826   111.295 10 55586.01031207 15.065
  95 234.842972  64.870388   111.849   110.916  8 55595.92595000 14.223
  96 234.846897  64.869574   112.188   111.008  7 55605.84158420 14.328
  97 234.847350  64.869396   114.243   113.385  7 55615.75721599 13.421
  98 234.846563  64.870271   110.139   109.308  8 55625.67285734 12.729
  99 234.840623  64.870259   110.059   109.064  8 55635.58850885 12.877
 100 234.842263  64.870424   109.421   109.265  8 55645.50415894 11.063
 101 234.843956  64.869918   110.165   109.337  8 55655.41980622 10.609
 102 234.845960  64.869648   110.339   109.346  7 55665.33544903 11.375
 103 234.846189  64.869979   110.987   109.629  8 55675.25108881 10.664
 104 234.843433  64.870679   119.966   120.068  8 55685.16672668 10.580
 105 234.837751  64.870880   113.290   112.292 10 55695.08236311 13.369
 106 234.836811  64.871040   119.239   119.278 10 55704.99799867 19.935
 107 234.836554  64.871136   119.209   119.277 10 55714.91364615 16.959
 108 234.832350  64.870998   100.216    98.503 10 55724.82929474 25.429
 109 234.830445  64.871631    88.442    90.281 10 55734.74494165 18.234
 110 234.822793  64.871361    51.633    51.616  9 55744.66058668 54.417
 111 234.827150  64.871637    59.727    64.110 11 55754.57623123 25.296
 112 234.836549  64.870982   104.184    97.118  9 55764.49187386 28.809
 113 234.845733  64.869899   113.758   113.506  7 55774.40751362 27.663
 114 234.850678  64.869292   118.904   118.822  6 55784.32314979 15.174
 115 234.846073  64.869377   118.861   118.914  7 55794.23878287 14.815
 116 234.842331  64.870273   117.073   117.523  9 55804.15441969 27.885
 117 234.838956  64.870638   116.243   116.800  9 55814.07006904 23.678
 118 234.844361  64.870430   118.386   119.349  8 55823.98571704 15.668
 119 234.847294  64.869295   118.738   118.933  7 55833.90136008 14.718
 120 234.851877  64.869283   119.251   119.134  6 55843.81699931 16.260
 121 234.850357  64.870052   117.669   118.774  7 55853.73263500 20.583
 122 234.839466  64.870444   116.116   117.492  9 55863.64827118 26.492
 123 234.830485  64.871020   118.948   117.969 10 55873.56392414 20.370
 133 234.845812  64.870001   109.577   109.457  8 55972.72036210 11.950
 134 234.837135  64.870653   109.245   109.242  9 55982.63599739 12.398
 135 234.836255  64.870634   109.431   109.451  9 55992.55163159 12.648
 136 234.840640  64.870118   109.638   109.674  8 56002.46728010 12.468
 137 234.848320  64.869455   109.767   109.774  7 56012.38293033 12.668
 139 234.842036  64.870107   109.659   109.584  8 56032.21421926 12.170
 141 234.826121  64.871638   121.037   121.356 10 56052.04549809 16.346
 142 234.828846  64.871441   111.162   111.382 10 56061.96113431 27.123
 143 234.836817  64.871040   119.789   120.405  9 56071.87677447 23.789
 144 234.835481  64.870765   119.112   119.185  9 56081.79242478 16.614
 145 234.833807  64.871519   119.277   119.317 10 56091.70807252 15.699
 146 234.828394  64.871987   119.045   119.075 10 56101.62371755 13.361
 147 234.830089  64.871886    51.803    51.778 10 56111.53934888 52.202
 148 234.835661  64.870477   117.364   119.557  9 56121.45498861 25.601
 149 234.849457  64.869504   119.550   121.266  6 56131.37062537 17.933
 150 234.851056  64.868447   116.362   117.806  6 56141.28626052 16.696
 151 234.846450  64.869656   116.170   115.007  7 56151.20191115 14.217
 152 234.837308  64.870875   117.781   118.689 10 56161.11755959 13.631
 153 234.831617  64.871079   113.663   112.090 10 56171.03320656 19.292
 154 234.840037  64.870956   119.803   119.846  9 56180.94885057 16.400
 155 234.847707  64.870033   118.680   118.530  7 56190.86449055 18.700
 156 234.847432  64.869178   117.720   118.758  7 56200.78012697 14.855
 157 234.844726  64.870140   117.603   118.718  7 56210.69576098 16.028
 158 234.837518  64.871188   111.498   110.570 10 56220.61139267 27.305
 159 234.828664  64.871923   119.550   118.168 10 56230.52704276 24.008
 160 234.826633  64.871666   116.589   117.659 11 56240.44269558 19.948
 161 234.831708  64.871551   113.233   112.673 10 56250.35834508 18.825
 162 234.834461  64.871077   111.380   110.392  9 56260.27398959 18.491
 163 234.832707  64.871128   110.733   111.026 10 56270.18963126 18.780
 164 234.830855  64.871333   112.091   111.420 10 56280.10527122 18.405
 165 234.827937  64.871313   110.902   110.475 10 56290.02092258 16.896
 166 234.836961  64.871179   110.617   109.633 10 56299.93657160 16.753
 167 234.844739  64.870208   109.497   109.277  7 56309.85221641 16.311
 168 234.847862  64.869628   109.438   109.420  7 56319.76785844 15.963
 169 234.844135  64.870216   110.652   109.862  7 56329.68349904 15.757
 170 234.837292  64.870963   111.770   111.994  9 56339.59913858 15.672
 171 234.835604  64.871306   110.447   109.722  9 56349.51477642 15.582
 172 234.840729  64.870630   109.498   109.516  8 56359.43041302 15.360
 173 234.844782  64.870003   109.593   109.655  7 56369.34606364 14.898
 175 234.835829  64.870703   109.548   109.188  9 56389.17735571 14.008
 176 234.828742  64.871894   112.348   111.800 11 56399.09299853 13.203
 177 234.822344  64.872027   115.476   116.519 11 56409.00863883  9.232
 178 234.825508  64.871705   117.056   117.755 10 56418.92427552  8.821
 179 234.834350  64.871334   120.040   120.027  9 56428.83991011 19.328
 180 234.836758  64.871620   118.367   119.404 10 56438.75556400 21.617
 181 234.834108  64.871719   119.207   119.300 10 56448.67121486 17.182
 182 234.828352  64.871366   112.504   111.804 10 56458.58686321 26.703
 183 234.835430  64.871782   113.424   107.135 10 56468.50250946 27.272
 184 234.835955  64.870613   116.381   116.723  9 56478.41815100 26.201
 185 234.844805  64.870285   120.472   120.902  8 56488.33378950 16.275
 187 234.844823  64.869947   117.699   118.762  8 56508.16505875 14.550
 188 234.842642  64.870522   114.761   118.251  9 56518.08069719 18.993
 189 234.837284  64.870616   107.353   118.619  9 56527.99635093 17.208
 190 234.836879  64.870463   117.968   118.891  9 56537.91200085 14.793
 191 234.840656  64.870453   112.410   119.213  9 56547.82764717 17.738
 192 234.838316  64.870544   118.909   118.995  9 56557.74329031 14.995
 193 234.832748  64.870973   118.381   119.185 10 56567.65893225 19.368
 194 234.826504  64.871612   118.557   118.646 10 56577.57457280 16.832
 195 234.825008  64.871746    98.749    94.781 11 56587.49021018 27.929
 196 234.827853  64.871547   117.046   117.688 10 56597.40585151 25.236
 197 234.829280  64.871272   117.537   117.928 10 56607.32150323 24.147
 198 234.832406  64.871545   114.485   113.857 10 56617.23715025 22.666
 199 234.830283  64.871205   115.349   117.536 10 56627.15279338 19.414
 200 234.834856  64.871477   115.554   116.967 10 56637.06843441 18.628
 201 234.837866  64.870809   109.986   109.991  9 56646.98407617 18.465
 202 234.842595  64.870715   109.980   109.891  8 56656.89972874 18.185
 203 234.844772  64.870424   109.871   110.031  8 56666.81537670 17.246
 205 234.839900  64.871194   109.880   109.783  9 56686.64666539 17.630
 206 234.837106  64.871287   109.916   109.929 10 56696.56230707 17.397
 207 234.839887  64.871062   109.831   109.839  9 56706.47794466 16.978
 208 234.843789  64.870512   109.869   109.863  8 56716.39357876 16.856
 209 234.840865  64.870685    60.934    61.007  8 56726.30923170 15.171
 211 234.825340  64.871877   110.032   109.755 10 56746.14052554 15.855
 212 234.821763  64.871959   111.167   109.886 11 56756.05616683 15.352
 213 234.825897  64.871661   108.801   117.942 10 56765.97180308  9.498
 214 234.830950  64.871235   119.634   119.758 10 56775.88744390 12.013
 215 234.828415  64.871251   119.437   119.408 10 56785.80310027 16.685
 216 234.826733  64.871885   113.959   112.017 11 56795.71875309 22.099
 217 234.823728  64.871941   115.561   114.363 11 56805.63440146 26.741
 219 234.839125  64.871141    98.495    97.223  9 56825.46568318 29.390
 220 234.844895  64.870226    50.919    50.921  8 56835.38131845 52.164
 221 234.847007  64.870094   112.388   112.410  7 56845.29695017 27.769
 222 234.842281  64.870668   118.859   118.931  8 56855.21259623 13.636
 223 234.834284  64.871009   119.114   118.781  9 56865.12824913 13.472
 224 234.833294  64.871190   116.485   118.816 10 56875.04390184 18.375
 225 234.834469  64.870996   116.811   119.341  9 56884.95955158 26.601
 226 234.835975  64.870759   119.123   119.149  9 56894.87519832 16.340
 227 234.833794  64.871097   118.987   119.123 10 56904.79084159 13.981
 228 234.825349  64.871577    91.908    93.300 10 56914.70648215 20.850
 229 234.817938  64.871935   117.481   118.608 11 56924.62212098 16.814
 230 234.819573  64.872201   118.361   118.316 11 56934.53775783 13.803
 231 234.827930  64.871733   117.450   118.479 11 56944.45338996 18.979
 232 234.832988  64.871096   117.052   117.722 10 56954.36903912 19.909
 233 234.836516  64.871357   112.908   110.262 10 56964.28468935 24.756
 234 234.831256  64.871555   116.304   117.639 10 56974.20033414 16.649
 235 234.827982  64.871861   117.182   117.588 10 56984.11597475 15.942
 236 234.833158  64.871564   117.658   117.903 10 56994.03161113 16.105
 237 234.842598  64.870389   114.598   114.053  8 57003.94725035 16.040
 238 234.846301  64.869561   114.734   116.301  7 57013.86290681 16.071
 239 234.844482  64.869661   113.045   109.998  7 57023.77855773 15.971
 240 234.838418  64.871038   112.408   111.281  9 57033.69420580 16.299
 241 234.831051  64.871778   114.308   114.653 10 57043.60985133 15.843
 242 234.831593  64.871824   112.778   113.148 10 57053.52549499 15.921
 243 234.837801  64.870921   110.352   109.577 10 57063.44113455 15.707
 244 234.842445  64.870213   109.782   109.535  8 57073.35676893 15.076
 245 234.841605  64.870384   110.429   109.875  9 57083.27239917 13.580
 246 234.829337  64.871287   111.485   111.657 10 57093.18804713 13.993
 247 234.816749  64.872087   113.437   116.113 11 57103.10370305 13.484
 248 234.817700  64.872569   114.015   115.755 11 57113.01935638 12.484
 249 234.824527  64.871740   118.691   118.868 11 57122.93500414  7.341
 250 234.836522  64.871495   119.494   119.394 10 57132.85064694  6.485
