# NaN NaN NaN ;Mean Elev.(m), Avg Gradient(m/km), RMS Gradient(m/km) - SRTM1     
#   10.142   1.248   9.724 ;Mean Elev.(m), Avg Gradient(m/km), RMS Gradient(m/km) - ASTER GDEM
#   29.000   1.135   8.662 ;Mean Elev.(m), Avg Gradient(m/km), RMS Gradient(m/km) - GMTED2010 
   2 230.912693  65.904854    73.261    73.404  5 54670.88488951 28.182
   3 230.913698  65.905615   -33.793   -42.707  5 54680.80053347 25.192
   4 230.910296  65.906809    71.321    71.157  5 54690.71617587 27.583
   5 230.909652  65.907180    -5.028    -5.024  5 54700.63181627  8.714
   6 230.911460  65.905888    79.409    78.265  5 54710.54746253 12.460
   7 230.913463  65.904050     5.467     5.330  5 54720.46311404 13.902
   8 230.916115  65.902312    89.574    88.582  4 54730.37876298 19.746
   9 230.912669  65.902188    76.275    76.266  4 54740.29440968 12.362
  10 230.912035  65.902604    74.412    74.345  4 54750.21005661 20.742
  11 230.913542  65.902937    74.066    74.095  4 54760.12570355 24.194
  12 230.915676  65.902591    73.854    73.911  4 54770.04134821 19.384
  13 230.916692  65.901863    73.830    73.917  4 54779.95698947 19.454
  14 230.912003  65.901434    74.217    74.250  4 54789.87262767 20.091
  15 230.915910  65.901486    73.829    73.803  4 54799.78826558 18.573
  17 230.912622  65.904167    73.564    73.534  4 54819.61954123 15.252
  18 230.911615  65.904665    73.417    73.494  4 54829.53519343 15.107
  19 230.912769  65.904676    73.176    73.158  5 54839.45083235 14.114
  20 230.911851  65.905046    73.393    73.363  4 54849.36648135 12.598
  21 230.910951  65.905848    73.379    73.411  5 54859.28212983 13.472
  22 230.908673  65.906585    73.523    73.444  5 54869.19777831 12.957
  23 230.910699  65.905813    73.258    73.240  5 54879.11342624 12.937
  24 230.913457  65.903913    73.544    73.473  5 54889.02907114 12.600
  25 230.917097  65.901795    73.767    73.793  4 54898.94471292 12.129
  26 230.915260  65.901437    73.864    73.877  4 54908.86035176 11.885
  27 230.914315  65.902347    73.845    73.878  5 54918.77598940 11.791
  28 230.913464  65.903259    73.502    73.532  4 54928.69162683 11.482
  29 230.912862  65.903027    74.275    74.495  4 54938.60726355 11.282
  30 230.913621  65.902035    86.083    86.162  4 54948.52289872  1.067
  31 230.915951  65.901134    86.200    86.147  4 54958.43853546 23.167
  32 230.916621  65.901287    91.316    86.395  4 54968.35418403 16.728
  33 230.916265  65.902359    91.429    91.379  4 54978.26983138 27.563
  34 230.911992  65.903561    28.600    28.409  4 54988.18547834 50.272
  35 230.913999  65.903718    79.372    81.685  5 54998.10112606 11.944
  36 230.914237  65.903791    73.588    73.879  5 55008.01677185 29.698
  37 230.911165  65.904293    94.342    95.131  4 55017.93241535 28.195
  38 230.911880  65.905185    85.786    85.850  4 55027.84805780 15.018
  39 230.910880  65.906413    89.617    88.841  4 55037.76369961 27.436
  40 230.910622  65.906898    88.996    86.977  5 55047.67934043 29.393
  41 230.911489  65.905759    85.659    85.665  5 55057.59497945 15.404
  42 230.911260  65.903595    85.894    85.956  4 55067.51061702 16.594
  43 230.915883  65.901431    86.168    86.168  4 55077.42626776 16.770
  44 230.916315  65.901235    89.627    90.395  4 55087.34191556 27.831
  45 230.911852  65.902654    88.442    88.602  4 55097.25756124 24.835
  46 230.914946  65.903487    85.567    85.600  4 55107.17320719 20.100
  47 230.913470  65.903115    74.523    74.486  5 55117.08885217 21.017
  48 230.917089  65.901288    73.839    73.796  4 55127.00449535 25.898
  49 230.917137  65.900087    74.103    74.153  4 55136.92013588 26.875
  50 230.916360  65.900534    74.021    74.055  4 55146.83577439 26.878
  51 230.914766  65.902560    74.006    74.022  4 55156.75141209 20.332
  52 230.911271  65.904426    73.909    73.942  4 55166.66704964 17.930
  53 230.913080  65.905010    73.639    73.643  4 55176.58268736 17.064
  54 230.911048  65.904529    73.866    73.869  4 55186.49832983 16.733
  55 230.912078  65.904145    73.844    73.849  5 55196.41398095 16.390
  56 230.910991  65.904989    73.773    73.522  4 55206.32963061 16.175
  57 230.911291  65.906385    73.474    73.588  4 55216.24527976 15.575
  58 230.909263  65.906837    73.322    73.310  5 55226.16092814 14.013
  59 230.912160  65.905006    73.439    73.585  4 55236.07657466 14.293
  60 230.913872  65.902131    73.879    74.012  4 55245.99221773 14.286
  61 230.916564  65.899964    73.941    73.840  4 55255.90785819 14.103
  62 230.917095  65.900377    74.100    74.058  4 55265.82349708 13.868
  63 230.911867  65.902831    74.252    74.155  4 55275.73913462 13.841
  64 230.912044  65.904238    73.898    73.860  5 55285.65477182 13.323
  65 230.914614  65.903437    73.697    73.776  4 55295.57040733 12.509
  66 230.915604  65.901235    76.386    76.446  4 55305.48604686  6.243
  67 230.915607  65.899726    86.410    86.452  3 55315.40169401 20.875
  68 230.915319  65.900526    86.253    86.393  3 55325.31733946 15.756
  69 230.915411  65.902743    85.749    85.769  4 55335.23298366 19.520
  70 230.910588  65.904810    92.359    94.304  5 55345.14862705 26.456
  71 230.912093  65.904906    80.182    80.118  4 55355.06427015 12.062
  72 230.911459  65.904411    78.037    75.889  4 55364.97991104 13.314
  73 230.913400  65.904033    75.005    74.997  5 55374.89555059 12.312
  74 230.910817  65.905017    74.432    73.906  5 55384.81118859 16.669
  75 230.908871  65.906253    77.912    73.740  5 55394.72682578 17.560
  76 230.911797  65.906598    74.515    74.545  5 55404.64246486 13.196
  77 230.912049  65.905069    71.691    70.724  5 55414.55811652 26.733
  78 230.911627  65.902458    75.381    75.469  4 55424.47376508 14.491
  79 230.915574  65.900175    74.268    74.279  3 55434.38941139 24.866
  80 230.914170  65.900435    93.174    94.739  4 55444.30505562 22.924
  81 230.912592  65.902248    68.129    67.394  4 55454.22069860 25.940
  82 230.914033  65.903921    81.517    81.475  4 55464.13634106 12.027
  83 230.911706  65.903799    88.936    89.688  4 55474.05198075 25.926
  84 230.914863  65.901755    73.991    73.998  4 55483.96761808 24.820
  85 230.916310  65.899960    74.778    74.747  3 55493.88325315 20.836
  86 230.915093  65.900736    74.432    74.528  3 55503.79888674 21.423
  87 230.913880  65.903072    72.730    72.455  5 55513.71453481 24.157
  88 230.912173  65.905312    74.055    74.181  4 55523.63018419 22.257
  89 230.912488  65.905808    73.548    73.561  5 55533.54583215 14.294
  90 230.911225  65.904959    73.586    73.554  4 55543.46147820 14.520
  91 230.912496  65.904152    73.506    73.523  5 55553.37712250 14.664
  92 230.911004  65.904675    73.567    73.597  5 55563.29276535 15.285
  93 230.911071  65.905649    73.416    73.326  5 55573.20840768 13.985
  94 230.913781  65.905519    73.109    73.182  5 55583.12404894 14.505
  95 230.913711  65.904080    73.418    73.424  5 55593.03968661 13.791
  96 230.912065  65.902131    73.897    73.880  4 55602.95532082 13.397
  97 230.916577  65.900762    74.115    74.139  4 55612.87095349 11.767
  98 230.913054  65.901547    76.942    77.042  4 55622.78658883  9.434
  99 230.911808  65.902982    76.642    76.650  4 55632.70224156 10.150
 100 230.913631  65.903646    75.805    75.831  5 55642.61789235  9.934
 101 230.914312  65.903139    76.286    76.350  5 55652.53354022  9.658
 102 230.916651  65.901336    76.971    76.823  4 55662.44918409 10.088
 103 230.914091  65.900583    76.948    76.951  4 55672.36482441  8.816
 104 230.914704  65.901177    76.328    76.778  3 55682.28046347  8.471
 105 230.913144  65.903323    75.569    75.434  5 55692.19610070  5.899
 106 230.910809  65.905361    94.196    92.932  5 55702.11173626 28.349
 107 230.908738  65.906128    79.354    80.723  5 55712.02737852 20.742
 108 230.913346  65.905294    85.420    85.438  5 55721.94302852 14.981
 109 230.913174  65.904823    76.202    75.865  5 55731.85867606 14.150
 110 230.911511  65.904862    75.337    75.403  4 55741.77432220 11.745
 111 230.913049  65.904877    73.632    73.691  5 55751.68996737 17.314
 112 230.911022  65.904576    81.310    82.785  4 55761.60560990 15.359
 113 230.914850  65.903320    74.690    74.506  4 55771.52125015 15.101
 114 230.912137  65.901948    74.754    74.766  4 55781.43688632 17.208
 115 230.914753  65.901227    74.194    74.224  4 55791.35252032 17.287
 116 230.913169  65.901944    70.922    71.153  4 55801.26815266 26.607
 117 230.913049  65.902938    70.306    70.047  4 55811.18380251 22.686
 118 230.914871  65.903407    76.811    76.512  4 55821.09945132 11.219
 119 230.912791  65.903153    82.422    81.911  5 55831.01509506 13.101
 120 230.916748  65.901834    72.275    72.216  4 55840.93073481 21.424
 121 230.915731  65.901384    74.600    74.595  4 55850.84637104 19.672
 122 230.912662  65.902654    74.090    74.085  4 55860.76200503 27.601
 123 230.913199  65.904167    73.883    73.854  5 55870.67765718 19.904
 133 230.913063  65.901653    73.997    74.118  4 55969.83409781 12.310
 134 230.915382  65.902731    73.696    73.769  4 55979.74973435 12.403
 135 230.914119  65.903397    73.350    73.437  4 55989.66536975 12.205
 136 230.911405  65.903182    73.881    73.907  4 55999.58101265 12.304
 137 230.912716  65.902086    73.947    74.036  4 56009.49666364 12.453
 138 230.912982  65.901608    74.135    74.176  4 56019.41231038 12.454
 139 230.911593  65.902205    74.256    74.379  4 56029.32795396 12.080
 141 230.915147  65.904476    85.638    86.170  3 56049.15923596  0.589
 142 230.910252  65.905568    82.341    83.912  5 56059.07487266 10.905
 143 230.912593  65.905464    93.601    93.092  5 56068.99050705 24.331
 144 230.913747  65.905100    83.214    76.958  5 56078.90615833 20.837
 145 230.911964  65.905261    84.032    84.106  4 56088.82180662 15.094
 146 230.911948  65.905628    98.197    98.267  4 56098.73745257 24.051
 147 230.912539  65.905075    73.855    74.256  5 56108.65309628 18.295
 148 230.913262  65.903473    74.489    74.464  4 56118.56872560 14.733
 149 230.917405  65.901545    73.215    73.145  4 56128.48436315 17.143
 150 230.914962  65.901035    70.952    71.300  3 56138.39999655 22.913
 151 230.911931  65.902100    75.096    74.966  4 56148.31564366 15.491
 152 230.911728  65.903574    74.868    74.817  4 56158.23129268 14.146
 153 230.914244  65.903976    85.612    85.662  4 56168.14694091 13.513
 154 230.915840  65.902878    89.141    85.826  4 56178.06258623 11.805
 155 230.911614  65.901806    86.202    86.267  4 56187.97822650 20.602
 156 230.912592  65.901414    86.219    86.222  4 56197.89386375 17.755
 157 230.914023  65.902814    85.957    85.963  5 56207.80949810 18.331
 158 230.912703  65.905156    74.225    74.166  5 56217.72513057 19.160
 159 230.912848  65.906460    73.546    73.524  5 56227.64077456 24.884
 160 230.909367  65.906205    73.678    73.664  5 56237.55642872 23.366
 161 230.911009  65.905073    73.851    73.872  4 56247.47207951 21.303
 162 230.912077  65.904501    73.751    73.788  4 56257.38772520 21.201
 163 230.913730  65.905108    73.437    73.433  5 56267.30336750 19.316
 164 230.912022  65.905890    73.595    73.611  5 56277.21900779 18.665
 165 230.910099  65.905540    73.812    73.857  5 56287.13465545 17.660
 166 230.913348  65.903205    73.978    74.000  4 56297.05030529 17.572
 167 230.916819  65.900711    74.218    74.194  4 56306.96595119 17.686
 168 230.915497  65.900104    74.573    74.548  3 56316.88159368 17.682
 169 230.912804  65.901895    74.309    74.346  4 56326.79723442 17.149
 170 230.914119  65.903886    73.789    73.739  5 56336.71287454 16.836
 171 230.913697  65.904621    73.741    73.728  5 56346.62851303 16.431
 172 230.914108  65.903427    73.843    73.876  5 56356.54414916 16.147
 173 230.914077  65.901573    74.155    74.264  4 56366.45979685 13.085
 176 230.911425  65.905448    73.759    73.631  5 56396.20673434 12.152
 177 230.911301  65.906725    86.428    86.443  5 56406.12237569  3.124
 178 230.911975  65.906410    73.149    73.288  5 56416.03801372  9.529
 179 230.911909  65.905169    73.876    73.814  4 56425.95364695 10.848
 180 230.912884  65.904211    94.164    96.480  5 56435.86929653 27.429
 181 230.912711  65.904415    85.794    85.779  4 56445.78494834 20.789
 182 230.913863  65.905320    85.549    85.587  5 56455.70059789 15.542
 183 230.911289  65.905259    90.816    90.706  4 56465.61624407 26.421
 184 230.912425  65.903434    85.968    86.000  5 56475.53188686 19.297
 185 230.912291  65.901197    86.284    86.237  4 56485.44752604 19.629
 187 230.916526  65.901887    89.661    90.410  4 56505.27879702 30.005
 188 230.913785  65.904572    93.281    93.092  5 56515.19442961 27.440
 189 230.910202  65.905491    85.784    85.870  5 56525.11008269 18.401
 190 230.914097  65.903985    88.695    87.827  4 56535.02573402 27.352
 192 230.912557  65.901722    86.249    86.252  4 56554.85702547 17.724
 193 230.912770  65.903449    85.799    85.826  4 56564.77266823 17.797
 194 230.910476  65.906137    85.611    85.647  5 56574.68830940 18.156
 195 230.908188  65.907736    85.595    85.630  5 56584.60394780 16.902
 196 230.908381  65.907255    74.017    74.064  5 56594.51958327 24.482
 197 230.911709  65.905272    74.044    74.081  5 56604.43523674 28.140
 198 230.913718  65.903945    74.273    74.321  4 56614.35088526 19.049
 199 230.913230  65.904253    74.274    74.216  4 56624.26652959 15.239
 200 230.912926  65.904916    74.076    73.964  4 56634.18217112 15.285
 201 230.913116  65.905114    73.986    74.047  5 56644.09780787 14.283
 202 230.912177  65.903599    74.207    74.133  4 56654.01346051 14.480
 203 230.917082  65.901370    74.203    74.238  4 56663.92910983 14.674
 205 230.913878  65.901872    74.863    74.970  4 56683.76040053 14.147
 206 230.913204  65.903731    74.419    74.404  5 56693.67604322 13.829
 207 230.911715  65.904964    74.491    74.406  5 56703.59168154 13.149
 208 230.913547  65.904251    74.029    74.120  5 56713.50731495 13.089
 209 230.915200  65.902715    42.172    42.160  4 56723.42296403 15.544
 210 230.913019  65.902361    74.193    74.202  4 56733.33861452 13.177
 211 230.912546  65.903934    74.031    74.046  4 56743.25426165 13.650
 212 230.913009  65.906055    73.458    73.367  5 56753.16990450 13.686
 213 230.910739  65.907369    74.776    74.860  5 56763.08554178 10.287
 214 230.913748  65.906713    74.611    75.057  5 56773.00117464  5.867
 215 230.913691  65.905030    85.884    85.958  5 56782.91683231 24.105
 216 230.914127  65.903858    94.887    96.032  4 56792.83248635 25.153
 217 230.912285  65.903833    87.621    85.608  4 56802.74813737 21.375
 218 230.913808  65.904145    91.135    91.204  5 56812.66378083 23.346
 219 230.913540  65.903999    85.698    85.634  4 56822.57942049 14.151
 220 230.914233  65.903047    27.687    27.579  4 56832.49505607 52.137
 221 230.913279  65.902164    82.957    85.618  4 56842.41068807 18.004
 222 230.915804  65.901920    80.406    78.814  4 56852.32632785 11.861
 223 230.911343  65.902843    68.956    69.158  4 56862.24198159 25.670
 224 230.914025  65.903759    73.444    74.495  5 56872.15763540 20.361
 225 230.911751  65.904257    69.363    68.901  5 56882.07328573 24.924
 226 230.912615  65.903850    88.731    91.631  5 56891.98893274 24.247
 227 230.914351  65.903067    89.384    87.494  5 56901.90457680 23.643
 228 230.914288  65.903528    79.351    77.815  4 56911.82021874 12.861
 229 230.911739  65.904893    71.184    72.498  5 56921.73585884 20.035
 230 230.911898  65.906393    85.248    85.276  5 56931.65149697 13.906
 231 230.911324  65.906989    73.807    73.801  5 56941.56712991 26.417
 232 230.908532  65.906578    73.942    73.981  5 56951.48277126 27.106
 233 230.911124  65.905174    73.985    74.010  5 56961.39842283 23.349
 234 230.911751  65.904487    74.007    73.987  4 56971.31406923 20.647
 235 230.913255  65.904365    74.048    74.024  4 56981.22971162 15.656
 236 230.912573  65.904448    74.071    74.126  4 56991.14534936 16.301
 237 230.914251  65.903934    74.059    74.109  4 57001.06098099 16.791
 238 230.914501  65.902804    74.123    74.084  4 57010.97663822 16.891
 239 230.914239  65.901988    74.241    74.446  4 57020.89229004 16.512
 240 230.912025  65.902441    74.401    74.374  4 57030.80793876 16.359
 241 230.912850  65.903195    74.374    74.311  4 57040.72358592 16.584
 242 230.912137  65.904036    73.943    74.037  5 57050.63923083 15.773
 243 230.911805  65.904104    73.950    73.923  5 57060.55487168 14.630
 244 230.914196  65.903808    73.892    73.872  4 57070.47050719 13.621
 245 230.913060  65.904148    73.957    74.051  4 57080.38613801 12.816
 246 230.913691  65.905152    73.774    73.801  5 57090.30177832 12.489
 247 230.912227  65.906340    73.468    73.510  5 57100.21743594 12.392
 248 230.913203  65.906783    73.460    73.436  5 57110.13309073 11.354
 249 230.912498  65.906134    73.564    73.712  5 57120.04873985 12.195
 250 230.910683  65.904997    74.204    74.221  5 57129.96438303 11.646
