# NaN NaN NaN ;Mean Elev.(m), Avg Gradient(m/km), RMS Gradient(m/km) - SRTM1     
#    9.841  -2.641  11.901 ;Mean Elev.(m), Avg Gradient(m/km), RMS Gradient(m/km) - ASTER GDEM
#   30.056  -2.392  10.662 ;Mean Elev.(m), Avg Gradient(m/km), RMS Gradient(m/km) - GMTED2010 
   2 230.926295  66.120229    92.118    98.846  5 54672.83575261 19.274
   3 230.925327  66.121418    -0.392     3.348  6 54682.75139610 22.180
   4 230.927611  66.122086    23.610    23.672  6 54692.66703862 44.322
   5 230.928640  66.121485     4.160     4.175  6 54702.58267857 12.277
   6 230.926650  66.119658    86.959    86.535  6 54712.49832701 20.085
   7 230.922194  66.117987    11.256    11.259  6 54722.41397752 15.991
   8 230.924411  66.117380    23.528    23.526  6 54732.32962616 47.078
   9 230.922749  66.118125    22.909    22.895  6 54742.24527287 31.917
  10 230.924554  66.118890    88.457    89.573  6 54752.16091974 21.922
  11 230.925302  66.118774    69.390    66.364  5 54762.07656623 23.040
  12 230.922748  66.117442    70.203    70.133  6 54771.99220996 23.691
  13 230.924135  66.116414    76.061    75.984  6 54781.90785104 15.798
  14 230.922659  66.116255    75.769    75.968  5 54791.82348935 15.935
  17 230.924446  66.119275    76.051    75.863  6 54821.57040544 14.254
  18 230.924313  66.118997    75.780    75.773  5 54831.48605755 13.577
  19 230.925324  66.119180    75.835    75.727  6 54841.40169631 12.669
  20 230.926915  66.120341    75.895    75.749  6 54851.31734542 11.800
  21 230.928632  66.121949    75.750    75.633  6 54861.23299416 13.142
  22 230.930256  66.122717    76.090    75.962  6 54871.14864295 11.196
  23 230.927806  66.121437    75.703    75.339  5 54881.06428980 11.710
  24 230.926133  66.118840    75.665    75.427  6 54890.97993347 12.042
  25 230.923158  66.116672    75.907    75.776  6 54900.89557405 11.719
  26 230.922469  66.116803    75.844    75.720  5 54910.81121299 11.596
  27 230.925583  66.118424    75.594    75.454  5 54920.72685111 12.158
  28 230.925389  66.119424    75.870    75.738  6 54930.64248840 11.080
  29 230.923355  66.118456    76.082    76.004  6 54940.55812423 10.440
  30 230.922234  66.116491    76.431    76.244  5 54950.47375850  3.005
  31 230.922771  66.115195    78.985    78.867  6 54960.38939834 21.509
  32 230.923152  66.115972    77.860    77.891  5 54970.30504700 19.809
  33 230.923429  66.117762    77.780    77.757  6 54980.22069449 13.735
  34 230.926133  66.119286    55.538    59.030  5 54990.13634196 19.949
  35 230.925684  66.119397    77.216    76.837  5 55000.05198902 12.219
  36 230.924411  66.119150    76.959    76.925  6 55009.96763422 10.234
  37 230.925211  66.119051    77.342    77.160  6 55019.88327798 12.828
  38 230.927460  66.120150    73.186    72.478  6 55029.79892063 29.337
  39 230.926238  66.121476    82.904    78.668  5 55039.71456235 28.301
  40 230.927059  66.122131    24.461    23.567  6 55049.63020292 31.923
  41 230.927144  66.120796    86.762    86.000  5 55059.54584128 25.329
  42 230.924016  66.118133    23.603    23.591  5 55069.46148099 29.106
  43 230.923049  66.116014    75.478    76.518  6 55079.37713046 16.350
  44 230.920771  66.116007    73.997    73.905  6 55089.29277781 19.970
  45 230.925103  66.117858    23.761    23.906  5 55099.20842452 53.583
  46 230.923850  66.119496    90.342    90.742  6 55109.12407021 21.129
  47 230.926306  66.119155    71.900    71.232  5 55119.03971495 21.793
  48 230.925183  66.116981    74.516    68.299  6 55128.95535690 27.306
  49 230.921553  66.115053    70.605    70.433  6 55138.87099656 23.069
  50 230.921434  66.115442    76.047    75.893  6 55148.78663518 18.266
  51 230.925968  66.117814    75.975    75.868  6 55158.70227381 18.405
  52 230.927448  66.119873    75.933    75.647  6 55168.61791188 17.173
  53 230.926036  66.120322    75.848    75.935  5 55178.53354881 16.698
  54 230.925751  66.119398    75.820    75.663  5 55188.44919411 16.683
  55 230.927154  66.119127    75.779    75.517  6 55198.36484493 18.197
  56 230.925704  66.120032    75.811    75.694  6 55208.28049456 16.906
  57 230.926657  66.121532    75.954    75.909  6 55218.19614390 15.851
  58 230.928812  66.121837    75.976    75.952  6 55228.11179259 15.270
  59 230.927556  66.120357    76.078    75.971  6 55238.02743798 15.179
  60 230.925255  66.117717    76.109    76.067  6 55247.94307974 14.997
  61 230.921247  66.115836    76.115    75.849  6 55257.85871889 15.801
  62 230.922914  66.116096    76.305    76.298  6 55267.77435777 15.217
  63 230.925742  66.117904    76.033    76.049  6 55277.68999633 15.281
  64 230.923349  66.118995    75.950    76.001  6 55287.60563320 13.523
  65 230.923354  66.118517    75.928    75.725  6 55297.52126791 13.102
  66 230.924350  66.116594    76.847    77.487  6 55307.43690973 16.503
  67 230.920544  66.115133    25.905    25.939  6 55317.35255585 34.828
  68 230.924554  66.115685    75.643    75.570  6 55327.26820156 24.778
  69 230.923294  66.117703    23.985    23.907  6 55337.18384594 30.191
  70 230.925399  66.119681    87.491    86.447  5 55347.09949015 22.587
  71 230.927917  66.120351    76.711    76.584  6 55357.01513287 10.318
  72 230.927521  66.119995    86.914    85.997  6 55366.93077329 18.550
  73 230.924182  66.119463    85.690    84.612  6 55376.84641197 25.907
  74 230.926205  66.119805    73.445    73.936  6 55386.76205026 18.687
  75 230.925010  66.120427    74.070    73.358  6 55396.67768735 14.274
  76 230.927037  66.120586    76.264    76.371  5 55406.59332967  9.895
  77 230.925234  66.119441    90.281    90.926  5 55416.50898070 20.860
  78 230.925857  66.117379    23.306    23.294  6 55426.42462857 26.473
  79 230.923388  66.115913    83.271    86.857  6 55436.34027349 21.685
  80 230.921078  66.116067    71.971    70.113  6 55446.25591712 22.165
  81 230.924415  66.117498    23.537    23.502  6 55456.17156070 31.629
  82 230.925747  66.118752    22.954    22.971  6 55466.08720340 28.233
  83 230.924298  66.118405    82.192    82.309  6 55476.00284275 17.425
  84 230.924123  66.116859    85.966    87.777  6 55485.91847905 27.375
  85 230.923080  66.115487    70.468    69.657  5 55495.83411313 25.598
  86 230.924197  66.116085    70.966    71.002  6 55505.74974789 21.323
  87 230.924866  66.117988    72.120    70.019  5 55515.66539850 20.294
  88 230.925342  66.119840    75.856    75.824  6 55525.58104818 13.902
  89 230.924330  66.120489    75.743    75.762  6 55535.49669573 12.885
  90 230.926950  66.120259    75.640    75.261  5 55545.41234153 13.674
  91 230.927471  66.120110    75.762    75.493  6 55555.32798528 14.072
  92 230.925374  66.120447    75.545    75.365  6 55565.24362788 14.561
  93 230.926968  66.120639    75.733    75.514  6 55575.15927022 13.860
  94 230.923794  66.119706    75.571    75.759  6 55585.07491047 14.527
  95 230.924374  66.118155    76.057    75.814  6 55594.99054772 13.675
  96 230.921630  66.116721    76.384    76.214  6 55604.90618141 13.179
  97 230.925195  66.116350    76.234    76.220  6 55614.82181359 11.961
  98 230.923842  66.116903    76.275    75.966  5 55624.73745300 10.291
  99 230.925413  66.117685    76.528    76.316  6 55634.65310558 10.390
 100 230.924213  66.117843    76.204    76.131  5 55644.56875571 10.232
 101 230.923039  66.117350    76.424    76.278  6 55654.48440301 10.252
 102 230.922889  66.116555    76.355    76.377  6 55664.40004589 10.875
 103 230.922387  66.116366    76.327    76.202  5 55674.31568579  9.948
 104 230.922871  66.117123    78.303    78.267  5 55684.23132420  5.379
 105 230.925757  66.118477    76.065    75.995  6 55694.14696161 11.094
 106 230.927059  66.119581    68.653    68.653  6 55704.06259747 29.823
 107 230.924612  66.119919    25.591    24.895  6 55713.97824311 20.551
 108 230.924278  66.119979    77.377    77.205  6 55723.89389221 15.188
 109 230.925503  66.120250    76.897    76.796  5 55733.80953950 11.799
 110 230.926677  66.120590    76.669    76.433  6 55743.72518551 10.492
 111 230.925711  66.120313    71.813    71.808  5 55753.64082988 26.495
 112 230.924852  66.118976    86.014    85.579  5 55763.55647196 23.928
 113 230.925352  66.117298    71.647    72.444  6 55773.47211136 24.875
 114 230.924315  66.116070    77.622    77.972  6 55783.38774720 10.478
 115 230.922641  66.116447    77.261    77.739  5 55793.30338053 10.909
 116 230.924325  66.117599    77.340    77.714  6 55803.21901611  9.728
 117 230.925594  66.118320    23.933    23.979  6 55813.13466604 47.626
 118 230.924076  66.117771    23.772    23.774  6 55823.05031389 50.805
 119 230.923869  66.116669    70.238    70.514  5 55832.96595708 27.530
 120 230.920614  66.115988    69.254    67.832  6 55842.88159570 26.806
 121 230.923469  66.116657    76.018    75.941  6 55852.79723183 19.935
 122 230.925906  66.118332    70.588    72.893  6 55862.71286732 24.079
 123 230.925648  66.119668    71.534    70.402  6 55872.62852155 23.557
 133 230.923220  66.116728    76.033    75.837  6 55971.78495924 11.531
 134 230.924420  66.118503    76.015    75.787  5 55981.70059546 11.600
 135 230.923525  66.118842    76.012    75.885  6 55991.61623007 12.120
 136 230.922209  66.117788    76.131    75.939  6 56001.53187650 12.046
 137 230.924335  66.116205    75.950    75.686  6 56011.44752677 11.663
 138 230.924435  66.115875    76.137    76.051  6 56021.36317312 11.517
 139 230.925627  66.117212    76.291    75.950  6 56031.27881668 10.218
 141 230.925679  66.120588    77.638    77.625  5 56051.11009726  1.291
 142 230.925637  66.120578    76.765    76.962  5 56061.02573367 11.270
 143 230.926214  66.119569    31.090    31.094  5 56070.94137149 40.538
 144 230.927402  66.119285    87.624    87.669  6 56080.85702230 21.238
 145 230.926883  66.119931    77.099    76.893  5 56090.77267030 13.384
 146 230.926336  66.120943    73.731    73.754  5 56100.68831588 23.918
 147 230.924952  66.120579    70.036    69.487  6 56110.60394721 20.154
 148 230.924029  66.118574    24.240    24.285  6 56120.51958691 43.366
 149 230.924194  66.116118    70.785    70.888  6 56130.43522302 29.468
 150 230.922304  66.115087    72.604    71.623  6 56140.35085630 18.225
 151 230.924113  66.116603    68.901    68.780  6 56150.26650748 26.393
 152 230.925343  66.118825    86.362    85.729  6 56160.18215671 25.857
 153 230.924263  66.119625    91.596    90.322  6 56170.09780419 26.602
 154 230.925129  66.118325    76.621    76.617  6 56180.01344809 10.702
 155 230.923952  66.116432    73.974    77.497  6 56189.92908772 17.967
 156 230.924834  66.115855    71.000    70.972  6 56199.84472455 26.199
 157 230.923852  66.117475    77.783    77.774  5 56209.76035871 13.487
 158 230.927799  66.119962    75.758    75.857  6 56219.67599150 15.162
 159 230.929109  66.121557    89.372    90.872  6 56229.59164026 22.059
 160 230.926139  66.121094    75.417    75.417  5 56239.50729346 17.972
 161 230.925576  66.120005    75.834    75.611  5 56249.42294297 17.636
 162 230.924294  66.119169    75.891    75.838  6 56259.33858757 17.319
 163 230.924336  66.119707    75.788    75.714  6 56269.25422953 17.054
 164 230.926583  66.120409    75.797    75.468  5 56279.16986998 17.472
 165 230.928006  66.120505    75.736    75.663  6 56289.08552044 17.194
 166 230.926748  66.118730    75.786    75.638  6 56299.00116883 17.084
 167 230.924438  66.116454    75.798    75.688  6 56308.91681316 17.064
 168 230.922174  66.115388    75.921    75.756  6 56318.83245505 16.212
 169 230.921239  66.116700    75.952    75.844  6 56328.74809601 15.563
 170 230.925051  66.118816    75.760    75.593  5 56338.66373650 13.814
 171 230.927611  66.119813    75.821    75.860  6 56348.57937486 13.284
 172 230.924777  66.118576    75.500    75.244  5 56358.49500981 14.460
 173 230.925167  66.116791    76.048    75.844  6 56368.41066019 13.340
 175 230.925006  66.118077    76.151    76.020  5 56388.24195359 12.230
 176 230.926642  66.120591    75.748    75.596  5 56398.15759717 11.880
 177 230.928512  66.122012    75.310    74.967  5 56408.07323837  6.619
 178 230.926804  66.121502    75.999    76.021  6 56417.98887510  8.364
 179 230.924892  66.119962    77.675    77.838  6 56427.90450714 13.602
 180 230.924412  66.119168    29.478    29.458  6 56437.82016072 52.949
 181 230.925882  66.119460    26.072    26.141  5 56447.73581224 44.717
 182 230.925207  66.120194    25.677    25.661  5 56457.65146135 52.547
 183 230.925807  66.119918    25.369    25.352  6 56467.56710730 46.485
 184 230.923084  66.118515    72.184    73.293  6 56477.48274890 25.856
 185 230.922613  66.116682    77.896    78.060  6 56487.39838694 19.277
 187 230.923372  66.116945    71.484    71.514  6 56507.22965676 29.663
 188 230.922874  66.118555    85.588    84.977  6 56517.14529311 26.130
 189 230.924127  66.119345    77.684    77.562  6 56527.06094763 16.963
 190 230.923397  66.118815    77.549    77.331  6 56536.97659771 17.069
 192 230.923248  66.117506    23.531    23.478  5 56556.80788763 53.057
 193 230.923330  66.118763    68.995    69.690  6 56566.72353028 21.282
 194 230.925604  66.120787    81.764    83.451  5 56576.63917179 25.078
 195 230.928567  66.121920    83.201    83.262  5 56586.55480996 28.233
 196 230.925217  66.121467    75.974    76.052  6 56596.47044889 21.978
 197 230.925356  66.120360    91.822    95.024  6 56606.38610096 23.717
 198 230.926200  66.119579    75.935    76.057  6 56616.30174822 21.864
 199 230.926302  66.119479    75.487    75.455  5 56626.21739190 20.350
 200 230.925127  66.119548    75.873    75.617  5 56636.13303273 17.065
 201 230.925804  66.119183    75.025    73.743  5 56646.04867268 14.425
 202 230.922667  66.118166    75.806    75.716  6 56655.96432476 15.722
 203 230.921426  66.116953    75.948    75.853  6 56665.87997268 15.316
 205 230.923517  66.117653    76.041    75.929  6 56685.71126259 15.357
 206 230.925011  66.118774    75.888    75.634  5 56695.62690505 14.777
 207 230.924530  66.119100    75.878    76.110  5 56705.54254281 14.532
 208 230.922566  66.118454    76.049    76.161  6 56715.45817494 14.235
 209 230.923955  66.118035    73.860    73.901  5 56725.37382809 15.556
 211 230.926037  66.120103    75.866    76.266  5 56745.20512431 15.318
 212 230.927354  66.121371    75.969    76.057  6 56755.12076651 15.569
 213 230.927672  66.121549    63.272    61.248  5 56765.03640301 12.506
 214 230.926918  66.120739    63.189    63.107  6 56774.95204075  9.778
 215 230.926920  66.120209    77.711    77.556  5 56784.86769761 23.358
 216 230.927890  66.120143    74.056    73.481  6 56794.78335093 26.638
 217 230.927683  66.120198    25.140    25.158  6 56804.69900042 52.433
 219 230.923601  66.118446    24.531    24.567  6 56824.53028139 35.377
 220 230.922335  66.117351    50.544    51.824  6 56834.44591631 46.206
 221 230.924210  66.117131    24.374    24.404  6 56844.36154813 41.968
 222 230.925598  66.117833    24.318    24.308  6 56854.27719240 32.781
 223 230.924720  66.118660    76.701    76.606  6 56864.19284608  9.942
 224 230.923473  66.118950    77.061    77.025  6 56874.10849909  9.684
 225 230.924376  66.118781    75.526    62.225  5 56884.02414911 14.206
 226 230.926174  66.118543    24.692    23.443  6 56893.93979598 28.791
 227 230.922834  66.118752    77.498    77.443  6 56903.85543920 10.387
 228 230.923972  66.119948    77.484    77.491  6 56913.77108081  9.747
 229 230.927198  66.121241    85.807    85.470  5 56923.68672089 26.502
 230 230.927041  66.121829    76.946    76.965  6 56933.60235812 11.893
 231 230.927430  66.121306    75.846    76.006  6 56943.51799010 21.214
 232 230.925281  66.120214    76.042    75.931  5 56953.43363638 17.816
 233 230.925364  66.119608    69.703    68.685  6 56963.34928672 22.508
 234 230.926689  66.119933    76.064    76.000  6 56973.26493238 16.527
 235 230.927819  66.120391    76.153    75.915  6 56983.18057373 15.860
 236 230.925296  66.119794    75.776    75.637  5 56993.09621003 16.449
 237 230.925203  66.118097    75.690    75.485  5 57003.01184603 15.844
 238 230.923208  66.116687    75.828    75.780  6 57012.92750257 16.728
 239 230.922482  66.116576    75.925    75.700  5 57022.84315378 15.618
 240 230.923552  66.118161    75.422    75.232  5 57032.75880249 14.378
 241 230.925473  66.119612    75.643    75.670  5 57042.67444908 11.921
 242 230.926031  66.119833    75.823    75.597  5 57052.59009328 11.595
 243 230.924240  66.118664    75.992    75.857  5 57062.50573285 12.307
 244 230.923797  66.117827    75.898    75.690  5 57072.42136728 10.609
 245 230.924285  66.118426    76.188    76.240  5 57082.33699781  9.902
 246 230.925378  66.120425    76.247    76.310  5 57092.25264404 10.529
 247 230.927613  66.122336    76.034    76.041  5 57102.16830149 10.601
 248 230.927384  66.122500    76.167    75.876  5 57112.08395519 10.095
 249 230.925196  66.120950    76.329    76.292  6 57121.99960280  9.640
 250 230.925756  66.119276    76.863    76.868  6 57131.91524509  9.315
