# NaN NaN NaN ;Mean Elev.(m), Avg Gradient(m/km), RMS Gradient(m/km) - SRTM1     
#   43.963  -3.675   6.268 ;Mean Elev.(m), Avg Gradient(m/km), RMS Gradient(m/km) - ASTER GDEM
#   60.238  -2.764   5.362 ;Mean Elev.(m), Avg Gradient(m/km), RMS Gradient(m/km) - GMTED2010 
   1 233.597171  65.150884    91.510    91.009 19 54664.95191452 27.478
   2 233.592800  65.152364    90.289    89.899 19 54674.86755873 25.282
   3 233.589544  65.154313    -0.722    -0.783 17 54684.78320164  3.439
   4 233.587724  65.155679    85.991    88.004 16 54694.69884326 14.199
   5 233.586338  65.155396     2.785     2.736 16 54704.61448251  5.577
   6 233.596414  65.151573    89.914    89.229 19 54714.53013487 27.156
   7 233.623853  65.145625     4.614     3.575 14 54724.44578815  5.274
   8 233.640813  65.142471    82.739    83.665 14 54734.36143813 20.514
   9 233.622814  65.145754    86.682    90.366 15 54744.27708325 20.816
  10 233.600345  65.149818   101.810   102.898 19 54754.19272751 27.681
  11 233.604457  65.149142    88.872    88.510 19 54764.10837364 20.366
  12 233.638846  65.143011    89.864    90.187 15 54774.02402018 23.025
  13 233.650740  65.139898    86.365    86.400 18 54783.93966186 14.470
  14 233.646320  65.140810    86.318    86.545 16 54793.85529983 15.207
  17 233.593062  65.152387    91.140    90.354 19 54823.60221319 12.434
  18 233.595155  65.150848    91.081    90.158 20 54833.51785362 12.376
  19 233.606927  65.148801    89.754    88.835 17 54843.43350486 11.406
  20 233.597225  65.150819    91.945    90.329 19 54853.34915283  9.868
  21 233.591532  65.153189    91.025    91.021 18 54863.26480085  9.336
  22 233.589924  65.154065    92.620    91.758 17 54873.18044917  8.301
  23 233.591840  65.152670    93.589    92.233 18 54883.09609572  8.304
  24 233.613158  65.147345    90.837    89.559 15 54893.01174091  7.827
  25 233.644323  65.141146    90.283    88.110 16 54902.92738434  7.075
  26 233.646618  65.140774    95.880    96.407 17 54912.84302349  7.028
  27 233.629682  65.144559    95.116    92.913 15 54922.75865980  7.217
  28 233.597604  65.150264    98.980    99.205 19 54932.67429386  6.959
  29 233.600069  65.150085    94.680    93.719 19 54942.58992965  6.688
  30 233.621738  65.146031    89.502    89.300 14 54952.50556557 19.657
  31 233.642721  65.141566    86.558    88.732 15 54962.42121079 22.443
  32 233.643750  65.141450    95.499    94.738 15 54972.33685950 26.201
  33 233.621390  65.145987    92.349    91.488 15 54982.25250474 26.717
  34 233.593738  65.151414    44.594    44.193 19 54992.16814914 46.844
  35 233.594532  65.151797    91.466    93.062 18 55002.08379574 15.157
  36 233.595902  65.151120    91.824    93.300 19 55011.99944063 15.840
  37 233.598043  65.150179    91.044    90.964 19 55021.91508419 29.541
  38 233.596419  65.151059    92.607    90.970 20 55031.83072640 22.458
  39 233.593586  65.152842    90.314    89.755 18 55041.74636777 27.606
  40 233.587289  65.154726    90.248    91.436 17 55051.66200733 13.226
  41 233.589926  65.153616    89.535    89.554 18 55061.57764571 27.555
  42 233.601318  65.149677    90.131    92.725 18 55071.49328971 15.522
  43 233.638885  65.142444   105.922   110.979 15 55081.40894235 19.443
  44 233.643681  65.141252    79.486    78.981 16 55091.32458991 19.507
  45 233.630080  65.144212    84.046    89.415 14 55101.24023491 19.572
  46 233.603992  65.149060    87.969    90.400 19 55111.15587823 16.502
  47 233.608154  65.148582    76.399    76.403 17 55121.07152262 28.823
  48 233.634849  65.143643    79.772    80.995 13 55130.98716656 25.668
  49 233.650202  65.139944    86.073    85.835 18 55140.90280743 22.884
  50 233.645558  65.140748    84.598    86.624 16 55150.81844546 18.887
  51 233.622276  65.145871    87.733    88.316 15 55160.73408158 15.127
  52 233.595032  65.151679    91.314    90.342 19 55170.64971691 13.015
  53 233.591310  65.153317    90.517    89.647 17 55180.56535323 12.021
  54 233.594488  65.152074    90.385    89.745 18 55190.48100177 11.434
  55 233.596309  65.151164    90.725    90.224 19 55200.39665235 12.000
  56 233.594030  65.151616    91.245    90.282 19 55210.31230175 11.279
  57 233.594204  65.152369    90.658    89.743 18 55220.22795085 10.571
  58 233.646003  65.145693    85.985    85.985  2 55230.14360412 10.065
  59 233.631335  65.146291    86.886    86.836  9 55240.05924768  9.655
  60 233.630330  65.144382    87.180    87.302 12 55249.97488905  9.715
  61 233.643313  65.141340    86.859    87.026 15 55259.89052949  9.433
  62 233.642144  65.141602    86.952    87.153 15 55269.80616771  9.016
  63 233.630881  65.144259    87.919    87.641 12 55279.72180477  8.450
  64 233.618516  65.146956    89.080    88.181 15 55289.63744046  8.318
  65 233.605590  65.148915    91.882    89.683 18 55299.55307377  6.557
  66 233.627856  65.144860    94.734    94.807 14 55309.46872069 19.940
  67 233.639579  65.142115    97.152    97.850 15 55319.38436781 22.980
  68 233.643161  65.141684    81.686    86.833 15 55329.30001297 20.620
  69 233.623923  65.145592    88.710    90.644 14 55339.21565541 22.201
  70 233.595650  65.150823    89.942    90.077 19 55349.13129661 23.697
  71 233.593924  65.151989    88.336    91.473 19 55359.04693852 14.690
  72 233.595766  65.151776    86.745    88.592 19 55368.96257871 14.259
  73 233.595187  65.151799    88.684    92.911 19 55378.87821722 16.712
  74 233.593574  65.152480    90.462    90.090 19 55388.79385489 26.920
  75 233.592158  65.153264    84.694    88.899 18 55398.70949161 14.669
  76 233.592740  65.152720    85.248    88.964 18 55408.62513724 15.443
  77 233.599748  65.150024    86.819    89.258 19 55418.54078887 16.082
  78 233.636122  65.143526    42.156    42.127 13 55428.45643996 49.669
  79 233.640302  65.142187    82.579    87.036 15 55438.37208511 19.261
  80 233.634549  65.143410    78.936    81.457 13 55448.28772779 17.965
  81 233.625993  65.145297    78.589    81.608 14 55458.20336986 20.117
  82 233.617703  65.146707    50.030    53.064 15 55468.11901126 30.685
  83 233.623468  65.145552    84.709    87.684 14 55478.03465084 17.858
  84 233.635429  65.143525    78.359    80.585 14 55487.95028797 22.941
  85 233.634735  65.143541    81.788    85.686 13 55497.86592161 23.434
  86 233.618221  65.146616    88.503    88.792 15 55507.78155777 21.908
  87 233.602183  65.149518    89.905    89.443 18 55517.69720652 19.694
  88 233.595486  65.151298    90.178    89.526 19 55527.61285527 12.807
  89 233.593610  65.151817    90.810    90.311 19 55537.52850258 10.933
  90 233.593621  65.151790    91.483    90.675 19 55547.44414782 10.394
  91 233.645440  65.145571    85.204    85.204  2 55557.35979634 10.527
  92 233.591668  65.152710    91.100    90.368 18 55567.27543353  9.345
  93 233.592732  65.152544    91.555    89.838 18 55577.19107541  9.650
  94 233.594764  65.151093    91.910    91.315 20 55587.10671543  9.947
  95 233.625139  65.145665    88.365    87.739 13 55597.02235515  8.874
  96 233.634410  65.143629    87.688    87.687 14 55606.93798987  8.849
  97 233.626925  65.145013    91.556    88.664 13 55616.85362085  7.427
  98 233.599763  65.149573   115.505   115.505  2 55626.76926183  6.009
  99 233.605082  65.149199    91.717    89.954 18 55636.68491413  6.514
 100 233.612838  65.147573    90.827    90.270 15 55646.60056468  5.997
 101 233.635686  65.143316    88.240    88.408 13 55656.51621397  5.540
 102 233.642862  65.141695    89.258    88.568 15 55666.43185724  6.211
 103 233.637988  65.142871    88.345    88.624 15 55676.34749632  6.116
 104 233.611498  65.147815    86.693    87.984 16 55686.26313134 11.639
 105 233.595338  65.151429    93.999    90.891 20 55696.17876620 15.228
 106 233.594961  65.152355    94.246    93.608 18 55706.09440141 18.254
 107 233.592856  65.152148    91.467    90.598 19 55716.01005048 28.231
 108 233.596114  65.151395    94.000    93.521 19 55725.92569957 18.242
 109 233.595254  65.151929   106.407   106.192 19 55735.84134640 16.399
 110 233.594250  65.152728    83.868    88.051 18 55745.75699198 15.423
 111 233.592056  65.152723    90.030    90.096 18 55755.67263569 24.752
 112 233.600658  65.149997    92.005    90.846 19 55765.58827813 28.487
 113 233.630586  65.144150    92.129    90.556 14 55775.50391983 27.136
 114 233.644709  65.141323    76.908    79.421 15 55785.41955688 19.879
 115 233.634106  65.143922    91.999    90.154 14 55795.33518925 25.568
 116 233.599254  65.150205    86.588    88.654 19 55805.25082470 14.135
 117 233.592627  65.151720    89.354    89.414 19 55815.16647323 22.602
 118 233.604463  65.149078    90.248    90.921 19 55825.08212117 20.583
 119 233.634302  65.143699    83.298    86.941 14 55834.99776636 16.973
 120 233.639984  65.142246    83.292    87.035 15 55844.91340550 17.541
 121 233.619469  65.146223    89.522    89.499 14 55854.82903910 28.023
 122 233.595572  65.151429    86.640    88.331 19 55864.74467613 21.954
 123 233.592298  65.152980    89.069    88.424 18 55874.66032901 20.378
 133 233.639956  65.142373    86.203    86.516 14 55973.81676880 11.070
 134 233.598846  65.150089    89.784    89.594 19 55983.73240082  9.289
 135 233.593979  65.152295    89.574    89.471 18 55993.64803435  8.616
 136 233.597513  65.150493    85.180    84.312 19 56003.56368499  9.033
 137 233.635528  65.143174    89.327    88.469 13 56013.47933800  8.805
 139 233.636972  65.143180    88.007    89.040 13 56033.31062719  9.632
 141 233.590544  65.153726    89.622    89.407 18 56053.14190199 10.331
 142 233.589818  65.154074    97.442    96.494 18 56063.05753721 20.586
 143 233.594854  65.152211    93.549    93.377 18 56072.97317909 18.346
 144 233.595534  65.151039    91.634    93.693 20 56082.88882932 17.405
 145 233.596381  65.151150    94.849    93.290 19 56092.80447705 18.090
 146 233.594359  65.152354    92.450    91.510 18 56102.72012225 28.408
 147 233.593568  65.152273    92.694    92.159 18 56112.63575322 20.282
 148 233.600881  65.149974    91.058    90.330 19 56122.55139298 28.766
 149 233.632043  65.144123    92.128    90.367 14 56132.46703127 22.931
 150 233.640378  65.142172    79.184    81.851 15 56142.38266908 19.399
 151 233.635118  65.143402    80.293    80.959 13 56152.29831927 19.602
 152 233.605471  65.148876    90.030    89.628 17 56162.21396534 27.806
 153 233.595810  65.151194    85.587    90.889 19 56172.12961149 18.008
 154 233.600891  65.149902    93.836    94.774 19 56182.04525453 17.267
 155 233.627309  65.144966    88.138    89.522 14 56191.96089596 27.595
 156 233.640667  65.142444    82.719    83.142 14 56201.87653337 21.068
 157 233.613040  65.147403    81.137    81.754 15 56211.79216465 25.163
 158 233.593483  65.152756    79.860    81.944 18 56221.70779474 25.405
 159 233.589617  65.154817    89.339    89.558 16 56231.62344792 24.186
 160 233.586832  65.154798    90.180    88.758 17 56241.53910036 16.725
 161 233.593566  65.152546    92.072    89.639 19 56251.45474961 15.643
 162 233.597564  65.150867    91.331    90.033 19 56261.37039386 14.973
 163 233.595468  65.151173    92.254    90.761 19 56271.28603518 14.598
 164 233.594844  65.151825    93.022    92.429 18 56281.20167562 14.271
 165 233.591940  65.151943    91.790    90.868 19 56291.11732758 12.885
 166 233.610572  65.148118    90.076    88.609 17 56301.03297727 13.212
 167 233.653941  65.140785   197.583   196.707  7 56310.94862529  1.073
 168 233.673168  65.137533    85.356    85.479  8 56320.86426866 11.117
 169 233.636325  65.143125    86.710    86.905 13 56330.77990577 11.054
 170 233.607495  65.148548    90.489    89.926 18 56340.69554307 10.430
 171 233.597287  65.151107    90.966    91.230 19 56350.61118000 10.130
 172 233.598055  65.150529    91.798    90.031 20 56360.52681820  9.846
 173 233.636037  65.144056    87.870    86.765 10 56370.44247193  9.975
 175 233.619653  65.146629    88.824    88.171 14 56390.27376237  7.695
 176 233.597952  65.151415    90.907    89.934 18 56400.18940328  7.327
 177 233.591184  65.153717   100.089   100.152 18 56410.10504307  5.197
 178 233.591452  65.153867    96.024    94.260 17 56420.02067888  7.039
 179 233.590629  65.153344    99.830    97.448 18 56429.93631497 19.413
 180 233.595547  65.151605    90.113    93.178 19 56439.85196879 20.209
 181 233.595377  65.151121    89.842    93.018 20 56449.76761963 16.727
 182 233.596283  65.150835    91.892    91.089 20 56459.68326836 28.209
 183 233.606256  65.148782    89.602    92.161 18 56469.59891470 14.226
 184 233.622800  65.145873    93.469    91.107 14 56479.51455782 27.051
 185 233.635743  65.143575    93.030    91.029 13 56489.43019660 22.742
 187 233.607556  65.148405    91.345    90.202 17 56509.26146228 28.282
 188 233.595938  65.150885    84.883    88.472 19 56519.17710196 16.503
 189 233.595578  65.150896    88.509    88.716 19 56529.09275569 16.311
 190 233.604784  65.149295    80.972    78.178 18 56539.00840627 18.669
 191 233.612950  65.147539    68.825    66.195 15 56548.92405260 22.713
 192 233.609567  65.148055    83.850    88.360 17 56558.83969533 16.918
 193 233.596509  65.150741    90.217    89.351 20 56568.75533617 24.063
 194 233.592600  65.152951    89.369    89.416 18 56578.67097658 26.422
 195 233.587128  65.154711    86.584    88.146 17 56588.58661313 25.721
 196 233.589818  65.154087    90.920    89.200 17 56598.50225678 27.081
 197 233.592496  65.152443    92.981    92.649 18 56608.41790826 24.775
 198 233.595587  65.151575    89.033    88.845 19 56618.33355479 17.329
 199 233.593222  65.151882    89.332    89.350 19 56628.24919743 14.669
 200 233.592325  65.151875    89.932    89.377 19 56638.16483731 12.176
 201 233.606330  65.149113    88.752    88.570 18 56648.08048194 11.538
 202 233.628672  65.144659    87.615    87.395 13 56657.99613592 11.085
 203 233.657510  65.140269    85.378    85.803  9 56667.91178629 10.403
 205 233.607880  65.148515    89.740    88.953 17 56687.74307002 10.439
 206 233.644606  65.144626    86.379    86.388  4 56697.65871515  9.219
 207 233.638342  65.145166    86.858    86.927  6 56707.57435149  8.930
 208 233.637684  65.144700    87.219    87.224  7 56717.48998782  8.315
 209 233.613494  65.147299    76.504    77.188 15 56727.40563833 10.028
 211 233.612875  65.150004    88.598    88.398 12 56747.23693228  7.977
 212 233.621813  65.149857    88.522    87.897  8 56757.15257398  7.249
 213 233.592529  65.153501    55.270    55.801 17 56767.06820611 11.346
 214 233.593150  65.152422    88.904    89.343 19 56776.98384955 16.950
 215 233.595687  65.151197    95.271    94.176 20 56786.89950614 18.327
 216 233.597113  65.150857    81.065    86.026 20 56796.81515902 21.590
 217 233.594030  65.151381    90.104    93.285 19 56806.73080650 16.072
 219 233.616438  65.146795    88.422    87.967 15 56826.56208835 26.764
 220 233.633876  65.143529    43.472    43.449 13 56836.47772474 49.164
 221 233.631772  65.144338    44.161    43.044 13 56846.39335596 55.052
 222 233.611236  65.147907    91.872    90.976 17 56856.30900300 23.380
 223 233.596929  65.150844    82.888    87.170 19 56866.22465490 16.371
 224 233.596644  65.150777    82.318    87.163 19 56876.14030707 21.057
 225 233.609581  65.148245    80.826    81.509 17 56886.05595749 21.753
 226 233.627474  65.144907    88.999    89.648 14 56895.97160559 14.764
 227 233.620013  65.146089    82.000    86.591 14 56905.88724813 17.159
 228 233.598183  65.150467    87.116    89.112 20 56915.80288702 15.539
 229 233.592316  65.153329    88.647    88.769 17 56925.71852562 26.329
 230 233.588632  65.154913    88.039    89.984 16 56935.63416133 13.801
 231 233.587208  65.154760    81.042    86.409 17 56945.54979207 22.150
 232 233.594613  65.151832    88.624    88.737 19 56955.46544433 27.108
 233 233.603188  65.149557    88.572    88.453 19 56965.38109461 22.300
 234 233.596071  65.150999    89.990    89.484 20 56975.29673875 13.242
 235 233.593453  65.152524    89.902    88.945 19 56985.21237880 13.381
 236 233.592611  65.152722    89.516    88.921 18 56995.12801376 12.409
 237 233.600178  65.149965    90.268    89.156 19 57005.04365567 12.574
 238 233.640680  65.142389    86.165    86.490 14 57014.95931513 12.706
 239 233.643025  65.141567    86.766    86.872 16 57024.87496621 11.599
 240 233.617280  65.146659    88.819    87.935 15 57034.79061215 10.761
 241 233.594710  65.151503    90.671    90.366 19 57044.70625590  9.801
 242 233.593235  65.152165    90.035    89.411 19 57054.62189893  9.363
 243 233.599498  65.150107    89.858    89.603 20 57064.53753800  9.503
 244 233.613729  65.147505    89.283    88.274 15 57074.45317300  8.102
 245 233.616784  65.148096    88.531    88.286 13 57084.36880337  7.706
 246 233.600888  65.151928    89.767    89.595 15 57094.28445408  7.249
 247 233.589783  65.154828    91.071    91.253 17 57104.20010953  6.312
 248 233.589260  65.155017    94.905    94.761 16 57114.11576197  6.956
 249 233.590300  65.153266   107.700   108.885 18 57124.03140851  3.765
 250 233.597274  65.150551    91.109    88.188 19 57133.94705035 14.514
