# NaN NaN NaN ;Mean Elev.(m), Avg Gradient(m/km), RMS Gradient(m/km) - SRTM1     
#  106.300  -6.254  14.988 ;Mean Elev.(m), Avg Gradient(m/km), RMS Gradient(m/km) - ASTER GDEM
#  120.342  -8.759  13.581 ;Mean Elev.(m), Avg Gradient(m/km), RMS Gradient(m/km) - GMTED2010 
   2 238.160345  62.000917   173.081   173.204  7 54671.73966477 10.984
   4 238.157300  62.001931   169.405   170.201  8 54691.57095080 16.793
   6 238.164862  62.000985   162.805   158.405  7 54711.40223862 23.076
   7 238.163772  61.999787    -1.823    -1.888  7 54721.31788945  1.310
   8 238.165064  62.000294   159.796   159.383  7 54731.23353817 27.998
   9 238.163484  62.001131   169.784   172.167  7 54741.14918511 14.433
  10 238.161551  62.001458   165.559   167.577  7 54751.06483195 21.305
  11 238.160229  62.001146   176.425   175.942  7 54760.98047862 25.828
  12 238.163388  62.000921   173.858   174.442  7 54770.89612332 22.210
  13 238.166097  62.000432   173.781   173.287  7 54780.81176472 19.134
  14 238.167654  62.000004   175.311   175.273  7 54790.72740338 20.516
  17 238.163794  62.000179   111.900   111.893  7 54820.47431740 17.704
  18 238.163526  62.000762   112.025   111.979  7 54830.38996959 17.545
  19 238.159705  62.000777   111.987   111.940  7 54840.30560794 14.779
  20 238.157645  62.002197   172.720   172.716  7 54850.22125690  6.375
  21 238.152529  62.002824   118.912   115.062  8 54860.13690512  9.772
  22 238.153926  62.004255   116.633   116.771  8 54870.05255417 10.261
  23 238.154956  62.003213   113.685   111.780  7 54879.96820172 10.943
  24 238.160996  62.002030   146.758   146.836  7 54889.88384652  8.468
  25 238.161870  62.000111   158.968   159.394  7 54899.79948761  5.855
  26 238.160240  61.999945   173.021   173.844  7 54909.71512641  3.393
  27 238.160679  62.001507   173.649   173.517  7 54919.63076427  2.773
  28 238.160219  62.001624   173.436   173.499  7 54929.54640152  4.584
  30 238.181138  62.002525   169.098   169.098  2 54949.37767448  8.591
  31 238.173376  61.998557   169.681   168.810  8 54959.29331119 21.641
  32 238.169078  61.998720   181.397   181.802  8 54969.20895934 27.919
  33 238.163339  61.999284   165.629   161.861  7 54979.12460633 28.044
  34 238.161828  62.000522   171.831   173.094  7 54989.04025371 16.679
  35 238.163848  62.001450   169.332   168.682  7 54998.95590147 22.201
  36 238.163890  62.001546   161.620   160.643  7 55008.87154715 26.660
  37 238.162981  62.001584   172.991   172.861  7 55018.78719089 15.850
  38 238.159480  62.001987   172.844   173.083  7 55028.70283303 14.369
  39 238.155507  62.002363   164.465   164.645  7 55038.61847454 29.176
  40 238.155982  62.002512   163.860   167.259  8 55048.53411518 23.264
  41 238.161849  62.001718   161.879   158.693  7 55058.44975417 28.797
  42 238.165940  61.999457   164.219   158.760  7 55068.36539283 26.316
  43 238.167708  61.998643   180.947   179.687  7 55078.28104284 28.733
  44 238.163844  61.998782   164.958   168.684  7 55088.19669023 25.509
  45 238.159717  62.000205   173.713   173.676  7 55098.11233630 17.613
  46 238.157562  62.001273   173.465   173.194  7 55108.02798206 18.306
  47 238.162787  62.001874   172.553   172.568  7 55117.94362759 14.341
  48 238.162370  61.999154   160.639   160.262  7 55127.85926988 28.206
  49 238.167501  61.998758   111.658   111.586  7 55137.77491072 49.037
  50 238.165798  61.998644   110.916   110.920  7 55147.69054919 46.980
  51 238.163320  61.999943   110.960   110.961  7 55157.60618705 44.956
  52 238.162204  62.001054   112.144   112.217  7 55167.52182486 27.491
  53 238.162397  62.000932   112.580   112.558  7 55177.43746209 23.181
  54 238.164503  62.000554   112.566   112.497  7 55187.35310600 17.924
  55 238.164721  62.001291   112.553   112.530  7 55197.26875695 15.561
  56 238.160451  62.002168   112.393   112.384  7 55207.18440646 14.358
  57 238.155546  62.003052   112.113   112.112  8 55217.10005538 14.470
  58 238.153585  62.003165   112.370   111.979  8 55227.01570387 14.605
  59 238.157545  62.002466   111.813   111.839  7 55236.93135014 14.804
  60 238.164315  62.001117   112.334   111.791  7 55246.84699312 13.808
  61 238.165466  61.999378   111.774   111.734  8 55256.76263292 13.778
  62 238.163349  61.999405   111.579   111.560  7 55266.67827151 13.848
  63 238.159604  62.000438   111.589   111.621  7 55276.59390936 13.056
  64 238.162410  62.001827   111.631   111.591  7 55286.50954677 13.783
  65 238.162506  61.999751   174.403   174.622  5 55296.42518136  0.618
  66 238.169722  61.998929   172.944   172.980  7 55306.34082219 12.175
  67 238.169881  61.998044   171.888   174.374  8 55316.25646887 20.828
  68 238.168115  61.998921   166.313   170.270  8 55326.17211428 24.888
  69 238.163464  62.000228   162.974   155.711  6 55336.08775845 26.197
  70 238.158708  62.000873   179.219   177.600  7 55346.00340210 21.967
  71 238.161494  62.001953   183.244   182.580  7 55355.91904530 29.661
  72 238.163151  62.001837   172.153   172.083  7 55365.83468622 12.626
  73 238.162988  62.001187   159.526   157.525  7 55375.75032537 26.914
  74 238.163911  62.001653   182.050   181.950  7 55385.66596368 28.294
  75 238.161292  62.001269   163.041   158.856  7 55395.58160065 28.436
  76 238.160960  62.000890   162.223   157.991  7 55405.49724074 26.723
  77 238.162711  62.000661   166.889   167.660  7 55415.41289219 28.614
  78 238.165855  61.999672   161.770   158.245  7 55425.32854049 27.242
  79 238.169330  61.999325   170.811   172.537  7 55435.24418630 13.951
  80 238.168063  61.999721   173.073   173.193  7 55445.15983046 21.859
  81 238.160908  61.999690   178.808   178.516  7 55455.07547316 28.590
  82 238.161451  62.001321   172.991   172.952  7 55464.99111603 18.106
  83 238.161841  62.000380   173.203   173.250  7 55474.90675580 16.810
  84 238.167573  61.999297   164.612   164.147  8 55484.82239299 14.461
  85 238.169695  61.997680   162.414   159.027  8 55494.73802764 23.705
  86 238.170727  61.998201   111.137   111.112  8 55504.65366140 51.870
  87 238.163718  61.999316   110.778   110.778  7 55514.56931063 46.515
  88 238.159360  62.000696   172.053   171.880  7 55524.48495992 19.910
  89 238.158941  62.001618   111.407   111.392  7 55534.40060767 29.528
  90 238.160631  62.001880   111.551   111.503  7 55544.31625365 23.423
  91 238.160578  62.001847   111.336   111.347  7 55554.23189758 20.516
  92 238.160038  62.002413   111.005   111.000  7 55564.14754056 21.203
  93 238.158722  62.002276   110.917   110.907  8 55574.06318283 21.112
  94 238.162145  62.002149   110.677   110.718  7 55583.97882410 20.330
  95 238.164914  62.000619   113.519   110.559  7 55593.89446172 15.960
  96 238.168509  61.999181   113.500   110.603  7 55603.81009606 15.360
  97 238.171851  61.998739   116.069   110.397  8 55613.72572834 14.865
  98 238.169277  61.998276   131.594   134.753  8 55623.64136534 11.293
  99 238.165578  61.999304   127.694   126.696  8 55633.55701772 11.108
 100 238.163506  61.999648   131.291   133.827  7 55643.47266791 10.659
 101 238.164570  61.999682   125.003   128.138  7 55653.38831549  7.832
 103 238.169042  61.999451   110.483   110.462  7 55673.21959921  7.628
 104 238.166135  61.999344   110.865   110.922  8 55683.13523772 24.092
 105 238.163046  61.999623   174.153   174.421  7 55693.05087490 22.253
 106 238.164312  62.000582   162.873   165.966  7 55702.96651102 25.688
 107 238.162026  62.000369   178.958   179.477  7 55712.88215483 27.795
 108 238.163978  62.001661   172.557   172.637  7 55722.79780456 15.056
 109 238.160221  62.001369   180.685   180.420  7 55732.71345154 26.927
 110 238.158080  62.001298   173.021   172.952  7 55742.62909739 14.034
 111 238.159992  62.001699   179.889   177.617  7 55752.54474230 24.870
 112 238.160437  62.000317   172.589   172.542  7 55762.46038457 14.259
 113 238.162593  61.998975   172.914   172.846  7 55772.37602420 13.009
 114 238.169150  61.999108   165.392   167.504  8 55782.29166092 23.322
 115 238.170136  61.998898   173.575   173.557  8 55792.20729458 16.413
 116 238.168377  61.998510   172.397   172.550  7 55802.12292806 17.796
 117 238.165134  61.999037   173.023   172.970  7 55812.03857800 14.590
 118 238.163770  61.998843   172.871   172.890  7 55821.95422644 14.931
 119 238.167902  61.999102   173.072   173.259  7 55831.86987063 16.375
 120 238.170849  61.998872   177.001   178.482  8 55841.78551011 27.875
 121 238.169722  61.998516   164.658   160.506  8 55851.70114606 26.975
 122 238.166178  61.998598   172.241   172.620  7 55861.61677967 12.928
 123 238.161942  62.000023   168.894   170.404  7 55871.53243318 21.474
 133 238.166385  61.999834   122.629   121.649  7 55970.68887318 10.640
 134 238.164177  62.000190   127.874   133.384  7 55980.60450910 10.551
 135 238.163625  61.999179   124.893   123.199  7 55990.52014395 10.529
 136 238.167322  61.999116   154.415   154.283  8 56000.43578879  6.764
 137 238.169793  61.999112   120.147   123.652  7 56010.35143943  9.599
 138 238.167155  61.998757   153.219   153.385  7 56020.26708562  8.166
 141 238.161201  62.001669   173.413   173.579  7 56050.01401030 18.346
 142 238.159367  62.000558   172.380   173.996  7 56059.92964697 21.442
 143 238.164495  62.000299   169.607   168.524  7 56069.84528326 26.669
 144 238.163560  62.000784   181.400   180.954  7 56079.76093423 28.879
 145 238.161953  62.001790   167.620   163.907  7 56089.67658241 24.095
 146 238.158918  62.002177   167.428   161.012  7 56099.59222788 26.847
 147 238.159300  62.001622   170.472   172.662  7 56109.50785952 14.827
 148 238.162766  61.999873   172.488   172.416  7 56119.42349988 13.810
 149 238.170445  61.998825   166.975   166.066  8 56129.33913707 20.041
 150 238.172849  61.997980   170.945   172.266  8 56139.25477059 10.030
 151 238.167164  61.998879   172.385   172.443  8 56149.17041934 12.310
 152 238.160865  61.999846   178.707   178.700  7 56159.08606805 27.774
 153 238.160902  62.000665   172.529   172.535  7 56169.00171608 13.790
 154 238.164444  62.000052   172.377   172.379  7 56178.91736106 13.459
 155 238.167742  61.998909   172.513   172.692  7 56188.83300162 13.770
 156 238.168553  61.998530   171.260   172.581  8 56198.74863872 14.129
 157 238.167210  61.999552   172.132   172.308  7 56208.66427294 13.960
 158 238.161506  61.999722   167.002   166.151  7 56218.57990491 27.516
 159 238.163302  62.001877   111.355   111.338  7 56228.49555126 51.156
 160 238.160493  62.001148   110.841   110.850  7 56238.41120486 44.539
 161 238.163491  62.001450   110.728   110.649  7 56248.32685526 43.411
 162 238.162109  62.000731   111.238   111.227  7 56258.24250025 20.909
 163 238.162198  62.001716   111.916   112.000  7 56268.15814251 22.164
 164 238.161206  62.002146   112.302   112.308  7 56278.07378295 21.117
 165 238.159602  62.001869   112.290   112.315  7 56287.98943180 18.506
 166 238.162601  62.000732   112.148   112.126  7 56297.90508108 16.692
 167 238.166061  61.999360   111.968   111.935  7 56307.82072643 16.159
 168 238.168282  61.999236   111.748   111.748  8 56317.73636905 13.432
 169 238.165183  62.000161   111.640   111.691  7 56327.65200987 13.870
 170 238.163979  62.001658   111.244   111.198  7 56337.56764988 16.395
 171 238.160621  62.000578   111.140   111.123  7 56347.48328762 16.742
 172 238.164172  61.999115   111.093   111.055  7 56357.39892331 17.164
 173 238.168623  61.999135   111.255   111.247  8 56367.31457246 15.610
 176 238.158601  62.002314   121.858   111.248  8 56397.06150941 11.657
 177 238.157397  62.002921   171.505   171.456  7 56406.97715067  4.621
 178 238.158758  62.001969   170.713   170.759  7 56416.89278826  9.989
 179 238.163537  62.000508   173.812   173.610  7 56426.80842135 21.041
 180 238.164834  62.000927   164.738   161.733  7 56436.72407282 28.716
 181 238.159696  62.000939   171.199   172.605  7 56446.63972393 20.265
 182 238.158522  62.002209   165.665   164.325  7 56456.55537321 27.923
 183 238.158561  62.002124   183.987   184.251  7 56466.47101928 24.939
 184 238.160731  62.000641   163.351   160.594  7 56476.38666145 26.588
 185 238.166419  61.999333   170.249   170.204  7 56486.30230039 12.579
 187 238.168612  61.999232   170.281   170.528  8 56506.13357094 17.428
 188 238.165060  61.999313   171.386   173.751  7 56516.04920448 20.395
 189 238.161093  61.999755   173.096   172.826  7 56525.96485891 14.910
 190 238.164075  62.000146   160.164   156.692  7 56535.88050990 24.172
 192 238.163523  61.999382   176.249   177.273  7 56555.71180070 23.321
 193 238.159746  62.000179   170.633   172.603  7 56565.62744317 16.224
 194 238.159543  62.002273   172.494   172.588  7 56575.54308472 14.661
 195 238.159272  62.002634   170.520   172.156  7 56585.45872295 15.386
 196 238.159238  62.001076   161.293   159.469  7 56595.37435978 28.048
 197 238.158928  62.000526   111.287   111.290  7 56605.29001228 47.558
 198 238.163910  62.001647   175.375   176.985  7 56615.20566068 19.550
 199 238.160896  62.001018   173.436   171.847  7 56625.12130451 11.679
 200 238.161702  62.001389   112.258   112.359  7 56635.03694606 28.847
 201 238.161297  62.000350   112.398   112.343  7 56644.95258398 25.041
 202 238.162672  62.000235   111.952   111.962  7 56654.86823693 21.363
 203 238.162858  61.999149   120.709   122.049  7 56664.78388534 15.852
 205 238.164541  62.000501   114.502   111.731  7 56684.61517598 16.963
 206 238.160780  62.000610   111.388   111.376  7 56694.53081814 17.610
 207 238.164185  62.001408   114.102   111.240  7 56704.44645659 17.076
 208 238.165546  61.999954   117.062   111.228  7 56714.36208923 16.163
 209 238.165370  62.000095   170.050   170.135  7 56724.27773983  5.978
 210 238.161813  62.000408   111.012   111.036  7 56734.19338976 15.553
 211 238.157317  62.001383   111.083   111.093  7 56744.10903636 16.326
 212 238.156300  62.002461   111.023   111.014  7 56754.02467902 15.147
 214 238.161134  62.001442   170.644   170.553  7 56773.85595146 12.122
 215 238.160196  62.001687   171.410   172.837  7 56783.77160868 17.230
 216 238.158108  62.001885   165.041   159.953  8 56793.68726208 25.217
 217 238.156251  62.002179   173.538   173.687  7 56803.60291237 17.098
 218 238.156715  62.001739   164.264   161.370  7 56813.51855513 28.160
 219 238.159705  62.001033   170.655   172.838  7 56823.43419459 13.870
 220 238.163387  62.000034   164.001   160.774  7 56833.34982998 29.612
 221 238.165143  61.998742   179.316   178.683  7 56843.26546177 28.551
 222 238.165590  61.999071   181.957   179.013  7 56853.18110339 18.024
 223 238.164974  62.000643   163.983   158.088  7 56863.09675761 29.140
 224 238.162045  62.001153   160.597   156.180  7 56873.01241097 23.112
 225 238.159985  62.000980   172.704   172.769  7 56882.92806118 12.444
 226 238.161991  62.001582   172.181   172.105  7 56892.84370836 12.144
 227 238.158687  62.000984   160.759   158.872  7 56902.75935173 29.268
 228 238.159129  62.002564   170.410   167.208  7 56912.67499369 19.751
 229 238.157382  62.003040   179.695   179.977  8 56922.59063363 20.474
 230 238.156316  62.002637   172.518   172.605  7 56932.50627120 11.808
 231 238.158531  62.001496   172.462   172.462  7 56942.42190372 11.921
 232 238.159639  62.000609   163.332   166.762  7 56952.33754741 20.543
 233 238.159855  62.000876   110.689   110.651  7 56962.25319829 22.240
 234 238.161241  62.001968   109.964   110.056  7 56972.16884455 40.873
 235 238.159175  62.001465   109.683   109.670  7 56982.08448619 42.847
 236 238.161024  62.000635   112.244   112.251  7 56992.00012367 31.660
 237 238.164393  61.998773   111.935   111.928  7 57001.91575710 25.887
 238 238.168157  61.999855   112.117   112.130  7 57011.83141499 24.243
 239 238.164283  61.999280   111.819   111.829  7 57021.74706617 22.006
 240 238.162580  62.000498   111.643   111.594  7 57031.66271485 20.002
 241 238.160093  62.001056   111.580   111.563  7 57041.57836134 17.195
 242 238.158557  62.000797   114.286   111.460  7 57051.49400569 16.102
 243 238.163395  62.000802   111.175   111.218  7 57061.40964644 16.502
 244 238.162347  61.999129   111.272   111.240  7 57071.32528099 15.355
 245 238.165376  61.999750   110.987   111.042  7 57081.24091200 15.758
 246 238.163930  62.001433   111.227   111.214  7 57091.15655490 13.193
 247 238.157484  62.002734   118.378   111.117  8 57101.07221208 11.837
 249 238.158500  62.002359   174.306   174.173  8 57120.90351520  2.495
 250 238.159510  62.000823   170.501   170.565  7 57130.81915804 10.122
