# NaN NaN NaN ;Mean Elev.(m), Avg Gradient(m/km), RMS Gradient(m/km) - SRTM1     
#   17.277  -2.067   3.485 ;Mean Elev.(m), Avg Gradient(m/km), RMS Gradient(m/km) - ASTER GDEM
#   40.082  -2.872   7.414 ;Mean Elev.(m), Avg Gradient(m/km), RMS Gradient(m/km) - GMTED2010 
   1    81.145 54667.91829410 18.31 231.178771  65.686565 17.681 -100.00 -100.00 -100.00
   1    81.788 54667.91829469  7.34 231.185021  65.686055  4.216 -100.00 -100.00 -100.00
   1    82.036 54667.91829528 13.79 231.191270  65.685545 14.592 -100.00 -100.00 -100.00
   1    94.203 54667.91829587 18.65 231.197519  65.685034 12.195 -100.00 -100.00 -100.00
   1    82.260 54667.91829646 18.63 231.203768  65.684523 17.195 -100.00 -100.00 -100.00
   2    77.917 54677.83393866  5.54 231.181226  65.687152  4.262 -100.00 -100.00 -100.00
   2    77.506 54677.83393925  6.04 231.187476  65.686642  4.010 -100.00 -100.00 -100.00
   2    74.641 54677.83393985  6.55 231.193726  65.686131  4.320 -100.00 -100.00 -100.00
   2    69.792 54677.83394044  6.95 231.199975  65.685621  4.213 -100.00 -100.00 -100.00
   2    72.390 54677.83394103  8.25 231.206224  65.685110  4.650 -100.00 -100.00 -100.00
   3    -8.457 54687.74958134 13.28 231.177495  65.689237  4.523 -100.00 -100.00 -100.00
   3    -7.398 54687.74958193 14.93 231.183745  65.688727  5.170 -100.00 -100.00 -100.00
   3    -6.003 54687.74958252 14.18 231.189996  65.688217  3.547 -100.00 -100.00 -100.00
   3    -4.688 54687.74958311 14.82 231.196245  65.687706  3.440 -100.00 -100.00 -100.00
   3    -3.332 54687.74958370 14.24 231.202495  65.687196  3.657 -100.00 -100.00 -100.00
   4    77.918 54697.66522248  5.63 231.176883  65.690602  5.198 -100.00 -100.00 -100.00
   4    79.857 54697.66522307  5.00 231.183134  65.690092  4.410 -100.00 -100.00 -100.00
   4    81.840 54697.66522366  6.60 231.189384  65.689582  5.651 -100.00 -100.00 -100.00
   4    83.246 54697.66522425 15.54 231.195634  65.689071 12.579 -100.00 -100.00 -100.00
   4    82.398 54697.66522484  5.50 231.201884  65.688561  4.604 -100.00 -100.00 -100.00
   4    70.150 54697.66522543  6.07 231.208134  65.688050  5.704 -100.00 -100.00 -100.00
   5    -2.854 54707.58086420 10.92 231.175824  65.690009  4.430 -100.00 -100.00 -100.00
   5   -32.703 54707.58086479 18.62 231.182075  65.689499 16.043 -100.00 -100.00 -100.00
   5    -0.757 54707.58086538 12.51 231.188325  65.688989  5.117 -100.00 -100.00 -100.00
   5     0.311 54707.58086597 13.33 231.194575  65.688479  5.556 -100.00 -100.00 -100.00
   5     1.188 54707.58086656 13.25 231.200824  65.687969  5.261 -100.00 -100.00 -100.00
   5     1.988 54707.58086715 14.02 231.207074  65.687458  5.497 -100.00 -100.00 -100.00
   6    80.407 54717.49651677 12.37 231.181927  65.686978 16.262 -100.00 -100.00 -100.00
   6    83.546 54717.49651736  5.37 231.188176  65.686468  6.508 -100.00 -100.00 -100.00
   6    79.262 54717.49651795  5.53 231.194425  65.685958  4.706 -100.00 -100.00 -100.00
   6    83.287 54717.49651854 11.29 231.200674  65.685447  8.899 -100.00 -100.00 -100.00
   7     6.646 54727.41216579 23.20 231.177298  65.684702 14.129 -100.00 -100.00 -100.00
   7   -16.269 54727.41216638 26.61 231.183547  65.684192 17.262 -100.00 -100.00 -100.00
   7   -14.638 54727.41216697 27.88 231.189795  65.683681 17.295 -100.00 -100.00 -100.00
   7   -10.254 54727.41216756 28.05 231.196044  65.683171   -100 -100.00 -100.00 -100.00
   7    11.930 54727.41216815 17.93 231.202292  65.682660  4.741 -100.00 -100.00 -100.00
   8    85.807 54737.32781375  5.57 231.179781  65.683601  4.785 -100.00 -100.00 -100.00
   8    85.034 54737.32781434  5.37 231.186029  65.683091  3.925 -100.00 -100.00 -100.00
   8    81.789 54737.32781493  4.94 231.192278  65.682581  3.813 -100.00 -100.00 -100.00
   8    80.468 54737.32781552  5.18 231.198526  65.682070  3.958 -100.00 -100.00 -100.00
   8    81.626 54737.32781611  5.92 231.204773  65.681559  4.570 -100.00 -100.00 -100.00
   9    80.691 54747.24346124 25.67 231.182357  65.684447 25.953 -100.00 -100.00 -100.00
   9    83.173 54747.24346183 21.82 231.188605  65.683937 14.711 -100.00 -100.00 -100.00
   9    80.660 54747.24346242 11.73 231.194854  65.683426  8.064 -100.00 -100.00 -100.00
   9    92.770 54747.24346301 14.39 231.201102  65.682915 11.994 -100.00 -100.00 -100.00
  10    71.317 54757.15910761 15.12 231.177553  65.686241  8.480 -100.00 -100.00 -100.00
  10    70.445 54757.15910820 16.71 231.183802  65.685731 11.148 -100.00 -100.00 -100.00
  10    69.903 54757.15910879 17.45 231.190052  65.685221  9.774 -100.00 -100.00 -100.00
  10    63.852 54757.15910938 18.10 231.196301  65.684710  8.369 -100.00 -100.00 -100.00
  10    64.513 54757.15910997 20.02 231.202549  65.684199 12.974 -100.00 -100.00 -100.00
  11    80.256 54767.07475298 24.51 231.182085  65.686052 22.485 -100.00 -100.00 -100.00
  11    78.834 54767.07475357 24.76 231.188334  65.685541 17.613 -100.00 -100.00 -100.00
  11    78.891 54767.07475416 26.57 231.194584  65.685030 23.118 -100.00 -100.00 -100.00
  11    79.239 54767.07475475 29.93 231.200833  65.684519 21.912 -100.00 -100.00 -100.00
  12    79.418 54776.99039445 14.26 231.178747  65.684788  6.949 -100.00 -100.00 -100.00
  12    79.184 54776.99039504 18.28 231.184996  65.684277 10.380 -100.00 -100.00 -100.00
  12    79.254 54776.99039563 18.95 231.191246  65.683767 11.167 -100.00 -100.00 -100.00
  12    78.711 54776.99039622 12.84 231.197495  65.683256  6.880 -100.00 -100.00 -100.00
  12    69.117 54776.99039682 14.07 231.203744  65.682745  8.911 -100.00 -100.00 -100.00
  13    88.528 54786.90603424 19.66 231.182884  65.682779 11.010 -100.00 -100.00 -100.00
  13    87.845 54786.90603484 23.70 231.189133  65.682268 12.926 -100.00 -100.00 -100.00
  13    76.274 54786.90603543 14.18 231.195382  65.681758 10.836 -100.00 -100.00 -100.00
  13    80.068 54786.90603602 13.88 231.201631  65.681247  9.043 -100.00 -100.00 -100.00
  14    88.893 54796.82167249 20.72 231.182890  65.682648 14.172 -100.00 -100.00 -100.00
  14    89.236 54796.82167308 20.81 231.189139  65.682138 12.588 -100.00 -100.00 -100.00
  14    84.279 54796.82167367 11.51 231.195388  65.681627  6.118 -100.00 -100.00 -100.00
  14    75.710 54796.82167426 11.75 231.201637  65.681116  7.022 -100.00 -100.00 -100.00
  17    58.120 54826.56859587 13.28 231.181026  65.687782  5.976 -100.00 -100.00 -100.00
  17    59.533 54826.56859646 12.56 231.187276  65.687272  4.614 -100.00 -100.00 -100.00
  17    31.874 54826.56859705 20.78 231.193526  65.686762 16.890 -100.00 -100.00 -100.00
  17    31.946 54826.56859764 21.39 231.199775  65.686252 14.937 -100.00 -100.00 -100.00
  17    31.905 54826.56859823 22.84 231.206025  65.685741 16.933 -100.00 -100.00 -100.00
  18    77.249 54836.48423515 10.88 231.180972  65.687031  4.084 -100.00 -100.00 -100.00
  18    69.347 54836.48423574 12.63 231.187222  65.686520  5.803 -100.00 -100.00 -100.00
  18    74.907 54836.48423634 11.42 231.193471  65.686010  4.154 -100.00 -100.00 -100.00
  18    31.790 54836.48423693 21.00 231.199720  65.685499 16.315 -100.00 -100.00 -100.00
  18    31.901 54836.48423752 20.72 231.205969  65.684988 13.185 -100.00 -100.00 -100.00
  19    77.275 54846.39988458 10.32 231.179474  65.686762  4.813 -100.00 -100.00 -100.00
  19    58.598 54846.39988517 12.23 231.185724  65.686252  6.597 -100.00 -100.00 -100.00
  19    75.292 54846.39988576 11.33 231.191973  65.685741  4.791 -100.00 -100.00 -100.00
  19    31.650 54846.39988635 19.28 231.198222  65.685230 15.665 -100.00 -100.00 -100.00
  19    31.682 54846.39988694 19.23 231.204470  65.684719 12.168 -100.00 -100.00 -100.00
  20    76.962 54856.31553335 10.67 231.178512  65.687196  4.390 -100.00 -100.00 -100.00
  20    69.025 54856.31553394 11.08 231.184762  65.686686  4.346 -100.00 -100.00 -100.00
  20    58.633 54856.31553453 12.46 231.191011  65.686175  6.768 -100.00 -100.00 -100.00
  20    31.700 54856.31553512 18.21 231.197260  65.685664 12.346 -100.00 -100.00 -100.00
  20    32.244 54856.31553571 17.60 231.203509  65.685153 10.167 -100.00 -100.00 -100.00
  21    76.233 54866.23118225 10.40 231.179534  65.688249  5.783 -100.00 -100.00 -100.00
  21    74.859 54866.23118284 10.16 231.185784  65.687738  4.313 -100.00 -100.00 -100.00
  21    74.259 54866.23118343 11.19 231.192034  65.687227  5.874 -100.00 -100.00 -100.00
  21    62.604 54866.23118402 10.81 231.198283  65.686716  4.527 -100.00 -100.00 -100.00
  21    44.229 54866.23118461 15.13 231.204532  65.686205  9.694 -100.00 -100.00 -100.00
  22    70.490 54876.14683045  9.93 231.178309  65.688633  5.981 -100.00 -100.00 -100.00
  22    69.918 54876.14683104  9.92 231.184559  65.688123  5.869 -100.00 -100.00 -100.00
  22    74.696 54876.14683163  9.00 231.190809  65.687612  4.452 -100.00 -100.00 -100.00
  22    67.578 54876.14683222 10.64 231.197058  65.687101  5.447 -100.00 -100.00 -100.00
  22    67.924 54876.14683281  9.90 231.203308  65.686590  4.324 -100.00 -100.00 -100.00
  23    76.648 54886.06247608  8.92 231.179994  65.687626  4.662 -100.00 -100.00 -100.00
  23    75.912 54886.06247667  8.16 231.186244  65.687116  3.894 -100.00 -100.00 -100.00
  23    74.175 54886.06247726  9.44 231.192494  65.686605  4.987 -100.00 -100.00 -100.00
  23    69.156 54886.06247785  9.61 231.198743  65.686094  5.468 -100.00 -100.00 -100.00
  23    72.133 54886.06247844  9.15 231.204992  65.685583  4.392 -100.00 -100.00 -100.00
  24    76.945 54895.97811842  9.07 231.182710  65.685290  5.710 -100.00 -100.00 -100.00
  24    75.847 54895.97811901  9.10 231.188960  65.684779  5.318 -100.00 -100.00 -100.00
  24    75.024 54895.97811960  9.84 231.195209  65.684268  5.963 -100.00 -100.00 -100.00
  24    73.231 54895.97812019  9.55 231.201458  65.683757  5.620 -100.00 -100.00 -100.00
  25    78.399 54905.89375757  8.30 231.179663  65.683732  4.857 -100.00 -100.00 -100.00
  25    78.898 54905.89375816  8.36 231.185913  65.683222  4.809 -100.00 -100.00 -100.00
  25    76.266 54905.89375875  7.63 231.192162  65.682711  3.852 -100.00 -100.00 -100.00
  25    75.250 54905.89375934  9.00 231.198410  65.682200  6.215 -100.00 -100.00 -100.00
  25    74.911 54905.89375993  7.67 231.204659  65.681688  4.184 -100.00 -100.00 -100.00
  26    79.484 54915.80939610  8.50 231.182626  65.683236  5.855 -100.00 -100.00 -100.00
  26    78.693 54915.80939669  7.73 231.188874  65.682726  5.357 -100.00 -100.00 -100.00
  26    75.739 54915.80939728  8.41 231.195123  65.682215  5.480 -100.00 -100.00 -100.00
  26    74.929 54915.80939787  7.70 231.201372  65.681704  4.542 -100.00 -100.00 -100.00
  27    80.185 54925.72503365  6.81 231.178246  65.684631  4.301 -100.00 -100.00 -100.00
  27    79.205 54925.72503424  7.20 231.184495  65.684120  5.387 -100.00 -100.00 -100.00
  27    77.734 54925.72503483  7.34 231.190744  65.683610  5.052 -100.00 -100.00 -100.00
  27    76.857 54925.72503542  7.01 231.196993  65.683099  4.898 -100.00 -100.00 -100.00
  27    69.851 54925.72503601  9.57 231.203241  65.682588  8.476 -100.00 -100.00 -100.00
  28    74.186 54935.64067118  7.29 231.180950  65.685581  4.795 -100.00 -100.00 -100.00
  28    77.752 54935.64067177  6.96 231.187199  65.685071  4.788 -100.00 -100.00 -100.00
  28    74.770 54935.64067236  8.55 231.193448  65.684560  6.136 -100.00 -100.00 -100.00
  28    75.217 54935.64067295  7.91 231.199696  65.684050  5.430 -100.00 -100.00 -100.00
  29    77.431 54945.55630644  5.74 231.179638  65.686011  3.732 -100.00 -100.00 -100.00
  29    78.378 54945.55630703  5.73 231.185888  65.685501  3.663 -100.00 -100.00 -100.00
  29    77.116 54945.55630762  5.81 231.192136  65.684991  4.034 -100.00 -100.00 -100.00
  29    76.285 54945.55630821  6.43 231.198385  65.684480  4.612 -100.00 -100.00 -100.00
  29    74.374 54945.55630880  6.31 231.204634  65.683970  4.351 -100.00 -100.00 -100.00
  30    83.160 54955.47193934 11.95 231.179616  65.685109  6.620 -100.00 -100.00 -100.00
  30    81.887 54955.47193993 11.88 231.185865  65.684599  4.954 -100.00 -100.00 -100.00
  30    80.479 54955.47194052 11.60 231.192113  65.684089  4.686 -100.00 -100.00 -100.00
  30    79.892 54955.47194111 11.53 231.198362  65.683579  4.619 -100.00 -100.00 -100.00
  30    77.926 54955.47194170 11.88 231.204610  65.683068  4.869 -100.00 -100.00 -100.00
  31    85.390 54965.38758725 10.18 231.183697  65.683350  3.247 -100.00 -100.00 -100.00
  31    84.646 54965.38758784 11.08 231.189946  65.682840  4.118 -100.00 -100.00 -100.00
  31    84.209 54965.38758843 11.06 231.196194  65.682330  3.971 -100.00 -100.00 -100.00
  31    85.118 54965.38758902 11.06 231.202441  65.681819  4.530 -100.00 -100.00 -100.00
  32    82.079 54975.30323479 18.44 231.179358  65.683531 10.828 -100.00 -100.00 -100.00
  32    83.683 54975.30323538 16.63 231.185607  65.683021 12.337 -100.00 -100.00 -100.00
  32    84.279 54975.30323597  8.80 231.191855  65.682511  4.652 -100.00 -100.00 -100.00
  32    83.816 54975.30323656 11.69 231.198102  65.682000  8.011 -100.00 -100.00 -100.00
  32    85.745 54975.30323715 20.13 231.204350  65.681489 16.400 -100.00 -100.00 -100.00
  33    79.034 54985.21888232 22.26 231.178286  65.684949 20.341 -100.00 -100.00 -100.00
  33    80.922 54985.21888291 16.52 231.184535  65.684439 15.235 -100.00 -100.00 -100.00
  33    80.103 54985.21888351  9.26 231.190784  65.683928  5.192 -100.00 -100.00 -100.00
  33    70.347 54985.21888410 10.14 231.197032  65.683418  5.691 -100.00 -100.00 -100.00
  33    82.567 54985.21888469  9.45 231.203280  65.682907  4.907 -100.00 -100.00 -100.00
  34    32.766 54995.13452984 34.24 231.177318  65.686622 27.927 -100.00 -100.00 -100.00
  34    32.888 54995.13453043 31.55 231.183567  65.686112 16.461 -100.00 -100.00 -100.00
  34    32.759 54995.13453102 29.61 231.189816  65.685602 13.482 -100.00 -100.00 -100.00
  34    32.913 54995.13453161 33.82 231.196065  65.685092 24.564 -100.00 -100.00 -100.00
  34    32.778 54995.13453220 38.31 231.202314  65.684581   -100 -100.00 -100.00 -100.00
  35    83.950 55005.05017597  6.85 231.176868  65.687494  4.635 -100.00 -100.00 -100.00
  35    83.921 55005.05017656  6.64 231.183118  65.686984  4.097 -100.00 -100.00 -100.00
  35    79.732 55005.05017715  6.56 231.189367  65.686474  4.247 -100.00 -100.00 -100.00
  35    79.166 55005.05017774  6.78 231.195616  65.685963  4.552 -100.00 -100.00 -100.00
  35    76.693 55005.05017833  6.84 231.201865  65.685453  4.632 -100.00 -100.00 -100.00
  36    82.563 55014.96582047  8.85 231.181595  65.687092  4.452 -100.00 -100.00 -100.00
  36    85.165 55014.96582106  8.78 231.187844  65.686582  5.470 -100.00 -100.00 -100.00
  36    81.815 55014.96582165  8.45 231.194094  65.686071  4.891 -100.00 -100.00 -100.00
  36    86.128 55014.96582224 21.75 231.200343  65.685561 12.278 -100.00 -100.00 -100.00
  37    80.405 55024.88146268 21.80 231.176707  65.687331 14.052 -100.00 -100.00 -100.00
  37    79.815 55024.88146327 22.74 231.182957  65.686821 18.919 -100.00 -100.00 -100.00
  37    81.696 55024.88146386 28.76 231.189206  65.686311   -100 -100.00 -100.00 -100.00
  37    81.696 55024.88146445 30.40 231.195456  65.685800   -100 -100.00 -100.00 -100.00
  37    79.637 55024.88146504 32.73 231.201705  65.685289 10.507 -100.00 -100.00 -100.00
  38    79.599 55034.79710510 23.95 231.179741  65.687730 16.568 -100.00 -100.00 -100.00
  38    79.848 55034.79710569 11.80 231.185991  65.687219  7.420 -100.00 -100.00 -100.00
  38    81.093 55034.79710628 15.04 231.192241  65.686709 14.629 -100.00 -100.00 -100.00
  38    82.003 55034.79710687 26.13 231.198490  65.686198 14.516 -100.00 -100.00 -100.00
  38    97.188 55034.79710746 22.91 231.204740  65.685687 11.384 -100.00 -100.00 -100.00
  39    82.383 55044.71274651  6.42 231.179776  65.688478  4.611 -100.00 -100.00 -100.00
  39    81.633 55044.71274710  5.92 231.186026  65.687968  4.258 -100.00 -100.00 -100.00
  39    79.203 55044.71274769  7.22 231.192275  65.687458  6.117 -100.00 -100.00 -100.00
  39    78.046 55044.71274828  7.61 231.198525  65.686947  5.913 -100.00 -100.00 -100.00
  39    77.097 55044.71274887  7.54 231.204774  65.686436  4.451 -100.00 -100.00 -100.00
  40    74.064 55054.62838603 21.04 231.177517  65.688687 24.608 -100.00 -100.00 -100.00
  40    76.597 55054.62838662  9.47 231.183767  65.688177  8.620 -100.00 -100.00 -100.00
  40    79.183 55054.62838721  8.91 231.190017  65.687667  5.933 -100.00 -100.00 -100.00
  40    78.791 55054.62838780  7.87 231.196267  65.687157  4.562 -100.00 -100.00 -100.00
  40    73.005 55054.62838839  8.15 231.202516  65.686646  4.974 -100.00 -100.00 -100.00
  41    85.210 55064.54402341  5.98 231.175910  65.687471  4.191 -100.00 -100.00 -100.00
  41    84.142 55064.54402400  7.05 231.182159  65.686961  5.119 -100.00 -100.00 -100.00
  41    81.316 55064.54402459  6.69 231.188409  65.686451  4.476 -100.00 -100.00 -100.00
  41    79.653 55064.54402518  7.53 231.194658  65.685941  4.750 -100.00 -100.00 -100.00
  41    78.588 55064.54402577  7.06 231.200907  65.685430  4.428 -100.00 -100.00 -100.00
  42    79.332 55074.45967083 10.97 231.180464  65.685292  7.361 -100.00 -100.00 -100.00
  42    80.762 55074.45967143  9.38 231.186713  65.684782  6.221 -100.00 -100.00 -100.00
  42    79.815 55074.45967202  9.04 231.192962  65.684272  5.574 -100.00 -100.00 -100.00
  42    78.347 55074.45967261  9.45 231.199210  65.683762  5.089 -100.00 -100.00 -100.00
  42    74.257 55074.45967320  9.01 231.205458  65.683251  4.523 -100.00 -100.00 -100.00
  43    84.822 55084.37531862  6.08 231.178168  65.684273  5.204 -100.00 -100.00 -100.00
  43    83.453 55084.37531921  6.20 231.184416  65.683763  4.569 -100.00 -100.00 -100.00
  43    78.671 55084.37531980  8.09 231.190664  65.683253  7.258 -100.00 -100.00 -100.00
  43    80.586 55084.37532039  7.17 231.196913  65.682742  5.005 -100.00 -100.00 -100.00
  43    79.803 55084.37532098  7.20 231.203160  65.682231  4.483 -100.00 -100.00 -100.00
  44    85.419 55094.29096501  9.11 231.178768  65.684333  4.617 -100.00 -100.00 -100.00
  44    84.386 55094.29096560  9.45 231.185017  65.683823  4.865 -100.00 -100.00 -100.00
  44    83.617 55094.29096619  9.25 231.191265  65.683312  4.767 -100.00 -100.00 -100.00
  44    83.013 55094.29096678  9.43 231.197513  65.682801  4.438 -100.00 -100.00 -100.00
  44    78.917 55094.29096737  9.11 231.203761  65.682290  4.032 -100.00 -100.00 -100.00
  45    85.513 55104.20661103  6.85 231.177227  65.684997  3.187 -100.00 -100.00 -100.00
  45    85.306 55104.20661162  6.88 231.183477  65.684487  3.195 -100.00 -100.00 -100.00
  45    83.557 55104.20661221  6.48 231.189725  65.683976  3.234 -100.00 -100.00 -100.00
  45    82.754 55104.20661280  6.78 231.195974  65.683465  3.745 -100.00 -100.00 -100.00
  45    83.024 55104.20661339  6.81 231.202222  65.682954  4.014 -100.00 -100.00 -100.00
  46    71.718 55114.12225722 11.50 231.179662  65.685135  5.120 -100.00 -100.00 -100.00
  46    71.006 55114.12225781 11.91 231.185911  65.684625  5.237 -100.00 -100.00 -100.00
  46    70.380 55114.12225840 13.00 231.192160  65.684114  8.207 -100.00 -100.00 -100.00
  46    69.580 55114.12225899 14.72 231.198409  65.683603  7.957 -100.00 -100.00 -100.00
  46    68.663 55114.12225958 15.38 231.204658  65.683092  7.391 -100.00 -100.00 -100.00
  47    79.170 55124.03790099 21.98 231.182238  65.684503 12.086 -100.00 -100.00 -100.00
  47    78.344 55124.03790159 21.23 231.188487  65.683992 17.911 -100.00 -100.00 -100.00
  47    70.011 55124.03790218 17.68 231.194736  65.683482  9.092 -100.00 -100.00 -100.00
  47    64.238 55124.03790277 19.96 231.200985  65.682971 14.231 -100.00 -100.00 -100.00
  48    83.628 55133.95354158 15.60 231.180670  65.683949  5.148 -100.00 -100.00 -100.00
  48    77.632 55133.95354217 17.57 231.186920  65.683438  6.085 -100.00 -100.00 -100.00
  48    76.112 55133.95354276 17.73 231.193169  65.682928  5.547 -100.00 -100.00 -100.00
  48    75.853 55133.95354335 18.68 231.199418  65.682417  6.752 -100.00 -100.00 -100.00
  49    82.687 55143.86918011 16.25 231.179638  65.683548  5.441 -100.00 -100.00 -100.00
  49    84.722 55143.86918070 22.90 231.185888  65.683038 14.208 -100.00 -100.00 -100.00
  49    83.209 55143.86918129 23.85 231.192137  65.682527 11.319 -100.00 -100.00 -100.00
  49    80.900 55143.86918188 27.02 231.198386  65.682016 19.567 -100.00 -100.00 -100.00
  49    68.391 55143.86918247 20.66 231.204634  65.681505 13.068 -100.00 -100.00 -100.00
  50    78.487 55153.78481840 15.38 231.182804  65.683876  5.858 -100.00 -100.00 -100.00
  50    77.558 55153.78481899 15.77 231.189054  65.683366  5.546 -100.00 -100.00 -100.00
  50    87.023 55153.78481959 23.57 231.195303  65.682855 13.741 -100.00 -100.00 -100.00
  50    69.590 55153.78482018 16.81 231.201552  65.682344  6.501 -100.00 -100.00 -100.00
  51    78.375 55163.70045635 12.93 231.178649  65.685417  5.801 -100.00 -100.00 -100.00
  51    77.144 55163.70045695 14.57 231.184899  65.684907  6.737 -100.00 -100.00 -100.00
  51    76.355 55163.70045754 14.09 231.191148  65.684396  5.860 -100.00 -100.00 -100.00
  51    75.062 55163.70045813 14.80 231.197398  65.683886  6.637 -100.00 -100.00 -100.00
  51    73.214 55163.70045872 14.89 231.203647  65.683375  6.247 -100.00 -100.00 -100.00
  52    77.683 55173.61609469 10.96 231.181357  65.686631  4.082 -100.00 -100.00 -100.00
  52    86.987 55173.61609528 14.44 231.187607  65.686121  8.415 -100.00 -100.00 -100.00
  52    88.806 55173.61609587 13.76 231.193857  65.685610  6.904 -100.00 -100.00 -100.00
  52    85.166 55173.61609646 12.37 231.200106  65.685100  6.061 -100.00 -100.00 -100.00
  53    77.693 55183.53173215 11.19 231.175745  65.687859  5.207 -100.00 -100.00 -100.00
  53    76.959 55183.53173274 10.56 231.181995  65.687349  4.935 -100.00 -100.00 -100.00
  53    77.775 55183.53173333 10.75 231.188245  65.686839  4.365 -100.00 -100.00 -100.00
  53    74.862 55183.53173392 11.36 231.194495  65.686329  4.710 -100.00 -100.00 -100.00
  53    73.695 55183.53173451 12.06 231.200744  65.685819  5.864 -100.00 -100.00 -100.00
  54    76.865 55193.44738388  9.98 231.180823  65.687421  3.851 -100.00 -100.00 -100.00
  54    89.229 55193.44738447  9.48 231.187073  65.686911  4.253 -100.00 -100.00 -100.00
  54    89.025 55193.44738506  9.94 231.193323  65.686401  4.668 -100.00 -100.00 -100.00
  54    88.114 55193.44738565 10.40 231.199572  65.685890  4.908 -100.00 -100.00 -100.00
  54    68.111 55193.44738624 11.60 231.205821  65.685379  6.029 -100.00 -100.00 -100.00
  55    77.257 55203.36303366  9.04 231.179118  65.687717  3.569 -100.00 -100.00 -100.00
  55    89.121 55203.36303426  9.91 231.185368  65.687206  5.145 -100.00 -100.00 -100.00
  55    89.097 55203.36303485 18.80 231.191617  65.686696 17.600 -100.00 -100.00 -100.00
  55    89.371 55203.36303544  9.48 231.197866  65.686185  4.324 -100.00 -100.00 -100.00
  55    74.297 55203.36303603  9.56 231.204115  65.685674  6.013 -100.00 -100.00 -100.00
  56    78.923 55213.27868290  8.44 231.178894  65.688265  3.684 -100.00 -100.00 -100.00
  56    87.941 55213.27868349 10.00 231.185144  65.687755  6.057 -100.00 -100.00 -100.00
  56    88.685 55213.27868408  8.17 231.191394  65.687244  4.017 -100.00 -100.00 -100.00
  56    84.608 55213.27868467 16.70 231.197643  65.686733 16.684 -100.00 -100.00 -100.00
  56    74.901 55213.27868526  8.34 231.203892  65.686222  5.509 -100.00 -100.00 -100.00
  57    79.058 55223.19433161  7.95 231.177992  65.688418  3.940 -100.00 -100.00 -100.00
  57    87.819 55223.19433220 11.86 231.184242  65.687908  9.219 -100.00 -100.00 -100.00
  57    88.147 55223.19433279 17.76 231.190492  65.687397 15.616 -100.00 -100.00 -100.00
  57    84.472 55223.19433338 17.44 231.196741  65.686887 18.095 -100.00 -100.00 -100.00
  57    73.563 55223.19433397  8.16 231.202990  65.686375  5.910 -100.00 -100.00 -100.00
  58    79.815 55233.10997897  8.45 231.177836  65.687305  4.428 -100.00 -100.00 -100.00
  58    87.508 55233.10997956 10.65 231.184086  65.686794  7.456 -100.00 -100.00 -100.00
  58    88.615 55233.10998015  8.58 231.190335  65.686284  4.460 -100.00 -100.00 -100.00
  58    68.456 55233.10998074 10.05 231.196585  65.685773  6.544 -100.00 -100.00 -100.00
  58    72.834 55233.10998133 10.10 231.202834  65.685262  5.626 -100.00 -100.00 -100.00
  59    80.224 55243.02562332  8.08 231.179406  65.685300  4.194 -100.00 -100.00 -100.00
  59    77.187 55243.02562391  9.82 231.185656  65.684790  6.503 -100.00 -100.00 -100.00
  59    75.853 55243.02562450 11.49 231.191905  65.684279  8.543 -100.00 -100.00 -100.00
  59    75.241 55243.02562509  9.90 231.198154  65.683768  5.413 -100.00 -100.00 -100.00
  59    67.599 55243.02562568 12.08 231.204403  65.683257  8.241 -100.00 -100.00 -100.00
  60    80.676 55252.94126422  8.72 231.178743  65.683781  5.416 -100.00 -100.00 -100.00
  60    80.082 55252.94126481  8.21 231.184992  65.683271  4.636 -100.00 -100.00 -100.00
  60    70.131 55252.94126540 13.82 231.191241  65.682760 12.877 -100.00 -100.00 -100.00
  60    69.212 55252.94126599 12.30 231.197490  65.682249  9.650 -100.00 -100.00 -100.00
  60    74.440 55252.94126658 10.97 231.203738  65.681738  6.758 -100.00 -100.00 -100.00
  61    79.814 55262.85690342  7.86 231.183170  65.683162  4.737 -100.00 -100.00 -100.00
  61    56.927 55262.85690401 12.07 231.189419  65.682651 11.421 -100.00 -100.00 -100.00
  61    78.141 55262.85690461  9.23 231.195668  65.682141  5.379 -100.00 -100.00 -100.00
  61    74.921 55262.85690520 11.20 231.201917  65.681630  8.187 -100.00 -100.00 -100.00
  62    79.930 55272.77254120  7.13 231.182945  65.684366  3.856 -100.00 -100.00 -100.00
  62    76.355 55272.77254179 12.95 231.189194  65.683856 12.711 -100.00 -100.00 -100.00
  62    68.965 55272.77254238 12.60 231.195443  65.683345 11.731 -100.00 -100.00 -100.00
  62    74.391 55272.77254297  9.92 231.201692  65.682834  6.856 -100.00 -100.00 -100.00
  63    77.709 55282.68817867  6.96 231.182024  65.685373  3.976 -100.00 -100.00 -100.00
  63    78.546 55282.68817926  8.39 231.188273  65.684862  5.165 -100.00 -100.00 -100.00
  63    74.900 55282.68817985 11.39 231.194522  65.684352  9.090 -100.00 -100.00 -100.00
  63    68.315 55282.68818044 10.20 231.200770  65.683841  7.803 -100.00 -100.00 -100.00
  64    84.772 55292.60381463  5.70 231.177560  65.685558  3.785 -100.00 -100.00 -100.00
  64    85.712 55292.60381522  7.79 231.183809  65.685048  5.785 -100.00 -100.00 -100.00
  64    76.403 55292.60381581  8.32 231.190058  65.684537  6.748 -100.00 -100.00 -100.00
  64    64.272 55292.60381640  9.00 231.196306  65.684027  7.959 -100.00 -100.00 -100.00
  64    73.514 55292.60381699 10.33 231.202555  65.683516  9.287 -100.00 -100.00 -100.00
  65    31.048 55302.51945051 32.47 231.180259  65.684356  2.462 -100.00 -100.00 -100.00
  65    31.730 55302.51945110 30.68 231.186508  65.683846   -100 -100.00 -100.00 -100.00
  65    31.587 55302.51945169 30.85 231.192756  65.683335   -100 -100.00 -100.00 -100.00
  65    31.675 55302.51945229 28.64 231.199004  65.682825   -100 -100.00 -100.00 -100.00
  65    31.274 55302.51945288 24.06 231.205252  65.682314   -100 -100.00 -100.00 -100.00
  66    86.206 55312.43509834 10.42 231.180781  65.683242  4.235 -100.00 -100.00 -100.00
  66    85.307 55312.43509893 10.87 231.187030  65.682732  4.872 -100.00 -100.00 -100.00
  66    84.578 55312.43509952 11.21 231.193277  65.682222  5.665 -100.00 -100.00 -100.00
  66    82.653 55312.43510011 11.86 231.199525  65.681711  6.927 -100.00 -100.00 -100.00
  67    82.998 55322.35074384 24.07 231.181790  65.683457 10.385 -100.00 -100.00 -100.00
  67    81.445 55322.35074443 28.83 231.188038  65.682946 32.038 -100.00 -100.00 -100.00
  67    81.126 55322.35074502 17.08 231.194285  65.682436 19.862 -100.00 -100.00 -100.00
  67    79.859 55322.35074561 11.87 231.200533  65.681925 10.353 -100.00 -100.00 -100.00
  68    82.904 55332.26638795  9.54 231.181939  65.684700  5.148 -100.00 -100.00 -100.00
  68    82.564 55332.26638854  9.34 231.188187  65.684190  4.277 -100.00 -100.00 -100.00
  68    82.682 55332.26638913  9.27 231.194435  65.683679  3.811 -100.00 -100.00 -100.00
  68    85.298 55332.26638972  9.87 231.200683  65.683168  4.857 -100.00 -100.00 -100.00
  69    79.492 55342.18203195 21.19 231.181215  65.686019 11.068 -100.00 -100.00 -100.00
  69    79.681 55342.18203254 21.21 231.187464  65.685509 11.449 -100.00 -100.00 -100.00
  69    80.397 55342.18203313 28.65 231.193712  65.684998   -100 -100.00 -100.00 -100.00
  69    80.417 55342.18203372 21.15 231.199961  65.684488   -100 -100.00 -100.00 -100.00
  70    78.065 55352.09767532 30.29 231.176023  65.686835 18.110 -100.00 -100.00 -100.00
  70    81.578 55352.09767591  7.75 231.182272  65.686325  5.953 -100.00 -100.00 -100.00
  70    83.625 55352.09767650  7.71 231.188521  65.685814  6.275 -100.00 -100.00 -100.00
  70    79.496 55352.09767709  7.46 231.194770  65.685304  4.792 -100.00 -100.00 -100.00
  70    77.119 55352.09767768  7.35 231.201019  65.684793  4.079 -100.00 -100.00 -100.00
  71    84.344 55362.01331743  6.87 231.180439  65.686502  4.477 -100.00 -100.00 -100.00
  71    83.769 55362.01331802  6.52 231.186689  65.685992  3.918 -100.00 -100.00 -100.00
  71    82.888 55362.01331861  6.91 231.192938  65.685481  3.788 -100.00 -100.00 -100.00
  71    77.382 55362.01331920  7.25 231.199187  65.684971  3.827 -100.00 -100.00 -100.00
  71    69.783 55362.01331979  8.18 231.205435  65.684460  4.982 -100.00 -100.00 -100.00
  72    76.946 55371.92895708  9.78 231.180248  65.686793  5.686 -100.00 -100.00 -100.00
  72    63.657 55371.92895767 11.35 231.186497  65.686283  7.534 -100.00 -100.00 -100.00
  72    74.907 55371.92895826  9.92 231.192746  65.685772  4.572 -100.00 -100.00 -100.00
  72    69.439 55371.92895886 10.54 231.198996  65.685262  4.745 -100.00 -100.00 -100.00
  72    68.800 55371.92895945 10.06 231.205244  65.684751  4.494 -100.00 -100.00 -100.00
  74    78.892 55391.76023260  7.01 231.177379  65.689069  4.484 -100.00 -100.00 -100.00
  74    80.210 55391.76023319  6.83 231.183629  65.688559  4.418 -100.00 -100.00 -100.00
  74    79.394 55391.76023378  6.62 231.189879  65.688049  4.321 -100.00 -100.00 -100.00
  74    74.973 55391.76023437  7.39 231.196128  65.687538  3.803 -100.00 -100.00 -100.00
  74    72.814 55391.76023496  7.79 231.202378  65.687028  3.904 -100.00 -100.00 -100.00
  75    71.155 55401.67586868 18.88 231.175991  65.689420 20.302 -100.00 -100.00 -100.00
  75    98.152 55401.67586927 23.09 231.182242  65.688910 23.222 -100.00 -100.00 -100.00
  75    76.088 55401.67586986  7.83 231.188491  65.688400  7.604 -100.00 -100.00 -100.00
  75    69.212 55401.67587045  8.91 231.194741  65.687890 10.468 -100.00 -100.00 -100.00
  75    69.635 55401.67587104  8.80 231.200991  65.687379  7.207 -100.00 -100.00 -100.00
  76    77.717 55411.59151886 25.28 231.175885  65.687706 17.462 -100.00 -100.00 -100.00
  76    78.956 55411.59151945 21.53 231.182135  65.687197 23.329 -100.00 -100.00 -100.00
  76    79.525 55411.59152004  8.82 231.188384  65.686687  5.908 -100.00 -100.00 -100.00
  76    79.431 55411.59152063 14.92 231.194634  65.686176 16.259 -100.00 -100.00 -100.00
  76    84.210 55411.59152122 23.31 231.200882  65.685666 10.999 -100.00 -100.00 -100.00
  77    78.943 55421.50716912 10.51 231.180487  65.684735 12.442 -100.00 -100.00 -100.00
  77    80.074 55421.50716971  5.95 231.186735  65.684225  4.220 -100.00 -100.00 -100.00
  77    80.420 55421.50717030  6.35 231.192984  65.683715  5.079 -100.00 -100.00 -100.00
  77    83.142 55421.50717089 16.19 231.199232  65.683204 16.090 -100.00 -100.00 -100.00
  78    80.170 55431.42281604  8.33 231.180550  65.683041  6.611 -100.00 -100.00 -100.00
  78    78.928 55431.42281663  8.30 231.186798  65.682530  5.888 -100.00 -100.00 -100.00
  78    71.013 55431.42281722  8.05 231.193046  65.682020  5.741 -100.00 -100.00 -100.00
  78    64.808 55431.42281781  8.65 231.199294  65.681509  6.288 -100.00 -100.00 -100.00
  79    83.601 55441.33846091 23.32 231.183472  65.683250 12.871 -100.00 -100.00 -100.00
  79    87.124 55441.33846150 19.87 231.189720  65.682740 10.757 -100.00 -100.00 -100.00
  79    81.124 55441.33846209 21.09 231.195968  65.682229 29.852 -100.00 -100.00 -100.00
  79    96.232 55441.33846268 20.67 231.202215  65.681718 23.273 -100.00 -100.00 -100.00
  80    82.950 55451.25410329  5.53 231.176865  65.685279  6.508 -100.00 -100.00 -100.00
  80    71.534 55451.25410388  6.25 231.183114  65.684769  5.177 -100.00 -100.00 -100.00
  80    76.051 55451.25410447  5.45 231.189362  65.684258  4.202 -100.00 -100.00 -100.00
  80    71.510 55451.25410506  5.81 231.195610  65.683748  4.047 -100.00 -100.00 -100.00
  80    69.616 55451.25410565  6.87 231.201859  65.683237  5.447 -100.00 -100.00 -100.00
  81    77.918 55461.16974613  7.56 231.182089  65.685893  5.592 -100.00 -100.00 -100.00
  81    76.882 55461.16974672  8.06 231.188339  65.685382  5.467 -100.00 -100.00 -100.00
  81    76.115 55461.16974731  7.58 231.194588  65.684872  3.560 -100.00 -100.00 -100.00
  81    75.347 55461.16974790  7.12 231.200836  65.684361  3.406 -100.00 -100.00 -100.00
  82    71.453 55471.08538693  7.77 231.179016  65.685421  6.169 -100.00 -100.00 -100.00
  82    78.278 55471.08538752  7.17 231.185266  65.684911  4.254 -100.00 -100.00 -100.00
  82    70.333 55471.08538811  7.04 231.191515  65.684400  3.393 -100.00 -100.00 -100.00
  82    69.701 55471.08538871  8.33 231.197764  65.683890  5.245 -100.00 -100.00 -100.00
  82    69.467 55471.08538930  7.89 231.204012  65.683379  4.191 -100.00 -100.00 -100.00
  83    79.918 55481.00102501 13.08 231.177810  65.684040  9.839 -100.00 -100.00 -100.00
  83    85.168 55481.00102560 10.17 231.184059  65.683530  5.549 -100.00 -100.00 -100.00
  83    78.043 55481.00102619 12.04 231.190309  65.683020  6.771 -100.00 -100.00 -100.00
  83    70.434 55481.00102678 14.02 231.196558  65.682510 10.343 -100.00 -100.00 -100.00
  83    69.846 55481.00102737 12.88 231.202806  65.681999  6.192 -100.00 -100.00 -100.00
  84    71.395 55490.91666135 15.81 231.184043  65.682623  8.381 -100.00 -100.00 -100.00
  84    63.035 55490.91666194 15.73 231.190292  65.682112  5.400 -100.00 -100.00 -100.00
  84    63.755 55490.91666253 16.57 231.196541  65.681602  6.916 -100.00 -100.00 -100.00
  84    64.350 55490.91666312 17.29 231.202790  65.681091  7.829 -100.00 -100.00 -100.00
  85    79.045 55500.83229460 22.51 231.179616  65.683971 19.310 -100.00 -100.00 -100.00
  85    81.164 55500.83229520 22.98 231.185865  65.683461 12.530 -100.00 -100.00 -100.00
  85    81.830 55500.83229579 25.24 231.192115  65.682951 11.273 -100.00 -100.00 -100.00
  85    79.436 55500.83229638 29.67 231.198364  65.682440 22.573 -100.00 -100.00 -100.00
  85    79.197 55500.83229697 20.29 231.204613  65.681930 18.113 -100.00 -100.00 -100.00
  86    78.869 55510.74793717 27.53 231.177599  65.686052   -100 -100.00 -100.00 -100.00
  86    79.311 55510.74793776 24.32 231.183849  65.685542 16.579 -100.00 -100.00 -100.00
  86    79.198 55510.74793835 27.14 231.190099  65.685032 32.206 -100.00 -100.00 -100.00
  86    79.293 55510.74793894 18.63 231.196348  65.684521 16.870 -100.00 -100.00 -100.00
  86    79.408 55510.74793953 14.71 231.202597  65.684011  7.173 -100.00 -100.00 -100.00
  87    85.376 55520.66358715 10.43 231.180603  65.687176  5.603 -100.00 -100.00 -100.00
  87    87.365 55520.66358774 12.91 231.186853  65.686666  7.692 -100.00 -100.00 -100.00
  87    85.954 55520.66358833 15.58 231.193103  65.686156 12.165 -100.00 -100.00 -100.00
  87    83.616 55520.66358892 11.10 231.199352  65.685645  7.015 -100.00 -100.00 -100.00
  87    73.573 55520.66358951 11.36 231.205602  65.685134  6.245 -100.00 -100.00 -100.00
  88    78.310 55530.57923541  9.51 231.176098  65.687798  3.978 -100.00 -100.00 -100.00
  88    86.572 55530.57923600 10.00 231.182348  65.687289  5.162 -100.00 -100.00 -100.00
  88    76.071 55530.57923659 10.17 231.188598  65.686778  5.577 -100.00 -100.00 -100.00
  88    74.769 55530.57923718 10.74 231.194847  65.686268  6.035 -100.00 -100.00 -100.00
  88    73.635 55530.57923777 11.68 231.201097  65.685757  5.926 -100.00 -100.00 -100.00
  89    78.333 55540.49488275  8.97 231.179148  65.686908  4.544 -100.00 -100.00 -100.00
  89    77.176 55540.49488334  9.49 231.185397  65.686397  4.860 -100.00 -100.00 -100.00
  89    75.816 55540.49488393  9.77 231.191647  65.685887  5.021 -100.00 -100.00 -100.00
  89    74.528 55540.49488452 10.11 231.197896  65.685376  5.324 -100.00 -100.00 -100.00
  89    68.345 55540.49488511  9.60 231.204145  65.684865  4.851 -100.00 -100.00 -100.00
  90    80.264 55550.41052733  9.92 231.176144  65.686802  5.178 -100.00 -100.00 -100.00
  90    77.559 55550.41052792 10.30 231.182394  65.686291  4.568 -100.00 -100.00 -100.00
  90    76.525 55550.41052851 10.33 231.188643  65.685781  5.124 -100.00 -100.00 -100.00
  90    75.007 55550.41052910 12.57 231.194892  65.685271  8.007 -100.00 -100.00 -100.00
  90    74.217 55550.41052969 11.43 231.201141  65.684760  6.036 -100.00 -100.00 -100.00
  91    79.505 55560.32617063  9.97 231.177300  65.687352  4.487 -100.00 -100.00 -100.00
  91    76.923 55560.32617122 12.09 231.183549  65.686842  8.025 -100.00 -100.00 -100.00
  91    75.861 55560.32617181 11.13 231.189799  65.686332  5.354 -100.00 -100.00 -100.00
  91    74.713 55560.32617240 11.86 231.196048  65.685821  6.935 -100.00 -100.00 -100.00
  91    67.941 55560.32617299 12.62 231.202297  65.685310  7.077 -100.00 -100.00 -100.00
  92    77.596 55570.24181283  9.13 231.175966  65.688712  4.087 -100.00 -100.00 -100.00
  92    76.790 55570.24181342  9.39 231.182216  65.688202  4.257 -100.00 -100.00 -100.00
  92    75.358 55570.24181401  9.74 231.188466  65.687692  5.395 -100.00 -100.00 -100.00
  92    74.423 55570.24181460 10.13 231.194716  65.687181  4.582 -100.00 -100.00 -100.00
  92    73.018 55570.24181520 11.19 231.200965  65.686670  5.734 -100.00 -100.00 -100.00
  93    77.331 55580.15745422  9.32 231.176499  65.688908  5.149 -100.00 -100.00 -100.00
  93    76.538 55580.15745482  8.81 231.182749  65.688398  4.018 -100.00 -100.00 -100.00
  93    76.973 55580.15745541  8.63 231.188999  65.687888  3.604 -100.00 -100.00 -100.00
  93    73.972 55580.15745600 10.02 231.195249  65.687377  5.151 -100.00 -100.00 -100.00
  93    73.286 55580.15745659  9.70 231.201499  65.686866  5.543 -100.00 -100.00 -100.00
  94    79.015 55590.07309311  9.77 231.179213  65.686994  6.592 -100.00 -100.00 -100.00
  94    77.005 55590.07309370 10.38 231.185463  65.686484  6.378 -100.00 -100.00 -100.00
  94    75.800 55590.07309429  9.64 231.191713  65.685974  4.449 -100.00 -100.00 -100.00
  94    74.692 55590.07309488 10.36 231.197963  65.685463  5.961 -100.00 -100.00 -100.00
  94    73.581 55590.07309547 11.52 231.204212  65.684952  6.859 -100.00 -100.00 -100.00
  95    80.389 55599.98872879  7.85 231.180586  65.684307  4.518 -100.00 -100.00 -100.00
  95    79.589 55599.98872938  7.80 231.186835  65.683797  3.771 -100.00 -100.00 -100.00
  95    77.199 55599.98872997  7.56 231.193085  65.683287  3.798 -100.00 -100.00 -100.00
  95    77.197 55599.98873056  7.69 231.199334  65.682776  4.270 -100.00 -100.00 -100.00
  96    80.617 55609.90436208  7.59 231.181281  65.682802  4.321 -100.00 -100.00 -100.00
  96    78.264 55609.90436267  7.46 231.187530  65.682292  3.940 -100.00 -100.00 -100.00
  96    77.679 55609.90436326  7.05 231.193779  65.681781  4.131 -100.00 -100.00 -100.00
  96    77.580 55609.90436385  6.78 231.200028  65.681271  3.568 -100.00 -100.00 -100.00
  97    72.271 55619.81999388  8.00 231.181950  65.683741  4.313 -100.00 -100.00 -100.00
  97    78.620 55619.81999447  7.53 231.188200  65.683231  3.641 -100.00 -100.00 -100.00
  97    76.887 55619.81999506  7.84 231.194449  65.682721  3.530 -100.00 -100.00 -100.00
  97    75.952 55619.81999565  7.30 231.200698  65.682211  3.315 -100.00 -100.00 -100.00
  98    79.731 55629.73564372  7.72 231.177224  65.686201  3.529 -100.00 -100.00 -100.00
  98    74.547 55629.73564431  7.63 231.183474  65.685691  3.276 -100.00 -100.00 -100.00
  98    72.605 55629.73564490  7.69 231.189724  65.685181  3.193 -100.00 -100.00 -100.00
  98    71.707 55629.73564549  7.96 231.195973  65.684671  3.876 -100.00 -100.00 -100.00
  98    74.672 55629.73564608  8.37 231.202222  65.684160  4.218 -100.00 -100.00 -100.00
  99    71.282 55639.65129479  7.69 231.178162  65.687191  3.815 -100.00 -100.00 -100.00
  99    71.275 55639.65129538  7.55 231.184412  65.686681  3.763 -100.00 -100.00 -100.00
  99    69.729 55639.65129597  8.06 231.190661  65.686171  4.244 -100.00 -100.00 -100.00
  99    70.732 55639.65129656  7.62 231.196911  65.685660  3.492 -100.00 -100.00 -100.00
  99    69.002 55639.65129715  8.00 231.203160  65.685149  3.879 -100.00 -100.00 -100.00
 100    71.897 55649.56694387  7.04 231.182346  65.685720  3.844 -100.00 -100.00 -100.00
 100    71.165 55649.56694446  7.08 231.188595  65.685210  3.651 -100.00 -100.00 -100.00
 100    70.294 55649.56694505  7.38 231.194844  65.684700  4.221 -100.00 -100.00 -100.00
 100    69.678 55649.56694565  7.59 231.201093  65.684189  3.891 -100.00 -100.00 -100.00
 101    79.916 55659.48258897  6.21 231.178709  65.683569  3.754 -100.00 -100.00 -100.00
 101    79.238 55659.48258956  6.53 231.184957  65.683059  4.089 -100.00 -100.00 -100.00
 101    78.075 55659.48259015  7.00 231.191205  65.682549  4.616 -100.00 -100.00 -100.00
 101    77.463 55659.48259074  6.40 231.197453  65.682038  3.927 -100.00 -100.00 -100.00
 101    75.606 55659.48259133  5.98 231.203701  65.681527  3.160 -100.00 -100.00 -100.00
 102    72.874 55669.39823107  7.03 231.182968  65.681966  4.299 -100.00 -100.00 -100.00
 102    72.162 55669.39823166  6.93 231.189216  65.681455  4.087 -100.00 -100.00 -100.00
 102    70.969 55669.39823225  7.22 231.195463  65.680945  4.174 -100.00 -100.00 -100.00
 102    70.720 55669.39823284  6.74 231.201711  65.680434  3.624 -100.00 -100.00 -100.00
 103    75.758 55679.31387013  6.02 231.179253  65.683495  4.516 -100.00 -100.00 -100.00
 103    72.076 55679.31387072  6.54 231.185502  65.682985  5.371 -100.00 -100.00 -100.00
 103    78.652 55679.31387131  5.76 231.191750  65.682475  3.239 -100.00 -100.00 -100.00
 103    76.839 55679.31387190  5.76 231.197997  65.681964  3.366 -100.00 -100.00 -100.00
 103    75.773 55679.31387249  5.78 231.204245  65.681453  3.366 -100.00 -100.00 -100.00
 104    31.390 55689.22950734 19.58 231.177330  65.686348 13.368 -100.00 -100.00 -100.00
 104    31.203 55689.22950793 19.24 231.183579  65.685838 11.449 -100.00 -100.00 -100.00
 104    31.213 55689.22950852 17.99 231.189828  65.685328  9.562 -100.00 -100.00 -100.00
 104    31.405 55689.22950911 19.41 231.196077  65.684817 12.510 -100.00 -100.00 -100.00
 104    31.599 55689.22950970 17.31 231.202325  65.684306  7.974 -100.00 -100.00 -100.00
 105    82.528 55699.14514337 12.74 231.178192  65.688324 11.890 -100.00 -100.00 -100.00
 105    82.496 55699.14514396 16.89 231.184441  65.687814 17.946 -100.00 -100.00 -100.00
 105    82.732 55699.14514455  9.05 231.190691  65.687304  5.690 -100.00 -100.00 -100.00
 105    74.776 55699.14514514  9.89 231.196940  65.686793  6.442 -100.00 -100.00 -100.00
 105    83.585 55699.14514573  9.56 231.203189  65.686283  5.564 -100.00 -100.00 -100.00
 106    79.588 55709.06078127 26.48 231.181256  65.688302 16.488 -100.00 -100.00 -100.00
 106    80.979 55709.06078186 30.47 231.187506  65.687792   -100 -100.00 -100.00 -100.00
 106    80.719 55709.06078245 21.02 231.193756  65.687282 24.253 -100.00 -100.00 -100.00
 106    81.113 55709.06078304 35.97 231.200006  65.686771   -100 -100.00 -100.00 -100.00
 106    81.088 55709.06078363 29.75 231.206255  65.686261 30.734 -100.00 -100.00 -100.00
 107    84.281 55718.97643188  8.36 231.180792  65.687145  4.026 -100.00 -100.00 -100.00
 107    81.181 55718.97643247  8.93 231.187042  65.686635  4.320 -100.00 -100.00 -100.00
 107    79.809 55718.97643306  8.90 231.193292  65.686125  4.618 -100.00 -100.00 -100.00
 107    78.477 55718.97643365  9.55 231.199541  65.685614  5.588 -100.00 -100.00 -100.00
 107    69.043 55718.97643424 10.30 231.205790  65.685103  5.294 -100.00 -100.00 -100.00
 108    78.539 55728.89207998 19.48 231.179754  65.686633   -100 -100.00 -100.00 -100.00
 108    81.054 55728.89208057 11.74 231.186004  65.686123 14.629 -100.00 -100.00 -100.00
 108    81.012 55728.89208116 29.62 231.192253  65.685613 29.553 -100.00 -100.00 -100.00
 108    81.910 55728.89208175 23.40 231.198502  65.685102 13.674 -100.00 -100.00 -100.00
 108    80.744 55728.89208234 31.45 231.204751  65.684591   -100 -100.00 -100.00 -100.00
 109    82.798 55738.80772672  5.85 231.179681  65.687115  4.093 -100.00 -100.00 -100.00
 109    80.379 55738.80772731  6.83 231.185931  65.686605  5.825 -100.00 -100.00 -100.00
 109    69.555 55738.80772790  9.43 231.192180  65.686094  8.764 -100.00 -100.00 -100.00
 109    74.500 55738.80772849  7.01 231.198429  65.685584  4.852 -100.00 -100.00 -100.00
 109    68.462 55738.80772908  9.74 231.204678  65.685073  7.319 -100.00 -100.00 -100.00
 110    73.648 55748.72337204 23.44 231.177713  65.688144 19.603 -100.00 -100.00 -100.00
 110   106.685 55748.72337263 25.45 231.183962  65.687634 20.284 -100.00 -100.00 -100.00
 110    73.501 55748.72337322 29.66 231.190212  65.687124   -100 -100.00 -100.00 -100.00
 110   103.397 55748.72337381 30.74 231.196462  65.686613 21.430 -100.00 -100.00 -100.00
 110    71.677 55748.72337440 32.35 231.202711  65.686102   -100 -100.00 -100.00 -100.00
 111    77.290 55758.63901516 13.68 231.176470  65.688234 17.717 -100.00 -100.00 -100.00
 111    78.698 55758.63901576  7.41 231.182720  65.687724  5.139 -100.00 -100.00 -100.00
 111    79.239 55758.63901635  7.05 231.188969  65.687214  5.394 -100.00 -100.00 -100.00
 111    75.354 55758.63901694  7.12 231.195219  65.686703  5.422 -100.00 -100.00 -100.00
 111    74.013 55758.63901753  6.96 231.201468  65.686192  4.163 -100.00 -100.00 -100.00
 112    70.258 55768.55465593  8.49 231.179114  65.686617  5.953 -100.00 -100.00 -100.00
 112    70.417 55768.55465652  8.97 231.185363  65.686107  7.245 -100.00 -100.00 -100.00
 112    64.079 55768.55465711  8.55 231.191612  65.685596  5.548 -100.00 -100.00 -100.00
 112    69.409 55768.55465770  7.79 231.197861  65.685086  4.297 -100.00 -100.00 -100.00
 112    65.620 55768.55465829  7.94 231.204109  65.684575  4.558 -100.00 -100.00 -100.00
 113    80.156 55778.47029363 22.32 231.182441  65.684095 21.465 -100.00 -100.00 -100.00
 113    80.140 55778.47029422  7.33 231.188689  65.683585  8.142 -100.00 -100.00 -100.00
 113    80.027 55778.47029481  8.15 231.194937  65.683075 11.320 -100.00 -100.00 -100.00
 113    80.698 55778.47029540 21.43 231.201185  65.682564 19.284 -100.00 -100.00 -100.00
 114    72.126 55788.38592814  8.75 231.179655  65.682961  5.911 -100.00 -100.00 -100.00
 114    71.306 55788.38592873  9.04 231.185903  65.682451  5.789 -100.00 -100.00 -100.00
 114    70.983 55788.38592932  7.81 231.192151  65.681941  4.567 -100.00 -100.00 -100.00
 114    64.556 55788.38592992  8.88 231.198399  65.681430  6.440 -100.00 -100.00 -100.00
 114    69.402 55788.38593051  7.59 231.204646  65.680920  4.281 -100.00 -100.00 -100.00
 115    80.166 55798.30156145 22.50 231.179497  65.683842 15.925 -100.00 -100.00 -100.00
 115    95.405 55798.30156204 17.30 231.185746  65.683332  8.498 -100.00 -100.00 -100.00
 115    82.199 55798.30156263 26.54 231.191994  65.682822 15.124 -100.00 -100.00 -100.00
 115    80.272 55798.30156322 29.84 231.198242  65.682311 21.439 -100.00 -100.00 -100.00
 115    79.723 55798.30156381 28.51 231.204490  65.681801  5.356 -100.00 -100.00 -100.00
 116    70.911 55808.21720617  9.14 231.181799  65.685440  7.737 -100.00 -100.00 -100.00
 116    70.513 55808.21720676  8.73 231.188049  65.684930  7.578 -100.00 -100.00 -100.00
 116    64.675 55808.21720735  8.42 231.194297  65.684419  6.625 -100.00 -100.00 -100.00
 116    69.036 55808.21720794  8.35 231.200546  65.683909  5.012 -100.00 -100.00 -100.00
 117    83.660 55818.13285476  2.40 231.179067  65.687058  6.400 -100.00 -100.00 -100.00
 117   109.287 55818.13285535  2.39 231.185317  65.686548  7.758 -100.00 -100.00 -100.00
 117    69.383 55818.13285594  8.35 231.191567  65.686038 15.322 -100.00 -100.00 -100.00
 117    69.489 55818.13285653  7.16 231.197816  65.685527  8.915 -100.00 -100.00 -100.00
 117    72.125 55818.13285712 14.46 231.204065  65.685017 18.368 -100.00 -100.00 -100.00
 118    78.852 55828.04849966  7.14 231.178066  65.686546  5.086 -100.00 -100.00 -100.00
 118    84.206 55828.04850025  6.81 231.184316  65.686036  4.518 -100.00 -100.00 -100.00
 118    79.520 55828.04850084  7.20 231.190565  65.685526  3.962 -100.00 -100.00 -100.00
 118    69.797 55828.04850143  7.59 231.196815  65.685015  4.245 -100.00 -100.00 -100.00
 118    73.904 55828.04850202  7.31 231.203064  65.684505  3.482 -100.00 -100.00 -100.00
 119    81.843 55837.96414055  8.39 231.180136  65.684567  7.269 -100.00 -100.00 -100.00
 119    80.795 55837.96414114  7.99 231.186386  65.684057  5.901 -100.00 -100.00 -100.00
 119    79.146 55837.96414173  7.47 231.192635  65.683547  5.218 -100.00 -100.00 -100.00
 119    75.185 55837.96414232  8.01 231.198885  65.683037  6.356 -100.00 -100.00 -100.00
 119    69.275 55837.96414291  9.51 231.205133  65.682526  7.252 -100.00 -100.00 -100.00
 120    80.573 55847.87977809  3.94 231.179395  65.683180  4.192 -100.00 -100.00 -100.00
 120    82.082 55847.87977868  3.16 231.185645  65.682670  3.029 -100.00 -100.00 -100.00
 120    80.586 55847.87977927  4.12 231.191894  65.682160  3.944 -100.00 -100.00 -100.00
 120    70.493 55847.87977986  5.47 231.198143  65.681650  5.010 -100.00 -100.00 -100.00
 120    69.782 55847.87978045  5.17 231.204391  65.681139  4.786 -100.00 -100.00 -100.00
 121    72.043 55857.79541328 17.36 231.178065  65.684350 11.480 -100.00 -100.00 -100.00
 121    71.472 55857.79541387 16.21 231.184315  65.683840  6.453 -100.00 -100.00 -100.00
 121    70.900 55857.79541446 16.52 231.190564  65.683330  7.204 -100.00 -100.00 -100.00
 121    70.204 55857.79541505 16.65 231.196814  65.682819  5.974 -100.00 -100.00 -100.00
 121    69.062 55857.79541564 17.25 231.203063  65.682309  6.534 -100.00 -100.00 -100.00
 122    79.097 55867.71105897 19.76 231.176970  65.686792 16.098 -100.00 -100.00 -100.00
 122    79.156 55867.71105956 17.42 231.183220  65.686282 13.370 -100.00 -100.00 -100.00
 122    79.294 55867.71106015 13.02 231.189470  65.685772  6.289 -100.00 -100.00 -100.00
 122    79.502 55867.71106074 25.63 231.195720  65.685261 21.966 -100.00 -100.00 -100.00
 122    80.038 55867.71106133 23.41 231.201969  65.684751 12.938 -100.00 -100.00 -100.00
 123    83.840 55877.62671107 19.02 231.179202  65.688571  9.210 -100.00 -100.00 -100.00
 123    88.023 55877.62671166 20.17 231.185452  65.688061  8.433 -100.00 -100.00 -100.00
 123    80.176 55877.62671225 25.59 231.191702  65.687551 15.011 -100.00 -100.00 -100.00
 123    77.401 55877.62671284 16.28 231.197952  65.687041 14.066 -100.00 -100.00 -100.00
 123    68.129 55877.62671343 13.55 231.204202  65.686530  6.493 -100.00 -100.00 -100.00
 133    71.908 55976.78314126  8.18 231.178976  65.683958  6.678 -100.00 -100.00 -100.00
 133    86.169 55976.78314185  8.73 231.185225  65.683448  7.646 -100.00 -100.00 -100.00
 133    88.019 55976.78314244  7.38 231.191474  65.682938  5.594 -100.00 -100.00 -100.00
 133    70.198 55976.78314303  7.65 231.197723  65.682427  5.796 -100.00 -100.00 -100.00
 133    59.875 55976.78314362 10.76 231.203972  65.681916  9.888 -100.00 -100.00 -100.00
 134    86.923 55986.69877766  7.74 231.180724  65.685657  5.832 -100.00 -100.00 -100.00
 134    88.666 55986.69877825 14.06 231.186974  65.685147 14.172 -100.00 -100.00 -100.00
 134    88.058 55986.69877884  7.06 231.193223  65.684636  5.252 -100.00 -100.00 -100.00
 134    69.707 55986.69877943  8.26 231.199472  65.684126  6.891 -100.00 -100.00 -100.00
 134    68.776 55986.69878002  9.15 231.205721  65.683615  7.739 -100.00 -100.00 -100.00
 135    77.442 55996.61441480  6.75 231.177220  65.687064  3.936 -100.00 -100.00 -100.00
 135    88.575 55996.61441539 15.02 231.183470  65.686555 14.364 -100.00 -100.00 -100.00
 135    88.777 55996.61441598 15.24 231.189720  65.686045 13.155 -100.00 -100.00 -100.00
 135    84.952 55996.61441657  5.49 231.195969  65.685534  3.909 -100.00 -100.00 -100.00
 135    74.153 55996.61441716  5.49 231.202218  65.685024  4.098 -100.00 -100.00 -100.00
 136    79.446 56006.53006638  7.32 231.176399  65.686254  4.266 -100.00 -100.00 -100.00
 136    76.329 56006.53006697  8.47 231.182648  65.685744  6.099 -100.00 -100.00 -100.00
 136    71.255 56006.53006756  9.36 231.188897  65.685234  6.557 -100.00 -100.00 -100.00
 136    74.404 56006.53006815  8.51 231.195146  65.684724  5.770 -100.00 -100.00 -100.00
 136    73.681 56006.53006874  8.10 231.201394  65.684213  4.561 -100.00 -100.00 -100.00
 137    77.754 56016.44571437  8.59 231.180658  65.684162  5.321 -100.00 -100.00 -100.00
 137    76.205 56016.44571496  8.55 231.186907  65.683652  5.218 -100.00 -100.00 -100.00
 137    75.356 56016.44571555  9.28 231.193155  65.683141  6.684 -100.00 -100.00 -100.00
 137    76.352 56016.44571614  7.52 231.199403  65.682631  3.661 -100.00 -100.00 -100.00
 139    78.987 56036.27700172 11.65 231.180275  65.684460 12.954 -100.00 -100.00 -100.00
 139    79.335 56036.27700231  9.28 231.186524  65.683949 11.475 -100.00 -100.00 -100.00
 139    84.068 56036.27700290  1.03 231.192772  65.683439  3.678 -100.00 -100.00 -100.00
 139    79.426 56036.27700349  6.39 231.199020  65.682928  9.041 -100.00 -100.00 -100.00
 139    79.079 56036.27700408  2.35 231.205268  65.682417  6.247 -100.00 -100.00 -100.00
 141    79.635 56056.10828034  5.95 231.179815  65.688292  9.627 -100.00 -100.00 -100.00
 141    93.233 56056.10828093  2.82 231.186065  65.687782  4.491 -100.00 -100.00 -100.00
 141    80.159 56056.10828152  3.15 231.192314  65.687271  5.199 -100.00 -100.00 -100.00
 141    83.760 56056.10828211 14.58 231.198564  65.686761 14.342 -100.00 -100.00 -100.00
 141    83.983 56056.10828270 13.39 231.204813  65.686250  9.864 -100.00 -100.00 -100.00
 142    83.000 56066.02391411 12.73 231.179066  65.688941  6.467 -100.00 -100.00 -100.00
 142    80.334 56066.02391470 12.91 231.185316  65.688431  4.686 -100.00 -100.00 -100.00
 142    79.958 56066.02391529 11.93 231.191566  65.687921  4.381 -100.00 -100.00 -100.00
 142    79.763 56066.02391588 12.37 231.197816  65.687411  4.075 -100.00 -100.00 -100.00
 142    68.085 56066.02391647 12.85 231.204065  65.686900  5.020 -100.00 -100.00 -100.00
 143    79.141 56075.93956101 20.03 231.181132  65.687978 20.608 -100.00 -100.00 -100.00
 143    82.995 56075.93956160 10.48 231.187382  65.687468  4.935 -100.00 -100.00 -100.00
 143    81.531 56075.93956219 13.30 231.193632  65.686958  8.246 -100.00 -100.00 -100.00
 143    82.321 56075.93956278 22.52 231.199881  65.686447 12.874 -100.00 -100.00 -100.00
 143    64.864 56075.93956337 18.56 231.206130  65.685936 19.255 -100.00 -100.00 -100.00
 144    84.208 56085.85520973  7.72 231.175653  65.687755  5.049 -100.00 -100.00 -100.00
 144    83.965 56085.85521032  7.91 231.181903  65.687245  4.566 -100.00 -100.00 -100.00
 144    81.446 56085.85521091  8.26 231.188152  65.686735  4.387 -100.00 -100.00 -100.00
 144    79.580 56085.85521150  8.40 231.194402  65.686224  4.905 -100.00 -100.00 -100.00
 144    75.555 56085.85521209  8.99 231.200651  65.685714  5.773 -100.00 -100.00 -100.00
 145    82.537 56095.77085710 24.20 231.181067  65.687076 30.376 -100.00 -100.00 -100.00
 145    82.693 56095.77085769 24.83 231.187317  65.686565 32.765 -100.00 -100.00 -100.00
 145    82.861 56095.77085828 11.23 231.193566  65.686055  7.309 -100.00 -100.00 -100.00
 145    83.154 56095.77085887 27.69 231.199815  65.685544 26.792 -100.00 -100.00 -100.00
 145    83.004 56095.77085946 23.77 231.206064  65.685033 11.616 -100.00 -100.00 -100.00
 146    78.356 56105.68650154  6.65 231.177884  65.687306  4.885 -100.00 -100.00 -100.00
 146    77.897 56105.68650213  6.34 231.184134  65.686796  5.205 -100.00 -100.00 -100.00
 146    79.774 56105.68650272  6.59 231.190383  65.686285  4.748 -100.00 -100.00 -100.00
 146    85.752 56105.68650331  5.91 231.196632  65.685775  3.657 -100.00 -100.00 -100.00
 146    88.146 56105.68650390  9.38 231.202881  65.685264  6.448 -100.00 -100.00 -100.00
 147    71.081 56115.60213216  6.74 231.181229  65.686370  4.937 -100.00 -100.00 -100.00
 147    80.205 56115.60213275  5.94 231.187478  65.685859  3.696 -100.00 -100.00 -100.00
 147    70.122 56115.60213334  6.93 231.193727  65.685349  5.187 -100.00 -100.00 -100.00
 147    69.277 56115.60213393  7.00 231.199975  65.684838  4.519 -100.00 -100.00 -100.00
 148    81.216 56125.51777028  5.88 231.181131  65.685531  3.906 -100.00 -100.00 -100.00
 148    77.298 56125.51777087  6.81 231.187380  65.685021  4.995 -100.00 -100.00 -100.00
 148    76.975 56125.51777146  6.81 231.193628  65.684510  3.823 -100.00 -100.00 -100.00
 148    69.403 56125.51777205  8.25 231.199876  65.684000  6.136 -100.00 -100.00 -100.00
 149    71.656 56135.43340410  8.93 231.177689  65.684809  8.288 -100.00 -100.00 -100.00
 149    71.109 56135.43340469  9.02 231.183938  65.684299  6.911 -100.00 -100.00 -100.00
 149    64.580 56135.43340528  9.94 231.190186  65.683789  6.711 -100.00 -100.00 -100.00
 149    69.764 56135.43340587  8.20 231.196434  65.683279  4.551 -100.00 -100.00 -100.00
 149    69.607 56135.43340646  7.85 231.202682  65.682769  4.696 -100.00 -100.00 -100.00
 150    79.144 56145.34904629  6.79 231.180343  65.684215  7.270 -100.00 -100.00 -100.00
 150    78.572 56145.34904688  6.31 231.186592  65.683705  5.342 -100.00 -100.00 -100.00
 150    70.481 56145.34904747  8.91 231.192840  65.683195  8.449 -100.00 -100.00 -100.00
 150    76.044 56145.34904806  7.22 231.199088  65.682685  5.186 -100.00 -100.00 -100.00
 151    80.870 56155.26469600  9.20 231.179298  65.684609 10.599 -100.00 -100.00 -100.00
 151    82.463 56155.26469659  5.64 231.185546  65.684099  3.584 -100.00 -100.00 -100.00
 151    83.208 56155.26469719  6.96 231.191795  65.683589  4.824 -100.00 -100.00 -100.00
 151    85.396 56155.26469778 16.32 231.198043  65.683078 11.759 -100.00 -100.00 -100.00
 151    84.818 56155.26469837 16.48 231.204291  65.682567 10.574 -100.00 -100.00 -100.00
 152    84.345 56165.18034504  7.18 231.182263  65.685229  4.763 -100.00 -100.00 -100.00
 152    77.496 56165.18034563  6.95 231.188512  65.684719  4.303 -100.00 -100.00 -100.00
 152    81.630 56165.18034622  6.55 231.194760  65.684209  4.542 -100.00 -100.00 -100.00
 152    74.806 56165.18034681  7.85 231.201009  65.683698  5.045 -100.00 -100.00 -100.00
 153    79.922 56175.09599116 19.47 231.177367  65.686085 32.000 -100.00 -100.00 -100.00
 153    85.188 56175.09599175  8.79 231.183617  65.685575  8.000 -100.00 -100.00 -100.00
 153    82.775 56175.09599234  9.37 231.189866  65.685065  6.549 -100.00 -100.00 -100.00
 153    80.321 56175.09599293 19.83 231.196115  65.684555 23.031 -100.00 -100.00 -100.00
 153    81.525 56175.09599352 19.50 231.202364  65.684044 10.562 -100.00 -100.00 -100.00
 154    85.478 56185.01163261 11.10 231.176762  65.685910  4.059 -100.00 -100.00 -100.00
 154    84.470 56185.01163320 11.22 231.183012  65.685400  4.392 -100.00 -100.00 -100.00
 154    83.589 56185.01163379 11.11 231.189261  65.684890  3.895 -100.00 -100.00 -100.00
 154    82.451 56185.01163438 10.69 231.195511  65.684379  3.174 -100.00 -100.00 -100.00
 154    80.426 56185.01163497 11.28 231.201760  65.683869  3.963 -100.00 -100.00 -100.00
 155    85.366 56194.92727093 10.12 231.182733  65.684606  5.905 -100.00 -100.00 -100.00
 155    84.349 56194.92727152 10.39 231.188983  65.684096  5.140 -100.00 -100.00 -100.00
 155    82.903 56194.92727211  9.92 231.195232  65.683586  4.899 -100.00 -100.00 -100.00
 155    82.244 56194.92727270 10.41 231.201481  65.683075  5.143 -100.00 -100.00 -100.00
 156    84.571 56204.84290578  9.30 231.182894  65.684525  4.036 -100.00 -100.00 -100.00
 156    82.628 56204.84290637  9.09 231.189144  65.684015  4.248 -100.00 -100.00 -100.00
 156    70.275 56204.84290696 10.89 231.195393  65.683505  6.357 -100.00 -100.00 -100.00
 156    75.191 56204.84290755 10.63 231.201642  65.682994  5.582 -100.00 -100.00 -100.00
 157    79.733 56214.75853850 25.72 231.176604  65.686293   -100 -100.00 -100.00 -100.00
 157    79.620 56214.75853909 30.08 231.182854  65.685783   -100 -100.00 -100.00 -100.00
 157    80.240 56214.75853968 29.80 231.189104  65.685273 24.581 -100.00 -100.00 -100.00
 157    78.247 56214.75854027 31.71 231.195353  65.684763   -100 -100.00 -100.00 -100.00
 157    78.223 56214.75854086 20.70 231.201603  65.684252 18.724 -100.00 -100.00 -100.00
 158    79.097 56224.67417542 22.67 231.178570  65.688132 13.519 -100.00 -100.00 -100.00
 158    79.103 56224.67417601 25.83 231.184820  65.687623 16.360 -100.00 -100.00 -100.00
 158    78.645 56224.67417660 29.89 231.191070  65.687113   -100 -100.00 -100.00 -100.00
 158    78.764 56224.67417719 19.10 231.197320  65.686602 17.033 -100.00 -100.00 -100.00
 158    78.655 56224.67417778 33.10 231.203570  65.686092  1.942 -100.00 -100.00 -100.00
 159    82.256 56234.58983108 19.24 231.177728  65.688982  8.307 -100.00 -100.00 -100.00
 159    87.245 56234.58983167 21.63 231.183979  65.688472  9.702 -100.00 -100.00 -100.00
 159    79.459 56234.58983226 26.90 231.190229  65.687962   -100 -100.00 -100.00 -100.00
 159    77.855 56234.58983285 16.02 231.196479  65.687452 10.820 -100.00 -100.00 -100.00
 159    77.911 56234.58983344 14.92 231.202729  65.686941  8.960 -100.00 -100.00 -100.00
 160    87.897 56244.50548302 11.14 231.178756  65.688643  4.018 -100.00 -100.00 -100.00
 160    89.360 56244.50548361 20.22 231.185006  65.688133 16.910 -100.00 -100.00 -100.00
 160    89.208 56244.50548420 19.99 231.191256  65.687623 19.403 -100.00 -100.00 -100.00
 160    74.065 56244.50548479 13.92 231.197505  65.687112  6.502 -100.00 -100.00 -100.00
 160    72.782 56244.50548539 13.29 231.203755  65.686602  6.810 -100.00 -100.00 -100.00
 161    77.530 56254.42113008 12.57 231.180435  65.687728  4.793 -100.00 -100.00 -100.00
 161    89.337 56254.42113067 12.15 231.186685  65.687218  5.192 -100.00 -100.00 -100.00
 161    75.440 56254.42113126 13.47 231.192934  65.686708  5.608 -100.00 -100.00 -100.00
 161    73.227 56254.42113185 13.90 231.199183  65.686197  5.540 -100.00 -100.00 -100.00
 161    72.641 56254.42113244 15.07 231.205432  65.685686  7.072 -100.00 -100.00 -100.00
 162    78.220 56264.33677237 12.33 231.176402  65.687828  3.332 -100.00 -100.00 -100.00
 162    77.180 56264.33677296 12.30 231.182652  65.687318  3.907 -100.00 -100.00 -100.00
 162    76.300 56264.33677355 14.61 231.188901  65.686808  6.394 -100.00 -100.00 -100.00
 162    75.028 56264.33677414 14.16 231.195151  65.686297  5.459 -100.00 -100.00 -100.00
 162    73.956 56264.33677473 14.02 231.201400  65.685786  5.018 -100.00 -100.00 -100.00
 165    80.237 56294.08370883 10.48 231.177146  65.686207  4.220 -100.00 -100.00 -100.00
 165    77.499 56294.08370942 11.99 231.183396  65.685697  6.307 -100.00 -100.00 -100.00
 165    76.386 56294.08371001 13.73 231.189645  65.685186  7.408 -100.00 -100.00 -100.00
 165    75.609 56294.08371061 12.69 231.195895  65.684676  6.533 -100.00 -100.00 -100.00
 165    74.095 56294.08371120 12.53 231.202144  65.684165  5.694 -100.00 -100.00 -100.00
 166    80.690 56303.99935596 10.58 231.179519  65.684264  3.862 -100.00 -100.00 -100.00
 166    77.833 56303.99935655 11.62 231.185769  65.683754  5.445 -100.00 -100.00 -100.00
 166    76.683 56303.99935715 12.95 231.192018  65.683244  7.738 -100.00 -100.00 -100.00
 166    75.382 56303.99935774 13.37 231.198267  65.682733  7.445 -100.00 -100.00 -100.00
 166    74.561 56303.99935833 12.84 231.204516  65.682222  6.949 -100.00 -100.00 -100.00
 167    79.084 56313.91499889 10.50 231.179395  65.683532  4.281 -100.00 -100.00 -100.00
 167    77.805 56313.91499948 11.38 231.185645  65.683021  5.779 -100.00 -100.00 -100.00
 167    76.889 56313.91500007 12.20 231.191894  65.682511  5.625 -100.00 -100.00 -100.00
 167    69.754 56313.91500066 13.97 231.198143  65.682000  8.298 -100.00 -100.00 -100.00
 167    68.806 56313.91500125 13.52 231.204391  65.681489  7.626 -100.00 -100.00 -100.00
 168    78.722 56323.83063982 11.23 231.180223  65.684192  6.277 -100.00 -100.00 -100.00
 168    77.303 56323.83064041 11.84 231.186472  65.683682  5.989 -100.00 -100.00 -100.00
 168    70.676 56323.83064100 13.35 231.192721  65.683171  8.449 -100.00 -100.00 -100.00
 168    75.020 56323.83064159 12.04 231.198970  65.682660  6.247 -100.00 -100.00 -100.00
 169    78.733 56333.74627979  9.58 231.177965  65.685736  4.551 -100.00 -100.00 -100.00
 169    77.612 56333.74628038 10.09 231.184215  65.685226  4.890 -100.00 -100.00 -100.00
 169    78.104 56333.74628097  9.97 231.190464  65.684715  4.147 -100.00 -100.00 -100.00
 169    74.745 56333.74628156 10.47 231.196713  65.684205  5.301 -100.00 -100.00 -100.00
 169    73.834 56333.74628215 10.87 231.202962  65.683694  5.532 -100.00 -100.00 -100.00
 170    78.028 56343.66191947  9.47 231.178608  65.686217  4.720 -100.00 -100.00 -100.00
 170    77.027 56343.66192006  8.87 231.184858  65.685707  3.610 -100.00 -100.00 -100.00
 170    77.931 56343.66192065  8.25 231.191107  65.685196  3.713 -100.00 -100.00 -100.00
 170    74.527 56343.66192124  8.87 231.197356  65.684686  3.925 -100.00 -100.00 -100.00
 170    75.758 56343.66192183  8.46 231.203605  65.684175  3.863 -100.00 -100.00 -100.00
 171    71.831 56353.57755686  9.02 231.178977  65.685845  4.080 -100.00 -100.00 -100.00
 171    71.520 56353.57755745  8.73 231.185226  65.685335  3.901 -100.00 -100.00 -100.00
 171    77.985 56353.57755804  8.05 231.191475  65.684825  3.649 -100.00 -100.00 -100.00
 171    76.856 56353.57755863  8.69 231.197724  65.684315  4.930 -100.00 -100.00 -100.00
 171    75.802 56353.57755922  8.21 231.203973  65.683804  3.768 -100.00 -100.00 -100.00
 172    80.524 56363.49319989  8.21 231.178743  65.684962  4.085 -100.00 -100.00 -100.00
 172    83.539 56363.49320048  8.24 231.184992  65.684452  4.212 -100.00 -100.00 -100.00
 172    78.534 56363.49320107  8.15 231.191240  65.683942  3.963 -100.00 -100.00 -100.00
 172    81.393 56363.49320166  7.86 231.197489  65.683431  4.160 -100.00 -100.00 -100.00
 172    76.064 56363.49320225  8.56 231.203737  65.682921  5.337 -100.00 -100.00 -100.00
 173    80.314 56373.40884916  8.69 231.180874  65.684469  4.777 -100.00 -100.00 -100.00
 173    78.771 56373.40884975  8.50 231.187123  65.683959  4.275 -100.00 -100.00 -100.00
 173    78.352 56373.40885034  7.89 231.193371  65.683449  3.595 -100.00 -100.00 -100.00
 173    76.966 56373.40885093  8.02 231.199619  65.682938  4.245 -100.00 -100.00 -100.00
 175    79.223 56393.24013930  7.27 231.180021  65.686922  3.744 -100.00 -100.00 -100.00
 175    78.213 56393.24013989  7.69 231.186270  65.686412  3.593 -100.00 -100.00 -100.00
 175    77.355 56393.24014048  8.24 231.192519  65.685901  4.847 -100.00 -100.00 -100.00
 175    75.969 56393.24014107  7.49 231.198768  65.685390  3.894 -100.00 -100.00 -100.00
 175    75.181 56393.24014166  7.55 231.205016  65.684879  4.083 -100.00 -100.00 -100.00
 176    79.042 56403.15578137  6.75 231.177221  65.688138  4.514 -100.00 -100.00 -100.00
 176    78.778 56403.15578196  5.87 231.183470  65.687628  3.403 -100.00 -100.00 -100.00
 176    77.171 56403.15578255  6.68 231.189720  65.687118  3.829 -100.00 -100.00 -100.00
 176    76.111 56403.15578314  6.93 231.195969  65.686607  3.716 -100.00 -100.00 -100.00
 176    75.149 56403.15578373  6.65 231.202218  65.686096  3.519 -100.00 -100.00 -100.00
 177    84.240 56413.07142093  3.81 231.178062  65.688393  3.758 -100.00 -100.00 -100.00
 177    83.574 56413.07142152  3.31 231.184312  65.687883  3.330 -100.00 -100.00 -100.00
 177    76.648 56413.07142211  4.44 231.190562  65.687373  5.374 -100.00 -100.00 -100.00
 177    57.344 56413.07142270  9.12 231.196811  65.686862 11.013 -100.00 -100.00 -100.00
 177    65.199 56413.07142330  5.84 231.203060  65.686351  6.204 -100.00 -100.00 -100.00
 178    84.527 56422.98705552  3.74 231.178449  65.688101  3.484 -100.00 -100.00 -100.00
 178    83.539 56422.98705611  3.54 231.184699  65.687591  3.124 -100.00 -100.00 -100.00
 178    82.776 56422.98705670  3.20 231.190949  65.687081  2.617 -100.00 -100.00 -100.00
 178    81.176 56422.98705729  3.01 231.197198  65.686570  3.081 -100.00 -100.00 -100.00
 178    79.886 56422.98705788  2.93 231.203448  65.686060  2.782 -100.00 -100.00 -100.00
 179    84.363 56432.90269840 10.85 231.178645  65.687863  3.558 -100.00 -100.00 -100.00
 179    84.241 56432.90269899 11.98 231.184895  65.687353  5.238 -100.00 -100.00 -100.00
 179    83.706 56432.90269958 20.78 231.191145  65.686843 12.958 -100.00 -100.00 -100.00
 179    84.345 56432.90270017 21.85 231.197394  65.686332 10.225 -100.00 -100.00 -100.00
 179    84.797 56432.90270076 24.74 231.203644  65.685821 12.352 -100.00 -100.00 -100.00
 180    78.500 56442.81835079 26.73 231.177763  65.687734 23.252 -100.00 -100.00 -100.00
 180    83.624 56442.81835138 11.29 231.184013  65.687224  4.181 -100.00 -100.00 -100.00
 180    80.488 56442.81835197 17.41 231.190263  65.686714 13.726 -100.00 -100.00 -100.00
 180    81.182 56442.81835256 25.97 231.196513  65.686203 14.548 -100.00 -100.00 -100.00
 180    81.475 56442.81835315 24.87 231.202762  65.685692 13.163 -100.00 -100.00 -100.00
 181    80.900 56452.73400077 26.40 231.178373  65.687847 28.730 -100.00 -100.00 -100.00
 181    81.052 56452.73400136 19.17 231.184623  65.687337 17.180 -100.00 -100.00 -100.00
 181    81.334 56452.73400195 29.28 231.190872  65.686826 32.547 -100.00 -100.00 -100.00
 181    81.762 56452.73400254 28.92 231.197121  65.686316 19.560 -100.00 -100.00 -100.00
 181    81.500 56452.73400313 31.25 231.203370  65.685805 25.699 -100.00 -100.00 -100.00
 182    80.130 56462.64964801 30.09 231.176657  65.687243 31.771 -100.00 -100.00 -100.00
 182    80.265 56462.64964860 15.97 231.182907  65.686733 13.502 -100.00 -100.00 -100.00
 182    80.412 56462.64964919 16.41 231.189156  65.686222 14.530 -100.00 -100.00 -100.00
 182    82.512 56462.64964978 28.04 231.195405  65.685712 15.434 -100.00 -100.00 -100.00
 182    82.817 56462.64965037 25.00 231.201654  65.685201 11.327 -100.00 -100.00 -100.00
 184    83.823 56482.48093345 12.27 231.183419  65.683547  5.902 -100.00 -100.00 -100.00
 184    69.286 56482.48093404 12.88 231.189667  65.683037  6.209 -100.00 -100.00 -100.00
 184    67.700 56482.48093463 12.70 231.195915  65.682527  5.691 -100.00 -100.00 -100.00
 184    66.635 56482.48093522 11.96 231.202163  65.682016  6.033 -100.00 -100.00 -100.00
 185    95.577 56492.39657009 27.53 231.179723  65.683662   -100 -100.00 -100.00 -100.00
 185    96.010 56492.39657068 24.38 231.185971  65.683151 28.679 -100.00 -100.00 -100.00
 185    92.002 56492.39657127 28.70 231.192219  65.682641   -100 -100.00 -100.00 -100.00
 185    92.203 56492.39657186 25.90 231.198467  65.682130   -100 -100.00 -100.00 -100.00
 185    96.132 56492.39657245 30.02 231.204714  65.681620 14.800 -100.00 -100.00 -100.00
 187    84.284 56512.22783717 11.30 231.177993  65.687012  5.956 -100.00 -100.00 -100.00
 187    82.823 56512.22783776 11.78 231.184243  65.686502  6.963 -100.00 -100.00 -100.00
 187    70.118 56512.22783835 13.30 231.190492  65.685992  8.536 -100.00 -100.00 -100.00
 187    69.010 56512.22783894 11.96 231.196741  65.685482  6.320 -100.00 -100.00 -100.00
 187    80.218 56512.22783953 11.96 231.202990  65.684971  6.367 -100.00 -100.00 -100.00
 188    83.117 56522.14348434 12.34 231.179474  65.687252  8.991 -100.00 -100.00 -100.00
 188    82.267 56522.14348494 12.45 231.185723  65.686742 10.240 -100.00 -100.00 -100.00
 188    81.650 56522.14348553 11.44 231.191973  65.686232  8.381 -100.00 -100.00 -100.00
 188    64.876 56522.14348612 11.85 231.198222  65.685722  8.400 -100.00 -100.00 -100.00
 188    79.834 56522.14348671 10.78 231.204471  65.685211  6.714 -100.00 -100.00 -100.00
 189    84.527 56532.05913705 11.86 231.180392  65.686059  4.646 -100.00 -100.00 -100.00
 189    82.946 56532.05913764 13.69 231.186642  65.685549  7.523 -100.00 -100.00 -100.00
 189    63.906 56532.05913823 14.36 231.192892  65.685039  8.829 -100.00 -100.00 -100.00
 189    81.245 56532.05913882 12.84 231.199141  65.684528  6.807 -100.00 -100.00 -100.00
 189    85.289 56532.05913941 11.17 231.205390  65.684017  5.055 -100.00 -100.00 -100.00
 191    85.005 56551.89043058 12.06 231.177759  65.684711  6.536 -100.00 -100.00 -100.00
 191    83.855 56551.89043117 13.23 231.184009  65.684201  8.075 -100.00 -100.00 -100.00
 191    83.205 56551.89043176 12.20 231.190259  65.683690  5.704 -100.00 -100.00 -100.00
 191    63.535 56551.89043235 14.18 231.196508  65.683180  9.607 -100.00 -100.00 -100.00
 191    64.458 56551.89043294 12.48 231.202757  65.682669  6.812 -100.00 -100.00 -100.00
 192    78.985 56561.80607319 22.84 231.177221  65.686291 17.606 -100.00 -100.00 -100.00
 192    79.751 56561.80607378 20.70 231.183472  65.685781 11.438 -100.00 -100.00 -100.00
 192    78.989 56561.80607437 28.91 231.189721  65.685271 29.635 -100.00 -100.00 -100.00
 192    80.835 56561.80607496 16.67 231.195971  65.684760 16.000 -100.00 -100.00 -100.00
 192    80.660 56561.80607555 17.75 231.202220  65.684249 15.802 -100.00 -100.00 -100.00
 193    85.167 56571.72171507  6.97 231.181272  65.688031  7.692 -100.00 -100.00 -100.00
 193    84.409 56571.72171566  6.54 231.187522  65.687520  6.409 -100.00 -100.00 -100.00
 193    81.972 56571.72171625  8.25 231.193772  65.687010  7.828 -100.00 -100.00 -100.00
 193    80.470 56571.72171684  8.54 231.200022  65.686499  6.846 -100.00 -100.00 -100.00
 193    79.318 56571.72171743 10.03 231.206272  65.685988  9.436 -100.00 -100.00 -100.00
 194    71.898 56581.63735455 22.10 231.177667  65.689621 18.357 -100.00 -100.00 -100.00
 194    70.544 56581.63735514 19.86 231.183918  65.689111 14.561 -100.00 -100.00 -100.00
 194    74.315 56581.63735573 26.01 231.190168  65.688601 19.596 -100.00 -100.00 -100.00
 194    77.851 56581.63735632 30.25 231.196418  65.688090 30.912 -100.00 -100.00 -100.00
 194    79.396 56581.63735691 20.64 231.202668  65.687579 24.483 -100.00 -100.00 -100.00
 195    84.491 56591.55299049 15.87 231.180826  65.689037  6.800 -100.00 -100.00 -100.00
 195    76.154 56591.55299108 16.23 231.187077  65.688527  5.508 -100.00 -100.00 -100.00
 195    74.762 56591.55299167 17.60 231.193327  65.688017  6.956 -100.00 -100.00 -100.00
 195    68.296 56591.55299226 18.04 231.199577  65.687506  6.929 -100.00 -100.00 -100.00
 195    65.359 56591.55299285 19.22 231.205826  65.686996  7.324 -100.00 -100.00 -100.00
 196    82.653 56601.46863922 22.90 231.176103  65.687917 21.505 -100.00 -100.00 -100.00
 196    77.583 56601.46863981 14.77 231.182353  65.687407  4.861 -100.00 -100.00 -100.00
 196    76.143 56601.46864040 15.64 231.188602  65.686897  5.294 -100.00 -100.00 -100.00
 196    64.444 56601.46864099 17.00 231.194852  65.686387  7.947 -100.00 -100.00 -100.00
 196    68.674 56601.46864159 16.90 231.201101  65.685876  7.073 -100.00 -100.00 -100.00
 197    83.826 56611.38428931 22.25 231.178569  65.686762 17.903 -100.00 -100.00 -100.00
 197    83.781 56611.38428990 21.97 231.184819  65.686252 14.351 -100.00 -100.00 -100.00
 197    82.012 56611.38429049 23.53 231.191068  65.685742 23.284 -100.00 -100.00 -100.00
 197    79.822 56611.38429108 15.55 231.197317  65.685232  7.326 -100.00 -100.00 -100.00
 197    65.213 56611.38429167 16.25 231.203566  65.684721  8.745 -100.00 -100.00 -100.00
 198    83.080 56621.29993443 19.52 231.177689  65.687477 10.720 -100.00 -100.00 -100.00
 198    83.757 56621.29993502 18.87 231.183939  65.686967  8.468 -100.00 -100.00 -100.00
 198    80.716 56621.29993561 24.98 231.190188  65.686457 11.635 -100.00 -100.00 -100.00
 198    78.904 56621.29993620 12.20 231.196437  65.685946  5.579 -100.00 -100.00 -100.00
 198    76.239 56621.29993679 12.10 231.202687  65.685435  6.649 -100.00 -100.00 -100.00
 199    83.337 56631.21557649 18.43 231.176493  65.688403 13.938 -100.00 -100.00 -100.00
 199    81.738 56631.21557708 18.73 231.182743  65.687893 12.155 -100.00 -100.00 -100.00
 199    80.012 56631.21557767 21.87 231.188993  65.687383 23.509 -100.00 -100.00 -100.00
 199    74.537 56631.21557826 11.47 231.195243  65.686872  5.442 -100.00 -100.00 -100.00
 199    68.676 56631.21557885 12.85 231.201492  65.686361  7.441 -100.00 -100.00 -100.00
 200    85.125 56641.13121486 18.01 231.177300  65.688074 14.920 -100.00 -100.00 -100.00
 200    83.349 56641.13121545 18.82 231.183550  65.687564 18.793 -100.00 -100.00 -100.00
 200    80.080 56641.13121604 11.78 231.189800  65.687054  6.995 -100.00 -100.00 -100.00
 200    78.764 56641.13121663 11.03 231.196050  65.686543  6.173 -100.00 -100.00 -100.00
 200    78.061 56641.13121722 10.60 231.202300  65.686032  7.551 -100.00 -100.00 -100.00
 201    84.657 56651.04686259  9.74 231.176426  65.686012  5.537 -100.00 -100.00 -100.00
 201    84.299 56651.04686318 17.11 231.182676  65.685502 15.119 -100.00 -100.00 -100.00
 201    82.898 56651.04686377  8.21 231.188926  65.684992  4.110 -100.00 -100.00 -100.00
 201    80.545 56651.04686436  7.93 231.195176  65.684481  4.264 -100.00 -100.00 -100.00
 201    80.258 56651.04686495  8.78 231.201425  65.683970  4.851 -100.00 -100.00 -100.00
 202    82.533 56660.96251365  8.74 231.183727  65.683100  4.007 -100.00 -100.00 -100.00
 202    82.858 56660.96251424  8.62 231.189976  65.682589  4.400 -100.00 -100.00 -100.00
 202    76.897 56660.96251483  9.13 231.196225  65.682079  4.676 -100.00 -100.00 -100.00
 202    75.264 56660.96251542  9.80 231.202474  65.681568  5.648 -100.00 -100.00 -100.00
 203    83.687 56670.87816073  8.81 231.184048  65.682558  3.617 -100.00 -100.00 -100.00
 203    78.454 56670.87816132  9.16 231.190297  65.682047  4.070 -100.00 -100.00 -100.00
 203    76.821 56670.87816191  9.04 231.196546  65.681536  4.587 -100.00 -100.00 -100.00
 203    75.892 56670.87816250  9.21 231.202794  65.681025  3.995 -100.00 -100.00 -100.00
 205    84.797 56690.70944845  8.34 231.179988  65.686786  4.389 -100.00 -100.00 -100.00
 205    85.518 56690.70944904 13.26 231.186238  65.686276  9.710 -100.00 -100.00 -100.00
 205    83.396 56690.70944963 16.32 231.192487  65.685766 16.142 -100.00 -100.00 -100.00
 205    82.122 56690.70945022  7.53 231.198737  65.685255  3.724 -100.00 -100.00 -100.00
 205    79.379 56690.70945081  7.67 231.204986  65.684744  3.694 -100.00 -100.00 -100.00
 206    83.120 56700.62508800  9.06 231.177822  65.687556  5.927 -100.00 -100.00 -100.00
 206    83.011 56700.62508859 17.04 231.184072  65.687046 20.041 -100.00 -100.00 -100.00
 206    81.559 56700.62508918 16.60 231.190321  65.686535 14.881 -100.00 -100.00 -100.00
 206    82.323 56700.62508977  6.83 231.196571  65.686025  3.489 -100.00 -100.00 -100.00
 206    81.011 56700.62509036  7.59 231.202820  65.685514  4.252 -100.00 -100.00 -100.00
 207    85.076 56710.54072328  7.77 231.180037  65.686115  3.762 -100.00 -100.00 -100.00
 207    85.853 56710.54072387 12.84 231.186286  65.685605 11.038 -100.00 -100.00 -100.00
 207    85.937 56710.54072446  7.54 231.192535  65.685095  3.426 -100.00 -100.00 -100.00
 207    82.217 56710.54072505  7.25 231.198784  65.684585  3.413 -100.00 -100.00 -100.00
 207    76.110 56710.54072564  7.75 231.205033  65.684074  4.231 -100.00 -100.00 -100.00
 208    84.054 56720.45636591  7.69 231.178445  65.684827  3.925 -100.00 -100.00 -100.00
 208    77.341 56720.45636650  7.85 231.184694  65.684317  3.811 -100.00 -100.00 -100.00
 208    78.013 56720.45636709  7.84 231.190943  65.683807  3.780 -100.00 -100.00 -100.00
 208    78.635 56720.45636768  7.24 231.197191  65.683296  3.055 -100.00 -100.00 -100.00
 208    77.592 56720.45636827  7.23 231.203439  65.682786  2.849 -100.00 -100.00 -100.00
 209    31.985 56730.37201835 21.02 231.182895  65.684275 13.442 -100.00 -100.00 -100.00
 209    32.021 56730.37201894 21.50 231.189144  65.683765 15.328 -100.00 -100.00 -100.00
 209    31.825 56730.37201953 24.34 231.195392  65.683254 23.803 -100.00 -100.00 -100.00
 209    31.861 56730.37202012 20.41 231.201640  65.682743 11.653 -100.00 -100.00 -100.00
 211    83.464 56750.20331015  7.90 231.181309  65.688629  3.760 -100.00 -100.00 -100.00
 211    82.849 56750.20331074  8.07 231.187559  65.688118  4.551 -100.00 -100.00 -100.00
 211    80.154 56750.20331133  8.18 231.193808  65.687608  4.117 -100.00 -100.00 -100.00
 211    72.857 56750.20331192  8.43 231.200058  65.687097  4.242 -100.00 -100.00 -100.00
 211    67.217 56750.20331251  8.99 231.206306  65.686586  4.755 -100.00 -100.00 -100.00
 212    84.140 56760.11894879  7.54 231.177090  65.689989  3.601 -100.00 -100.00 -100.00
 212    88.521 56760.11894938  7.54 231.183341  65.689479  4.903 -100.00 -100.00 -100.00
 212    88.705 56760.11894997 16.37 231.189591  65.688969 20.289 -100.00 -100.00 -100.00
 212    89.109 56760.11895057 15.69 231.195840  65.688459 14.087 -100.00 -100.00 -100.00
 212    82.663 56760.11895116  6.33 231.202090  65.687948  3.729 -100.00 -100.00 -100.00
 213    86.190 56770.03458163  0.56 231.178964  65.689209  2.823 -100.00 -100.00 -100.00
 213    86.336 56770.03458222  9.93 231.185214  65.688699 18.452 -100.00 -100.00 -100.00
 213    86.533 56770.03458281  9.87 231.191464  65.688189 18.338 -100.00 -100.00 -100.00
 213    84.948 56770.03458340  5.00 231.197714  65.687678  9.134 -100.00 -100.00 -100.00
 214    73.906 56779.95023318 11.95 231.178999  65.687303 11.159 -100.00 -100.00 -100.00
 214    73.635 56779.95023377 17.16 231.185249  65.686793 19.018 -100.00 -100.00 -100.00
 214    75.764 56779.95023436 16.63 231.191499  65.686283 18.206 -100.00 -100.00 -100.00
 214    79.180 56779.95023495  8.09 231.197748  65.685772  5.565 -100.00 -100.00 -100.00
 214    79.396 56779.95023554  8.50 231.203997  65.685261  7.185 -100.00 -100.00 -100.00
 215    81.223 56789.86588864 23.58 231.180156  65.686042 26.447 -100.00 -100.00 -100.00
 215    81.705 56789.86588923 22.51 231.186406  65.685531 22.358 -100.00 -100.00 -100.00
 215    82.070 56789.86588982 30.44 231.192655  65.685021 17.925 -100.00 -100.00 -100.00
 215    81.861 56789.86589041 29.18 231.198904  65.684510 21.105 -100.00 -100.00 -100.00
 215    81.545 56789.86589100 22.64 231.205153  65.683999 29.474 -100.00 -100.00 -100.00
 216    84.172 56799.78154073 12.56 231.180580  65.686169  6.089 -100.00 -100.00 -100.00
 216    82.330 56799.78154132 13.65 231.186829  65.685658  7.750 -100.00 -100.00 -100.00
 216    81.826 56799.78154191 12.97 231.193078  65.685148  6.298 -100.00 -100.00 -100.00
 216    81.282 56799.78154250 11.96 231.199327  65.684636  4.383 -100.00 -100.00 -100.00
 216    73.337 56799.78154309 12.63 231.205576  65.684125  5.463 -100.00 -100.00 -100.00
 217    84.092 56809.69718596 10.79 231.177082  65.687430  6.857 -100.00 -100.00 -100.00
 217    83.239 56809.69718655 10.52 231.183331  65.686920  5.544 -100.00 -100.00 -100.00
 217    82.440 56809.69718714 10.22 231.189581  65.686409  4.934 -100.00 -100.00 -100.00
 217    69.867 56809.69718773 11.05 231.195830  65.685898  5.602 -100.00 -100.00 -100.00
 217    69.640 56809.69718832 11.26 231.202078  65.685387  5.384 -100.00 -100.00 -100.00
 219    78.803 56829.52846326  8.61 231.180542  65.685766  4.334 -100.00 -100.00 -100.00
 219    71.005 56829.52846385  8.57 231.186791  65.685256  5.194 -100.00 -100.00 -100.00
 219    70.373 56829.52846444  7.92 231.193039  65.684745  4.186 -100.00 -100.00 -100.00
 219    88.685 56829.52846504  8.79 231.199287  65.684235  4.066 -100.00 -100.00 -100.00
 219    86.593 56829.52846563  8.02 231.205535  65.683724  3.312 -100.00 -100.00 -100.00
 220    31.941 56839.44409674 31.53 231.181317  65.683826 20.135 -100.00 -100.00 -100.00
 220    31.980 56839.44409733 29.16 231.187565  65.683316 11.761 -100.00 -100.00 -100.00
 220    31.972 56839.44409792 26.79 231.193813  65.682806  9.433 -100.00 -100.00 -100.00
 220    31.905 56839.44409851 25.40 231.200061  65.682295  7.056 -100.00 -100.00 -100.00
 221    82.282 56849.35972985 24.70 231.182780  65.683410 26.926 -100.00 -100.00 -100.00
 221    94.144 56849.35973044 23.04 231.189029  65.682900 10.907 -100.00 -100.00 -100.00
 221    81.392 56849.35973103 27.12 231.195276  65.682389 18.040 -100.00 -100.00 -100.00
 221    80.652 56849.35973162 24.41 231.201524  65.681879   -100 -100.00 -100.00 -100.00
 222    79.134 56859.27538400  7.89 231.179613  65.684893  5.787 -100.00 -100.00 -100.00
 222    78.106 56859.27538459  7.66 231.185861  65.684383  5.166 -100.00 -100.00 -100.00
 222    76.905 56859.27538518  8.25 231.192110  65.683873  5.783 -100.00 -100.00 -100.00
 222    75.939 56859.27538577  7.77 231.198358  65.683363  4.550 -100.00 -100.00 -100.00
 222    69.555 56859.27538636  7.48 231.204606  65.682852  4.096 -100.00 -100.00 -100.00
 223    79.889 56869.19103720 28.14 231.176832  65.687168   -100 -100.00 -100.00 -100.00
 223    67.443 56869.19103779 11.36 231.183081  65.686658  7.378 -100.00 -100.00 -100.00
 223    63.562 56869.19103838 11.80 231.189330  65.686148  8.752 -100.00 -100.00 -100.00
 223    65.074 56869.19103897 11.35 231.195579  65.685637  7.939 -100.00 -100.00 -100.00
 223    69.419 56869.19103956 10.09 231.201828  65.685126  5.414 -100.00 -100.00 -100.00
 224   104.827 56879.10668850 13.17 231.177823  65.687769 16.184 -100.00 -100.00 -100.00
 224   106.461 56879.10668909  6.77 231.184073  65.687259  5.365 -100.00 -100.00 -100.00
 224   100.698 56879.10668968  8.07 231.190323  65.686748  8.023 -100.00 -100.00 -100.00
 224   103.692 56879.10669027  8.22 231.196572  65.686238  8.224 -100.00 -100.00 -100.00
 224    80.066 56879.10669086  7.84 231.202821  65.685727  9.044 -100.00 -100.00 -100.00
 225    79.408 56889.02233669 14.41 231.181465  65.686313 11.865 -100.00 -100.00 -100.00
 225    62.191 56889.02233728 13.59 231.187714  65.685803 10.512 -100.00 -100.00 -100.00
 225    63.379 56889.02233787 12.07 231.193964  65.685292  7.461 -100.00 -100.00 -100.00
 225    64.448 56889.02233846 12.17 231.200213  65.684781  7.219 -100.00 -100.00 -100.00
 226    79.182 56898.93798161 23.12 231.178975  65.684760 18.735 -100.00 -100.00 -100.00
 226    80.788 56898.93798220 22.32 231.185224  65.684249 18.581 -100.00 -100.00 -100.00
 226    80.597 56898.93798280 12.90 231.191473  65.683739  8.801 -100.00 -100.00 -100.00
 226    78.855 56898.93798339 14.38 231.197722  65.683228 12.394 -100.00 -100.00 -100.00
 226    79.750 56898.93798398 24.12 231.203971  65.682717 16.570 -100.00 -100.00 -100.00
 227    81.503 56908.85362446 11.62 231.180018  65.684610  6.903 -100.00 -100.00 -100.00
 227    82.755 56908.85362506 11.24 231.186267  65.684099  6.315 -100.00 -100.00 -100.00
 227    63.833 56908.85362565 11.89 231.192516  65.683589  7.145 -100.00 -100.00 -100.00
 227    64.264 56908.85362624 12.15 231.198765  65.683078  7.853 -100.00 -100.00 -100.00
 227    64.955 56908.85362683 11.76 231.205014  65.682566  7.241 -100.00 -100.00 -100.00
 228    78.433 56918.76926520 10.16 231.179035  65.686648  7.111 -100.00 -100.00 -100.00
 228    82.290 56918.76926579 10.64 231.185284  65.686137  7.479 -100.00 -100.00 -100.00
 228    81.434 56918.76926638  9.90 231.191534  65.685626  5.973 -100.00 -100.00 -100.00
 228    80.982 56918.76926697  9.28 231.197783  65.685115  4.089 -100.00 -100.00 -100.00
 228    79.774 56918.76926756  9.25 231.204032  65.684604  4.481 -100.00 -100.00 -100.00
 229    72.356 56928.68490378 22.15 231.177074  65.689350   -100 -100.00 -100.00 -100.00
 229    74.331 56928.68490437  9.84 231.183324  65.688839 10.072 -100.00 -100.00 -100.00
 229    81.066 56928.68490496  8.50 231.189574  65.688329  6.022 -100.00 -100.00 -100.00
 229    69.387 56928.68490555  8.97 231.195824  65.687818  6.818 -100.00 -100.00 -100.00
 229    69.853 56928.68490614  8.57 231.202074  65.687307  5.409 -100.00 -100.00 -100.00
 230    78.344 56938.60053821 22.82 231.176339  65.690570 32.295 -100.00 -100.00 -100.00
 230    79.067 56938.60053880 25.26 231.182590  65.690060 20.245 -100.00 -100.00 -100.00
 230    78.639 56938.60053940 25.36 231.188840  65.689549 28.324 -100.00 -100.00 -100.00
 230    78.697 56938.60053999 20.82 231.195090  65.689039 25.730 -100.00 -100.00 -100.00
 230    78.782 56938.60054058 15.83 231.201340  65.688528 11.474 -100.00 -100.00 -100.00
 230    78.633 56938.60054117 15.23 231.207589  65.688017  9.536 -100.00 -100.00 -100.00
 231    83.778 56948.51617232 23.11 231.175160  65.689877 13.044 -100.00 -100.00 -100.00
 231    87.524 56948.51617291 26.29 231.181411  65.689367 13.920 -100.00 -100.00 -100.00
 231    79.762 56948.51617350 26.92 231.187661  65.688857   -100 -100.00 -100.00 -100.00
 231    77.778 56948.51617409 20.26 231.193911  65.688347 14.652 -100.00 -100.00 -100.00
 231    78.086 56948.51617468 32.49 231.200160  65.687836   -100 -100.00 -100.00 -100.00
 231    79.938 56948.51617527 22.42 231.206410  65.687326 17.330 -100.00 -100.00 -100.00
 232    83.938 56958.43182570 23.10 231.177355  65.687451 10.804 -100.00 -100.00 -100.00
 232    80.013 56958.43182629 14.55 231.183605  65.686941  5.027 -100.00 -100.00 -100.00
 232    78.562 56958.43182688 16.01 231.189854  65.686431  7.918 -100.00 -100.00 -100.00
 232    80.399 56958.43182747 28.22 231.196103  65.685920   -100 -100.00 -100.00 -100.00
 232    83.284 56958.43182807 26.28 231.202352  65.685410 13.520 -100.00 -100.00 -100.00
 233    84.368 56968.34747364 20.16 231.178228  65.686114 12.114 -100.00 -100.00 -100.00
 233    84.521 56968.34747423 20.40 231.184477  65.685604  9.194 -100.00 -100.00 -100.00
 233    82.455 56968.34747483 25.03 231.190726  65.685093 19.052 -100.00 -100.00 -100.00
 233    80.859 56968.34747542 28.13 231.196975  65.684583 22.213 -100.00 -100.00 -100.00
 233    68.833 56968.34747601 15.55 231.203223  65.684072  7.670 -100.00 -100.00 -100.00
 234    87.829 56978.26311760 15.88 231.179608  65.686392  8.744 -100.00 -100.00 -100.00
 234    86.893 56978.26311819 19.45 231.185858  65.685882 14.953 -100.00 -100.00 -100.00
 234    85.649 56978.26311879 22.19 231.192107  65.685372 10.633 -100.00 -100.00 -100.00
 234    80.399 56978.26311938 16.91 231.198356  65.684861 11.678 -100.00 -100.00 -100.00
 234    64.858 56978.26311997 16.38 231.204604  65.684350  9.460 -100.00 -100.00 -100.00
 235    77.089 56988.17875657 12.08 231.175912  65.687764  4.462 -100.00 -100.00 -100.00
 235    87.373 56988.17875716 17.27 231.182162  65.687254 12.135 -100.00 -100.00 -100.00
 235    85.515 56988.17875775 11.40 231.188412  65.686743  4.515 -100.00 -100.00 -100.00
 235    86.614 56988.17875834 21.37 231.194662  65.686233 17.045 -100.00 -100.00 -100.00
 235    82.967 56988.17875893 13.31 231.200911  65.685722  5.498 -100.00 -100.00 -100.00
 236    86.765 56998.09439031 11.37 231.181632  65.687577  5.753 -100.00 -100.00 -100.00
 236    87.585 56998.09439090 19.81 231.187883  65.687067 12.473 -100.00 -100.00 -100.00
 236    86.452 56998.09439149 19.97 231.194132  65.686557 12.453 -100.00 -100.00 -100.00
 236    81.718 56998.09439208 11.27 231.200382  65.686046  5.101 -100.00 -100.00 -100.00
 237    78.574 57008.01003872  9.60 231.177144  65.686479  4.297 -100.00 -100.00 -100.00
 237    86.326 57008.01003931 17.58 231.183394  65.685969 13.257 -100.00 -100.00 -100.00
 237    89.040 57008.01003990 19.08 231.189644  65.685459 11.559 -100.00 -100.00 -100.00
 237    85.428 57008.01004049 20.96 231.195894  65.684948 14.267 -100.00 -100.00 -100.00
 237    68.994 57008.01004108 11.73 231.202143  65.684437  8.671 -100.00 -100.00 -100.00
 238    79.213 57017.92569223  9.93 231.179290  65.684286  5.033 -100.00 -100.00 -100.00
 238    86.574 57017.92569282  9.37 231.185539  65.683776  5.124 -100.00 -100.00 -100.00
 238    89.223 57017.92569341 18.78 231.191789  65.683265 12.959 -100.00 -100.00 -100.00
 238    86.744 57017.92569400 12.29 231.198038  65.682755  8.056 -100.00 -100.00 -100.00
 238    75.241 57017.92569459 10.25 231.204287  65.682244  5.818 -100.00 -100.00 -100.00
 239    79.392 57027.84134219  9.50 231.179082  65.683610  4.850 -100.00 -100.00 -100.00
 239    86.488 57027.84134278 17.63 231.185331  65.683100 12.697 -100.00 -100.00 -100.00
 239    88.579 57027.84134337 18.02 231.191580  65.682590  9.841 -100.00 -100.00 -100.00
 239    83.565 57027.84134396  8.91 231.197829  65.682079  4.345 -100.00 -100.00 -100.00
 239    75.899 57027.84134455  9.52 231.204078  65.681568  6.000 -100.00 -100.00 -100.00
 240    86.899 57037.75699054 16.15 231.180820  65.684701 13.764 -100.00 -100.00 -100.00
 240    87.418 57037.75699113 16.64 231.187069  65.684191 13.763 -100.00 -100.00 -100.00
 240    83.671 57037.75699172 20.05 231.193319  65.683680 21.816 -100.00 -100.00 -100.00
 240    75.241 57037.75699231  8.90 231.199567  65.683169  4.990 -100.00 -100.00 -100.00
 241    87.865 57047.67263629  9.76 231.181717  65.686361  6.665 -100.00 -100.00 -100.00
 241    88.817 57047.67263688 16.93 231.187967  65.685851 12.413 -100.00 -100.00 -100.00
 241    87.016 57047.67263747 16.77 231.194216  65.685340 12.410 -100.00 -100.00 -100.00
 241    81.778 57047.67263806  7.85 231.200465  65.684829  4.530 -100.00 -100.00 -100.00
 242    79.362 57057.58827780  7.03 231.177109  65.687715  4.039 -100.00 -100.00 -100.00
 242    82.830 57057.58827839  7.08 231.183359  65.687205  3.400 -100.00 -100.00 -100.00
 242    88.021 57057.58827898 15.73 231.189609  65.686695 14.225 -100.00 -100.00 -100.00
 242    88.164 57057.58827957 15.66 231.195858  65.686184 20.266 -100.00 -100.00 -100.00
 242    74.325 57057.58828016  8.22 231.202107  65.685674  5.006 -100.00 -100.00 -100.00
 243    87.096 57067.50391466 10.17 231.181301  65.686829  8.572 -100.00 -100.00 -100.00
 243    88.300 57067.50391525 16.09 231.187551  65.686319 13.277 -100.00 -100.00 -100.00
 243    84.837 57067.50391584 16.02 231.193800  65.685809 12.012 -100.00 -100.00 -100.00
 243    79.975 57067.50391643  6.11 231.200049  65.685298  4.568 -100.00 -100.00 -100.00
 244    83.428 57077.41954652  6.22 231.178455  65.686469  3.611 -100.00 -100.00 -100.00
 244    86.190 57077.41954711  5.34 231.184704  65.685959  2.998 -100.00 -100.00 -100.00
 244    86.408 57077.41954770 15.86 231.190953  65.685449 16.816 -100.00 -100.00 -100.00
 244    86.274 57077.41954829  9.48 231.197202  65.684939  7.246 -100.00 -100.00 -100.00
 244    82.049 57077.41954888  6.09 231.203450  65.684428  3.540 -100.00 -100.00 -100.00
 245    80.641 57087.33517864  8.83 231.180956  65.686583  8.143 -100.00 -100.00 -100.00
 245    82.430 57087.33517923 15.35 231.187205  65.686074 18.581 -100.00 -100.00 -100.00
 245    80.779 57087.33517982 12.70 231.193454  65.685563 12.237 -100.00 -100.00 -100.00
 245    81.365 57087.33518041  6.08 231.199703  65.685053  3.743 -100.00 -100.00 -100.00
 245    78.723 57087.33518100  6.46 231.205951  65.684542  4.625 -100.00 -100.00 -100.00
 246    84.189 57097.25083728 10.15 231.180704  65.687739  9.189 -100.00 -100.00 -100.00
 246    85.036 57097.25083787 15.26 231.186953  65.687229 12.556 -100.00 -100.00 -100.00
 246    82.670 57097.25083846 15.93 231.193202  65.686718 17.384 -100.00 -100.00 -100.00
 246    81.103 57097.25083905  5.17 231.199451  65.686208  3.394 -100.00 -100.00 -100.00
 246    78.013 57097.25083964  6.08 231.205700  65.685697  4.974 -100.00 -100.00 -100.00
 248    82.731 57117.08214384  4.75 231.179744  65.689599  3.256 -100.00 -100.00 -100.00
 248    77.531 57117.08214443  4.22 231.185995  65.689089  3.297 -100.00 -100.00 -100.00
 248    86.291 57117.08214502  5.08 231.192245  65.688578  4.976 -100.00 -100.00 -100.00
 248    88.238 57117.08214561  5.88 231.198494  65.688067  5.764 -100.00 -100.00 -100.00
 248    73.928 57117.08214620  5.29 231.204744  65.687556  4.073 -100.00 -100.00 -100.00
 249    81.409 57126.99778824 14.11 231.176155  65.688832 13.434 -100.00 -100.00 -100.00
 249    81.915 57126.99778883 15.05 231.182405  65.688322 14.877 -100.00 -100.00 -100.00
 249    79.970 57126.99778942 18.80 231.188655  65.687812 32.408 -100.00 -100.00 -100.00
 249    80.264 57126.99779001 14.19 231.194905  65.687301 20.421 -100.00 -100.00 -100.00
 249    80.570 57126.99779060  4.60 231.201155  65.686791  5.025 -100.00 -100.00 -100.00
 250    80.197 57136.91342803  8.68 231.180626  65.686987  5.871 -100.00 -100.00 -100.00
 250    79.801 57136.91342862  9.63 231.186875  65.686476  6.768 -100.00 -100.00 -100.00
 250    70.010 57136.91342921  9.68 231.193125  65.685966  5.624 -100.00 -100.00 -100.00
 250    68.998 57136.91342980 11.90 231.199374  65.685455  7.535 -100.00 -100.00 -100.00
 250    65.560 57136.91343039 12.41 231.205623  65.684944  8.476 -100.00 -100.00 -100.00
