# NaN NaN NaN ;Mean Elev.(m), Avg Gradient(m/km), RMS Gradient(m/km) - SRTM1     
#   10.699  -1.875   7.846 ;Mean Elev.(m), Avg Gradient(m/km), RMS Gradient(m/km) - ASTER GDEM
#   30.000  -1.877   6.685 ;Mean Elev.(m), Avg Gradient(m/km), RMS Gradient(m/km) - GMTED2010 
   2 230.890552  66.043988    75.086    74.522 10 54673.85151185 17.925
   3 230.891534  66.045297   -13.274   -13.441 11 54683.76715534 23.452
   4 230.894880  66.045966    76.869    76.215 10 54693.68279771 16.023
   5 230.892306  66.045451     2.319     2.312 11 54703.59843707  7.137
   6 230.887124  66.043526    72.590    77.099 10 54713.51408658 27.623
   7 230.882469  66.041709     7.694     6.185  8 54723.42973691 28.335
   8 230.883645  66.040903    72.549    70.059  9 54733.34538539 21.102
   9 230.887839  66.041738    73.219    71.546  9 54743.26103263 18.459
  10 230.891676  66.042601    72.502    71.736 10 54753.17667954 23.256
  11 230.885714  66.042603    73.846    75.820  9 54763.09232509 26.687
  12 230.887653  66.040860    74.615    74.035  9 54773.00796884 24.364
  13 230.883848  66.039656    74.161    72.670  9 54782.92360925 19.904
  14 230.883888  66.039834    73.763    72.623  9 54792.83924768 21.209
  17 230.886795  66.043618    76.178    74.516  9 54822.58616519 17.005
  18 230.892299  66.042623    76.085    75.460 10 54832.50180609 17.224
  19 230.891050  66.042490    76.098    75.474 10 54842.41745613 16.297
  20 230.888357  66.043653    75.922    74.804 10 54852.33310482 15.768
  21 230.894384  66.045091    76.731    76.546 11 54862.24875396 15.567
  22 230.892726  66.045878    76.907    76.616 10 54872.16440236 15.161
  23 230.890900  66.044694    76.160    76.143 11 54882.08004891 15.502
  24 230.883701  66.042300    75.221    73.623  8 54891.99569169 15.836
  25 230.884824  66.040033    74.730    72.929  9 54901.91133239 16.235
  26 230.883950  66.040147    75.014    72.873  9 54911.82697129 15.794
  27 230.887873  66.041669    76.600    76.462  9 54921.74260958 15.291
  28 230.891320  66.042891    75.946    75.131 10 54931.65824715 14.616
  29 230.884513  66.042635    75.354    73.611  8 54941.57388227 14.385
  30 230.884482  66.040857    72.396    69.298  9 54951.48951634 24.990
  31 230.880791  66.039442    73.784    68.924  7 54961.40515749 23.874
  32 230.884436  66.039795    73.731    69.751  9 54971.32080647 22.325
  33 230.883964  66.041636    75.114    71.587  9 54981.23645389 20.570
  34 230.885921  66.043304    78.956    79.391  9 54991.15210122 28.445
  35 230.889043  66.043433    75.927    75.225 10 55001.06774831 18.895
  36 230.884734  66.043231    75.141    74.078  9 55010.98339296 19.336
  37 230.885384  66.042788    73.175    72.783  9 55020.89903655 24.032
  38 230.889045  66.043522    73.986    77.991 10 55030.81467931 26.207
  39 230.890832  66.044835    75.767    75.600 11 55040.73032122 28.035
  40 230.893601  66.045605    75.706    74.390 11 55050.64596181 19.084
  41 230.890323  66.044676    77.110    76.006 10 55060.56159973 15.862
  42 230.883212  66.042402    74.378    69.822  8 55070.47724049 20.951
  43 230.883494  66.040030    73.616    70.043  9 55080.39288975 20.301
  44 230.884430  66.039708    72.330    68.729  9 55090.30853717 19.330
  45 230.882258  66.041383    73.191    70.348  8 55100.22418332 18.664
  46 230.886740  66.042950    74.136    71.068  9 55110.13982958 20.419
  47 230.884807  66.042855    69.603    66.751  9 55120.05547364 31.679
  48 230.884956  66.040853    69.497    68.260  9 55129.97111532 29.202
  49 230.884099  66.038961    68.090    66.870  9 55139.88675491 27.712
  50 230.883444  66.039296    70.301    67.722  8 55149.80239344 26.237
  51 230.884658  66.041559    73.393    71.178  9 55159.71803189 23.542
  52 230.888903  66.043650    75.978    75.128 10 55169.63367026 21.227
  53 230.891257  66.044319    76.111    75.401 10 55179.54930733 20.460
  54 230.887109  66.043600    75.892    74.373  9 55189.46495371 20.962
  55 230.885883  66.043175    76.013    74.118  9 55199.38060413 20.102
  56 230.890107  66.043584    75.859    75.146 10 55209.29625422 20.265
  57 230.891098  66.044699    76.879    75.622 10 55219.21190350 19.849
  58 230.893163  66.044622    76.174    75.881 10 55229.12755204 18.533
  59 230.887319  66.043561    75.286    74.781 10 55239.04319674 19.052
  60 230.887837  66.041259    74.845    73.344  9 55248.95883846 19.544
  61 230.884094  66.039796    75.267    73.592  8 55258.87447743 19.076
  62 230.882319  66.039947    74.770    72.519  9 55268.79011581 18.815
  63 230.884210  66.041323    74.838    72.826  8 55278.70575427 18.910
  64 230.886311  66.042387    75.194    73.305  9 55288.62139147 17.771
  65 230.884849  66.042435    74.924    73.367  9 55298.53702597 17.756
  66 230.882726  66.040949    71.868    69.770  8 55308.45266896 23.239
  67 230.884234  66.039513    73.633    69.639  9 55318.36831529 20.607
  68 230.884060  66.039692    72.524    69.712  9 55328.28396037 21.719
  69 230.883101  66.041507    73.354    68.956  9 55338.19960474 20.493
  70 230.892114  66.043044    74.543    76.832 10 55348.11524959 26.962
  71 230.888020  66.044031    73.436    75.179 10 55358.03089149 28.065
  72 230.886974  66.043896    74.300    73.061 10 55367.94653162 18.252
  73 230.889104  66.043493    75.160    76.987 10 55377.86217058 25.737
  74 230.890283  66.043753    76.524    74.762 10 55387.77780866 18.388
  75 230.888980  66.044387    73.169    73.181 10 55397.69344559 24.035
  76 230.888731  66.044282    73.962    76.079 10 55407.60908943 29.564
  77 230.887596  66.042969    74.051    70.977  9 55417.52474040 18.851
  78 230.883103  66.041161    73.816    71.100  9 55427.44038761 20.264
  79 230.882746  66.040076    71.627    68.092  9 55437.35603247 22.676
  80 230.884253  66.040315    72.349    69.761  8 55447.27167614 19.024
  81 230.883778  66.041374    73.671    70.041  9 55457.18731923 20.908
  82 230.883233  66.042202    74.815    71.835  8 55467.10296164 17.608
  83 230.884391  66.041814    73.627    77.426  8 55477.01860101 26.824
  84 230.883400  66.040827    72.156    68.426  9 55486.93423702 25.233
  85 230.882933  66.040075    73.746    72.415  9 55496.84987088 24.057
  86 230.884702  66.040782    73.357    71.292  9 55506.76550727 21.497
  87 230.887482  66.042057    73.305    73.038 10 55516.68115799 20.074
  88 230.887416  66.043473    75.387    73.686  9 55526.59680754 18.189
  89 230.894473  66.043732    76.223    75.998 11 55536.51245574 17.104
  90 230.893102  66.043688    77.323    77.554 10 55546.42810099 17.925
  91 230.889735  66.043853    77.056    77.059 10 55556.34374422 17.836
  92 230.893011  66.044120    76.830    76.697 10 55566.25938716 18.447
  93 230.891184  66.044164    76.287    75.752 10 55576.17502899 17.908
  94 230.886111  66.043273    75.464    73.699  9 55586.09066872 18.511
  95 230.882382  66.041826    73.645    71.945  8 55596.00630536 18.035
  96 230.895003  66.040294    75.182    74.916  8 55605.92194039 17.353
  97 230.883441  66.040750    73.256    71.535  8 55615.83757111 17.856
  98 230.881679  66.041699    76.158    74.317  8 55625.75321251 14.058
  99 230.887260  66.041887    76.230    74.855 10 55635.66886513 13.862
 100 230.883227  66.041802    75.904    74.061  9 55645.58451477 13.717
 101 230.883517  66.040938    76.490    74.238  9 55655.50016204 13.629
 102 230.887523  66.040152    76.458    74.867  9 55665.41580512 14.393
 103 230.882227  66.040530    75.417    73.691  8 55675.33144436 13.690
 104 230.882813  66.041613    77.848    76.646  9 55685.24708241  2.530
 105 230.885696  66.042836    72.627    70.408  9 55695.16271950 19.514
 106 230.887807  66.043685    75.047    74.117 10 55705.07835523 24.102
 107 230.888514  66.043712    76.025    74.615 10 55714.99400287 18.352
 108 230.889052  66.043627    77.952    79.318 10 55724.90965186 22.076
 109 230.890773  66.043935    75.869    74.225 10 55734.82529905 17.764
 110 230.891669  66.044403    74.789    74.298 11 55744.74094490 17.206
 111 230.894919  66.043974    75.590    75.222 11 55754.65658937 27.440
 112 230.884545  66.042816    70.168    66.276  9 55764.57223031 23.759
 113 230.895230  66.040451    70.461    67.658  8 55774.48787035 26.078
 114 230.883126  66.039815    71.852    68.158  9 55784.40350505 22.376
 115 230.883793  66.040700    73.754    69.926  8 55794.31913856 19.012
 116 230.886480  66.042205    73.012    69.759 10 55804.23477595 20.425
 117 230.884456  66.042888    73.229    70.948  9 55814.15042526 21.715
 118 230.881332  66.042050    72.484    78.934  8 55824.06607238 26.223
 119 230.884287  66.040505    71.226    67.289  9 55833.98171540 25.163
 120 230.883260  66.039973    74.011    71.547  9 55843.89735406 21.324
 121 230.882682  66.041083    69.259    66.537  9 55853.81298975 28.645
 122 230.885019  66.042967    71.597    69.175  9 55863.72862727 26.896
 123 230.889772  66.043949    78.261    77.480 10 55873.64428144 23.355
 133 230.894238  66.040026    76.249    76.025  8 55972.80071835 15.632
 134 230.885587  66.042564    76.314    74.735  9 55982.71635364 15.944
 135 230.888571  66.043350    76.666    77.534 10 55992.63198825 15.704
 136 230.888745  66.042161    76.809    75.086  9 56002.54763666 15.981
 137 230.894050  66.039812    75.091    74.918  8 56012.46328681 16.856
 139 230.884098  66.040878    76.279    73.983  9 56032.29457535 14.444
 141 230.892666  66.044618    78.318    78.473 10 56052.12585610 10.513
 142 230.890405  66.044715    70.573    71.296 10 56062.04149177 22.964
 143 230.891914  66.043507    77.541    74.159 10 56071.95713149 24.943
 144 230.886777  66.043027    75.550    74.842  9 56081.87278145 18.211
 145 230.890058  66.043408    75.439    74.051 11 56091.78842959 19.806
 146 230.891118  66.044418    74.577    75.882 11 56101.70407521 26.724
 147 230.890283  66.044223    73.359    73.516 11 56111.61970637 26.309
 148 230.886430  66.042612    70.326    66.916 10 56121.53534541 25.621
 149 230.884658  66.040349    72.465    68.678  9 56131.45098088 21.674
 150 230.894326  66.039015    72.104    72.104  2 56141.36661700 22.957
 151 230.894370  66.040128    68.927    66.804  8 56151.28226790 27.788
 152 230.886385  66.042526    74.949    71.896 10 56161.19791624 20.416
 153 230.891505  66.043318    74.457    73.207 10 56171.11356406 23.551
 154 230.886863  66.042426    74.993    72.786  9 56181.02920677 16.936
 155 230.894967  66.040282    75.606    77.629  8 56190.94484678 24.811
 156 230.885468  66.039888    73.824    70.045  9 56200.86048236 18.751
 157 230.887923  66.041396    72.390    68.918  9 56210.77611675 21.537
 158 230.895398  66.043728    74.548    74.601 11 56220.69174970 24.196
 159 230.892435  66.045504    74.077    74.208 11 56230.60740049 25.393
 160 230.893814  66.045077    75.036    75.727 10 56240.52305368 22.326
 161 230.887994  66.044074    73.479    73.572 10 56250.43870221 23.676
 162 230.884067  66.043188    73.879    71.966  9 56260.35434612 22.495
 163 230.888040  66.043309    75.134    74.060 10 56270.26998825 21.881
 164 230.890245  66.043842    74.700    73.964 10 56280.18562848 22.153
 165 230.890006  66.043885    75.800    74.658  9 56290.10128010 21.733
 166 230.885858  66.042481    74.365    72.925  9 56300.01692787 21.824
 167 230.894828  66.040010    75.100    74.544  8 56309.93257281 21.400
 168 230.884430  66.039364    73.087    70.518  9 56319.84821364 21.911
 169 230.882912  66.040532    72.050    69.719  8 56329.76385442 21.863
 170 230.884311  66.042460    72.001    70.499  9 56339.67949472 21.179
 171 230.892807  66.043317    72.987    72.132 10 56349.59513353 19.781
 172 230.884975  66.042825    73.228    71.773  9 56359.51076923 19.305
 173 230.883510  66.041064    73.031    71.843  8 56369.42641945 16.868
 175 230.888042  66.041760    74.773    73.754  9 56389.25771261 16.165
 176 230.892665  66.043888    76.898    75.751 10 56399.17335632 14.346
 177 230.892278  66.045342    76.157    76.171 11 56409.08899705  9.357
 178 230.894840  66.045048    76.609    76.287 11 56419.00463362 11.265
 179 230.890030  66.044169    78.508    79.188 10 56428.92026714 19.870
 180 230.892348  66.043158    76.152    74.713 10 56438.83592100 23.004
 181 230.886418  66.043265    75.012    72.254  9 56448.75157158 17.948
 182 230.891742  66.043355    74.148    75.127 10 56458.66722100 27.893
 183 230.884656  66.043086    74.793    72.871  9 56468.58286599 18.750
 184 230.881612  66.042159    75.142    72.592  8 56478.49850735 18.879
 185 230.883487  66.040829    73.994    71.430  8 56488.41414528 18.264
 187 230.883899  66.041394    73.859    77.551  9 56508.24541446 23.290
 188 230.886714  66.042615    75.100    78.549  9 56518.16105339 26.010
 189 230.889701  66.042934    75.374    75.541 11 56528.07670776 19.326
 190 230.887121  66.042660    74.918    77.950  9 56537.99235740 18.214
 191 230.882482  66.041900    73.583    70.574  8 56547.90800288 19.398
 192 230.883435  66.041825    75.941    72.370  8 56557.82364627 18.079
 193 230.886421  66.042779    75.011    72.121 10 56567.73928896 20.208
 194 230.890792  66.044399    73.198    72.223 10 56577.65493044 23.490
 195 230.893829  66.045341    75.914    79.496 11 56587.57056823 26.686
 196 230.891480  66.045205    73.530    74.072 11 56597.48620932 27.835
 197 230.887865  66.044201    72.980    71.820 10 56607.40186060 27.399
 198 230.891207  66.043417    75.599    74.590 10 56617.31750758 24.427
 199 230.887797  66.043425    75.260    74.512 10 56627.23315054 22.915
 200 230.887628  66.043366    73.841    73.860 10 56637.14879100 20.357
 201 230.886591  66.042745    75.249    73.830 10 56647.06443250 18.571
 202 230.884658  66.041625    75.855    73.906  9 56656.98008440 20.146
 203 230.882365  66.040752    74.479    72.870  9 56666.89573193 20.337
 205 230.882301  66.042008    74.727    73.210  8 56686.72702104 19.885
 206 230.886697  66.042639    75.141    73.515 10 56696.64266341 19.293
 207 230.886813  66.042670    75.864    74.478 10 56706.55830083 18.032
 208 230.888116  66.042137    76.170    74.702  9 56716.47393500 17.738
 209 230.882439  66.042028    75.115    73.160  8 56726.38958770 18.587
 211 230.890599  66.043988    75.932    75.517 10 56746.22088345 18.746
 212 230.890936  66.044963    76.308    76.984 11 56756.13652497 17.864
 213 230.894669  66.044842    77.563    77.530 11 56766.05216110 11.246
 214 230.895301  66.044018    74.565    74.883 11 56775.96780173 13.002
 215 230.888147  66.043707    76.283    75.414 10 56785.88345765 20.580
 216 230.888037  66.043682    74.086    72.437 10 56795.79911059 26.765
 217 230.891275  66.043615    76.911    77.794 10 56805.71475952 28.887
 219 230.883201  66.041974    72.858    75.397  8 56825.54603928 26.176
 220 230.883180  66.040908    74.850    77.043  9 56835.46167415 21.259
 221 230.888214  66.040925    70.929    68.637  9 56845.37730617 26.724
 222 230.882021  66.042119    72.734    69.919  8 56855.29295219 18.379
 223 230.884930  66.042955    72.990    70.979  9 56865.20860597 20.696
 224 230.885612  66.042931    73.127    71.131  9 56875.12425870 19.470
 225 230.883306  66.042471    74.285    78.192  8 56885.03990803 28.159
 226 230.886057  66.041750    74.179    71.930 10 56894.95555484 20.941
 227 230.882996  66.042239    71.312    68.352  8 56904.87119795 20.026
 228 230.888411  66.043438    71.792    68.695 10 56914.78683971 20.897
 229 230.891303  66.044917    74.182    74.323 11 56924.70247946 17.733
 230 230.894855  66.045513    73.236    74.897 11 56934.61811647 26.718
 231 230.893388  66.045048    73.379    74.457 10 56944.53374776 26.711
 232 230.892888  66.043639    75.698    75.625 10 56954.44939672 22.950
 233 230.884973  66.043112    74.005    73.577  9 56964.36504586 22.970
 234 230.889255  66.043432    75.986    75.684 10 56974.28069144 20.320
 235 230.894701  66.044040    77.202    78.003 11 56984.19633271 19.743
 236 230.888913  66.043935    76.443    76.634 10 56994.11196797 19.957
 237 230.886157  66.042240    75.466    74.088 10 57004.02760631 19.899
 238 230.883812  66.040360    74.967    73.353  8 57013.94326220 20.425
 239 230.884909  66.040103    74.658    73.419  9 57023.85891335 19.865
 240 230.883808  66.041984    73.251    71.479  8 57033.77456179 18.827
 241 230.886949  66.043621    73.924    72.907 10 57043.69020824 18.940
 242 230.888112  66.043802    75.019    74.559 10 57053.60585201 17.093
 243 230.888320  66.042471    75.168    73.228  9 57063.52149114 16.723
 244 230.883410  66.041758    73.965    71.814  9 57073.43712473 16.518
 245 230.886339  66.042450    73.909    72.878  9 57083.35275529 14.901
 246 230.889615  66.044404    76.153    75.369 10 57093.26840479 15.281
 247 230.893857  66.045990    76.335    75.947 11 57103.18406207 14.703
 248 230.894847  66.046034    77.275    77.185 10 57113.09971527 13.755
 249 230.890044  66.044590    79.285    79.451 10 57123.01536194  3.986
 250 230.887263  66.042913    78.603    78.527  9 57132.93100337  8.066
