# NaN NaN NaN ;Mean Elev.(m), Avg Gradient(m/km), RMS Gradient(m/km) - SRTM1     
#   47.440  -7.955  20.558 ;Mean Elev.(m), Avg Gradient(m/km), RMS Gradient(m/km) - ASTER GDEM
#   72.680 -10.175  22.359 ;Mean Elev.(m), Avg Gradient(m/km), RMS Gradient(m/km) - GMTED2010 
   2   173.076 54669.78876953  6.47 235.562862  64.061695  4.521 -100.00 -100.00 -100.00
   2   167.756 54669.78877012  6.37 235.568376  64.062729  4.053 -100.00 -100.00 -100.00
   2   163.940 54669.78877071  7.10 235.573891  64.063762  5.228 -100.00 -100.00 -100.00
   4   174.346 54689.62005559  2.67 235.553015  64.062027  4.608 -100.00 -100.00 -100.00
   4   173.940 54689.62005618  2.30 235.558529  64.063061  3.876 -100.00 -100.00 -100.00
   4   173.585 54689.62005677  2.39 235.564044  64.064095  4.516 -100.00 -100.00 -100.00
   4   172.941 54689.62005736  5.95 235.569558  64.065129  8.021 -100.00 -100.00 -100.00
   4   171.705 54689.62005795  9.29 235.575074  64.066162 12.274 -100.00 -100.00 -100.00
  10   182.996 54749.11393540  8.02 235.554159  64.059608  4.740 -100.00 -100.00 -100.00
  10   181.311 54749.11393599  8.46 235.559672  64.060642  4.952 -100.00 -100.00 -100.00
  10   180.678 54749.11393658  6.92 235.565186  64.061675  3.258 -100.00 -100.00 -100.00
  10   179.054 54749.11393717  7.28 235.570701  64.062708  3.765 -100.00 -100.00 -100.00
  11   293.639 54759.02958248  0.21 235.553644  64.060427  8.660 -100.00 -100.00 -100.00
  11   299.116 54759.02958367  3.60 235.564673  64.062494 15.856 -100.00 -100.00 -100.00
  11   302.780 54759.02958426  0.46 235.570188  64.063527  9.006 -100.00 -100.00 -100.00
  12   173.883 54768.94522689 10.45 235.550343  64.059648  5.993 -100.00 -100.00 -100.00
  12   173.357 54768.94522748 11.13 235.555857  64.060682  7.690 -100.00 -100.00 -100.00
  12   172.501 54768.94522807 12.04 235.561371  64.061715  8.768 -100.00 -100.00 -100.00
  12   172.428 54768.94522866 10.33 235.566886  64.062749  5.666 -100.00 -100.00 -100.00
  12   171.497 54768.94522925 12.50 235.572401  64.063782  7.377 -100.00 -100.00 -100.00
  14   173.328 54788.77650728  7.17 235.553769  64.057492  4.714 -100.00 -100.00 -100.00
  14   173.019 54788.77650787  7.02 235.559283  64.058526  4.621 -100.00 -100.00 -100.00
  14   172.529 54788.77650846  7.42 235.564797  64.059560  4.072 -100.00 -100.00 -100.00
  14   171.937 54788.77650905  7.93 235.570312  64.060593  4.381 -100.00 -100.00 -100.00
  15   173.545 54798.69214461  7.01 235.549751  64.056410  3.276 -100.00 -100.00 -100.00
  15   164.266 54798.69214520  7.50 235.555264  64.057444  3.502 -100.00 -100.00 -100.00
  15   162.447 54798.69214579  7.93 235.560778  64.058477  3.723 -100.00 -100.00 -100.00
  15   172.059 54798.69214639  7.58 235.566293  64.059511  3.544 -100.00 -100.00 -100.00
  15   159.921 54798.69214698  8.23 235.571807  64.060544  3.809 -100.00 -100.00 -100.00
  17   173.466 54818.52342022  6.30 235.553245  64.058909  4.068 -100.00 -100.00 -100.00
  17   164.660 54818.52342081  7.52 235.558759  64.059943  5.593 -100.00 -100.00 -100.00
  17   164.006 54818.52342140  7.16 235.564273  64.060977  4.249 -100.00 -100.00 -100.00
  17   163.060 54818.52342199  7.25 235.569787  64.062011  4.423 -100.00 -100.00 -100.00
  18   114.502 54828.43907167 14.36 235.552531  64.059913 11.533 -100.00 -100.00 -100.00
  18   116.360 54828.43907226 14.36 235.558045  64.060947 10.730 -100.00 -100.00 -100.00
  18   118.220 54828.43907285 14.21 235.563559  64.061981 11.276 -100.00 -100.00 -100.00
  18   122.448 54828.43907344 10.67 235.569073  64.063014  6.322 -100.00 -100.00 -100.00
  18   126.770 54828.43907403  8.92 235.574588  64.064048  4.736 -100.00 -100.00 -100.00
  19   179.696 54838.35471078  3.93 235.554397  64.060970  3.024 -100.00 -100.00 -100.00
  19   179.853 54838.35471137  3.79 235.559911  64.062004  2.888 -100.00 -100.00 -100.00
  19   174.410 54838.35471196  4.67 235.565425  64.063037  4.203 -100.00 -100.00 -100.00
  19   172.977 54838.35471255  4.96 235.570940  64.064071  4.577 -100.00 -100.00 -100.00
  20   181.349 54848.27036003  2.86 235.553975  64.061958  3.367 -100.00 -100.00 -100.00
  20   180.843 54848.27036062  2.61 235.559489  64.062991  2.890 -100.00 -100.00 -100.00
  20   179.992 54848.27036121  2.54 235.565004  64.064025  3.051 -100.00 -100.00 -100.00
  20   178.115 54848.27036180  2.72 235.570519  64.065058  3.422 -100.00 -100.00 -100.00
  21   188.704 54858.18600893  3.11 235.554670  64.063265  2.728 -100.00 -100.00 -100.00
  21   189.654 54858.18600952  2.91 235.560185  64.064299  2.919 -100.00 -100.00 -100.00
  21   184.716 54858.18601011  3.04 235.565700  64.065332  3.226 -100.00 -100.00 -100.00
  21   182.627 54858.18601070  2.90 235.571215  64.066365  3.202 -100.00 -100.00 -100.00
  22   191.246 54868.10165765  2.54 235.552729  64.063839  2.723 -100.00 -100.00 -100.00
  22   191.832 54868.10165825  2.46 235.558244  64.064873  2.954 -100.00 -100.00 -100.00
  22   184.710 54868.10165884  2.85 235.563759  64.065906  3.697 -100.00 -100.00 -100.00
  22   184.031 54868.10165943  2.50 235.569275  64.066939  3.248 -100.00 -100.00 -100.00
  22   181.685 54868.10166002  2.44 235.574791  64.067972  3.091 -100.00 -100.00 -100.00
  23   192.570 54878.01730555  2.35 235.551140  64.063088  2.704 -100.00 -100.00 -100.00
  23   188.517 54878.01730614  2.32 235.556654  64.064122  2.988 -100.00 -100.00 -100.00
  23   184.959 54878.01730673  2.32 235.562170  64.065156  3.058 -100.00 -100.00 -100.00
  23   185.783 54878.01730732  2.27 235.567686  64.066189  3.062 -100.00 -100.00 -100.00
  23   181.805 54878.01730791  2.45 235.573202  64.067222  3.585 -100.00 -100.00 -100.00
  24   197.292 54887.93295074  2.71 235.554138  64.061890  3.063 -100.00 -100.00 -100.00
  24   209.766 54887.93295133  2.79 235.559653  64.062924  3.246 -100.00 -100.00 -100.00
  24   209.227 54887.93295192  2.68 235.565168  64.063957  2.983 -100.00 -100.00 -100.00
  24   207.516 54887.93295251  2.88 235.570684  64.064991  3.739 -100.00 -100.00 -100.00
  25   214.710 54897.84859216  3.00 235.553230  64.059827  3.539 -100.00 -100.00 -100.00
  25   210.146 54897.84859275  3.02 235.558744  64.060861  3.873 -100.00 -100.00 -100.00
  25   210.395 54897.84859334  3.31 235.564259  64.061894  4.153 -100.00 -100.00 -100.00
  25   184.157 54897.84859393  3.49 235.569774  64.062928  4.751 -100.00 -100.00 -100.00
  26   213.049 54907.76423074  2.30 235.549406  64.058444  3.053 -100.00 -100.00 -100.00
  26   215.099 54907.76423133  2.28 235.554920  64.059478  3.287 -100.00 -100.00 -100.00
  26   207.322 54907.76423192  2.46 235.560434  64.060512  3.924 -100.00 -100.00 -100.00
  26   209.295 54907.76423251  2.39 235.565949  64.061545  3.578 -100.00 -100.00 -100.00
  26   184.171 54907.76423310  2.84 235.571465  64.062578  4.607 -100.00 -100.00 -100.00
  27   211.882 54917.67986874  2.91 235.551361  64.059184  3.162 -100.00 -100.00 -100.00
  27   191.200 54917.67986933  2.85 235.556875  64.060218  3.187 -100.00 -100.00 -100.00
  27   186.098 54917.67986992  3.01 235.562390  64.061251  3.585 -100.00 -100.00 -100.00
  27   188.500 54917.67987051  3.03 235.567905  64.062284  3.912 -100.00 -100.00 -100.00
  27   205.454 54917.67987110  2.88 235.573420  64.063317  3.623 -100.00 -100.00 -100.00
  28   195.190 54927.59550661  2.13 235.553591  64.059918  2.405 -100.00 -100.00 -100.00
  28   188.472 54927.59550720  2.24 235.559105  64.060952  2.462 -100.00 -100.00 -100.00
  28   185.653 54927.59550779  2.35 235.564620  64.061986  2.424 -100.00 -100.00 -100.00
  28   185.038 54927.59550838  2.08 235.570135  64.063019  2.542 -100.00 -100.00 -100.00
  29   213.115 54937.51114340  2.59 235.552834  64.059033  3.325 -100.00 -100.00 -100.00
  29   197.220 54937.51114399  2.97 235.558347  64.060066  3.716 -100.00 -100.00 -100.00
  29   189.850 54937.51114458  2.73 235.563861  64.061100  4.152 -100.00 -100.00 -100.00
  29   185.094 54937.51114517  2.88 235.569376  64.062133  4.771 -100.00 -100.00 -100.00
  30   212.241 54947.42677829  3.73 235.551523  64.057269  3.207 -100.00 -100.00 -100.00
  30   195.950 54947.42677888  3.66 235.557036  64.058303  3.193 -100.00 -100.00 -100.00
  30   191.459 54947.42677947  3.96 235.562549  64.059336  3.896 -100.00 -100.00 -100.00
  30   208.168 54947.42678006  3.94 235.568062  64.060370  3.805 -100.00 -100.00 -100.00
  30   207.043 54947.42678066  3.81 235.573576  64.061403  3.840 -100.00 -100.00 -100.00
  31   183.131 54957.34241289 23.24 235.553767  64.056054  7.945 -100.00 -100.00 -100.00
  31   178.886 54957.34241348 23.81 235.559279  64.057088  9.768 -100.00 -100.00 -100.00
  31   180.991 54957.34241407 21.78 235.564792  64.058122  7.380 -100.00 -100.00 -100.00
  31   178.184 54957.34241466 20.57 235.570305  64.059156  6.463 -100.00 -100.00 -100.00
  32   181.280 54967.25806099 22.46 235.549741  64.055560  8.418 -100.00 -100.00 -100.00
  32   182.577 54967.25806158 21.62 235.555253  64.056594  8.784 -100.00 -100.00 -100.00
  32   181.522 54967.25806217 21.02 235.560765  64.057628  8.208 -100.00 -100.00 -100.00
  32   179.665 54967.25806276 20.86 235.566278  64.058661  8.707 -100.00 -100.00 -100.00
  32   179.196 54967.25806335 19.45 235.571791  64.059695  7.368 -100.00 -100.00 -100.00
  33   180.855 54977.17370878 15.99 235.550963  64.056981  6.098 -100.00 -100.00 -100.00
  33   179.948 54977.17370937 15.67 235.556475  64.058015  6.744 -100.00 -100.00 -100.00
  33   179.543 54977.17370996 14.84 235.561988  64.059049  6.334 -100.00 -100.00 -100.00
  33   178.316 54977.17371055 14.58 235.567501  64.060082  6.311 -100.00 -100.00 -100.00
  33   178.514 54977.17371114 13.40 235.573015  64.061115  5.291 -100.00 -100.00 -100.00
  35   123.940 54997.00500459 27.39 235.552992  64.059568 27.725 -100.00 -100.00 -100.00
  35   123.539 54997.00500518 26.07 235.558506  64.060601 32.449 -100.00 -100.00 -100.00
  35   123.213 54997.00500577 22.82 235.564020  64.061635 23.529 -100.00 -100.00 -100.00
  35   126.937 54997.00500636 19.12 235.569534  64.062669 14.645 -100.00 -100.00 -100.00
  36   124.124 55006.92065053 27.42 235.551451  64.059729 28.224 -100.00 -100.00 -100.00
  36   121.812 55006.92065112 25.21 235.556965  64.060763 26.145 -100.00 -100.00 -100.00
  36   126.529 55006.92065171 15.52 235.562479  64.061796  8.979 -100.00 -100.00 -100.00
  36   122.791 55006.92065230 19.11 235.567993  64.062830 18.562 -100.00 -100.00 -100.00
  36   121.054 55006.92065289 21.15 235.573508  64.063863 13.616 -100.00 -100.00 -100.00
  38   122.774 55026.75193713 20.74 235.552447  64.061409 17.303 -100.00 -100.00 -100.00
  38   123.280 55026.75193772 17.14 235.557961  64.062443 12.339 -100.00 -100.00 -100.00
  38   122.117 55026.75193831 23.66 235.563476  64.063476 25.099 -100.00 -100.00 -100.00
  38   121.760 55026.75193890 24.40 235.568990  64.064510 28.813 -100.00 -100.00 -100.00
  38   127.597 55026.75193949 17.08 235.574506  64.065543 13.671 -100.00 -100.00 -100.00
  39   123.889 55036.66757901 18.90 235.550736  64.062311 11.645 -100.00 -100.00 -100.00
  39   122.048 55036.66757960 18.05 235.556250  64.063345 13.095 -100.00 -100.00 -100.00
  39   121.439 55036.66758019 24.33 235.561764  64.064379 23.212 -100.00 -100.00 -100.00
  39   121.643 55036.66758078 19.65 235.567279  64.065412 13.734 -100.00 -100.00 -100.00
  39   120.954 55036.66758137 21.72 235.572795  64.066445 18.976 -100.00 -100.00 -100.00
  40    74.514 55046.58322026 36.64 235.552992  64.062738 22.277 -100.00 -100.00 -100.00
  40    74.802 55046.58322086 37.79 235.558506  64.063771 29.405 -100.00 -100.00 -100.00
  40    74.663 55046.58322145 41.45 235.564021  64.064805   -100 -100.00 -100.00 -100.00
  40    74.765 55046.58322204 40.25 235.569536  64.065838 28.864 -100.00 -100.00 -100.00
  40    74.488 55046.58322263 43.24 235.575051  64.066871   -100 -100.00 -100.00 -100.00
  41   120.868 55056.49885926 23.38 235.553148  64.060930 22.297 -100.00 -100.00 -100.00
  41   120.803 55056.49885985 17.90 235.558661  64.061963 13.642 -100.00 -100.00 -100.00
  41   120.520 55056.49886044 22.37 235.564175  64.062997 20.488 -100.00 -100.00 -100.00
  41   120.334 55056.49886103 26.31 235.569690  64.064031 27.912 -100.00 -100.00 -100.00
  42   129.055 55066.41449585 18.44 235.553484  64.058143  7.783 -100.00 -100.00 -100.00
  42   123.452 55066.41449644 21.98 235.558996  64.059177 19.879 -100.00 -100.00 -100.00
  42   123.863 55066.41449704 17.44 235.564510  64.060211 16.627 -100.00 -100.00 -100.00
  42   121.549 55066.41449763 18.40 235.570023  64.061244 15.407 -100.00 -100.00 -100.00
  43    75.127 55076.33014548 46.22 235.553867  64.057189 30.775 -100.00 -100.00 -100.00
  43    74.896 55076.33014607 46.89 235.559379  64.058222   -100 -100.00 -100.00 -100.00
  43    75.097 55076.33014666 44.97 235.564892  64.059256   -100 -100.00 -100.00 -100.00
  43    74.853 55076.33014725 44.80 235.570406  64.060289   -100 -100.00 -100.00 -100.00
  44   122.968 55086.24579339 16.41 235.554263  64.057995 13.045 -100.00 -100.00 -100.00
  44   124.166 55086.24579398 17.84 235.559776  64.059029 15.578 -100.00 -100.00 -100.00
  44   122.038 55086.24579457 18.50 235.565289  64.060062 12.750 -100.00 -100.00 -100.00
  44   120.251 55086.24579516 21.66 235.570803  64.061096 17.666 -100.00 -100.00 -100.00
  45    75.210 55096.16143951 42.87 235.551983  64.059200 25.936 -100.00 -100.00 -100.00
  45    74.979 55096.16144010 42.34 235.557496  64.060234 29.382 -100.00 -100.00 -100.00
  45    74.973 55096.16144069 44.75 235.563010  64.061267   -100 -100.00 -100.00 -100.00
  45    74.830 55096.16144128 47.81 235.568524  64.062300   -100 -100.00 -100.00 -100.00
  45    74.578 55096.16144187 43.83 235.574038  64.063333   -100 -100.00 -100.00 -100.00
  46   136.761 55106.07708553 11.42 235.551942  64.060054  8.191 -100.00 -100.00 -100.00
  46   126.260 55106.07708612 14.51 235.557456  64.061087 13.108 -100.00 -100.00 -100.00
  46   126.963 55106.07708671 15.10 235.562970  64.062121 11.743 -100.00 -100.00 -100.00
  46   127.049 55106.07708730 16.07 235.568485  64.063154 12.585 -100.00 -100.00 -100.00
  46   127.268 55106.07708789 17.38 235.574000  64.064187 13.995 -100.00 -100.00 -100.00
  47    74.496 55115.99273127 40.93 235.553718  64.059796 28.434 -100.00 -100.00 -100.00
  47    74.668 55115.99273186 43.24 235.559232  64.060830 27.197 -100.00 -100.00 -100.00
  47    74.626 55115.99273245 45.18 235.564746  64.061863   -100 -100.00 -100.00 -100.00
  47    74.301 55115.99273304 46.96 235.570261  64.062896   -100 -100.00 -100.00 -100.00
  48    74.267 55125.90837432 44.31 235.553032  64.058105 24.938 -100.00 -100.00 -100.00
  48    74.058 55125.90837491 47.85 235.558545  64.059139   -100 -100.00 -100.00 -100.00
  48    74.245 55125.90837550 44.84 235.564060  64.060173 29.910 -100.00 -100.00 -100.00
  48    74.100 55125.90837609 48.94 235.569574  64.061206   -100 -100.00 -100.00 -100.00
  49   172.972 55135.82401480 11.54 235.551748  64.056783  5.934 -100.00 -100.00 -100.00
  49   163.172 55135.82401539 12.26 235.557262  64.057817  5.891 -100.00 -100.00 -100.00
  49   159.696 55135.82401598 13.08 235.562776  64.058851  7.901 -100.00 -100.00 -100.00
  49   160.241 55135.82401658 12.53 235.568290  64.059884  7.213 -100.00 -100.00 -100.00
  49   159.142 55135.82401717 14.09 235.573805  64.060917  7.719 -100.00 -100.00 -100.00
  50   173.346 55145.73965331  9.81 235.551002  64.056732  5.333 -100.00 -100.00 -100.00
  50   160.953 55145.73965390  9.25 235.556516  64.057766  4.635 -100.00 -100.00 -100.00
  50   160.286 55145.73965450 10.45 235.562030  64.058800  5.428 -100.00 -100.00 -100.00
  50   160.066 55145.73965509 10.06 235.567544  64.059834  5.626 -100.00 -100.00 -100.00
  50   159.436 55145.73965568 11.63 235.573059  64.060867  5.838 -100.00 -100.00 -100.00
  51   173.752 55155.65529150  7.36 235.553451  64.058486  4.112 -100.00 -100.00 -100.00
  51   173.279 55155.65529209  8.00 235.558965  64.059520  4.748 -100.00 -100.00 -100.00
  51   160.443 55155.65529268  8.95 235.564479  64.060554  5.898 -100.00 -100.00 -100.00
  51   159.339 55155.65529327  9.19 235.569994  64.061587  6.373 -100.00 -100.00 -100.00
  52    75.965 55165.57092916 16.17 235.549784  64.058779 11.432 -100.00 -100.00 -100.00
  52    75.967 55165.57092975 16.97 235.555297  64.059813 13.798 -100.00 -100.00 -100.00
  52    75.966 55165.57093034 16.14 235.560811  64.060847 11.074 -100.00 -100.00 -100.00
  52    75.562 55165.57093093 18.05 235.566326  64.061881 14.342 -100.00 -100.00 -100.00
  52    75.318 55165.57093152 18.02 235.571841  64.062914 16.324 -100.00 -100.00 -100.00
  53    75.581 55175.48656728 12.91 235.553223  64.059692  8.951 -100.00 -100.00 -100.00
  53    74.294 55175.48656787 16.20 235.558737  64.060727 15.324 -100.00 -100.00 -100.00
  53    74.968 55175.48656846 15.40 235.564251  64.061760 11.750 -100.00 -100.00 -100.00
  53    74.624 55175.48656905 16.00 235.569765  64.062794 13.066 -100.00 -100.00 -100.00
  54   173.445 55185.40220823  5.74 235.553941  64.059239  3.570 -100.00 -100.00 -100.00
  54   163.961 55185.40220882  6.64 235.559454  64.060273  4.506 -100.00 -100.00 -100.00
  54   172.980 55185.40220941  6.11 235.564968  64.061307  3.660 -100.00 -100.00 -100.00
  54   172.195 55185.40221000  5.68 235.570482  64.062340  3.359 -100.00 -100.00 -100.00
  55   116.399 55195.31785941 10.71 235.554447  64.060034  9.334 -100.00 -100.00 -100.00
  55   122.766 55195.31786000  7.07 235.559961  64.061068  4.144 -100.00 -100.00 -100.00
  55   123.630 55195.31786059  8.41 235.565475  64.062102  6.044 -100.00 -100.00 -100.00
  55   126.865 55195.31786118  8.36 235.570989  64.063135  5.683 -100.00 -100.00 -100.00
  56   123.297 55205.23350940  5.76 235.554679  64.061761  4.587 -100.00 -100.00 -100.00
  56   124.361 55205.23350999  6.04 235.560193  64.062795  4.620 -100.00 -100.00 -100.00
  56   126.297 55205.23351058  6.98 235.565708  64.063828  5.429 -100.00 -100.00 -100.00
  56   129.265 55205.23351117  5.20 235.571223  64.064862  3.922 -100.00 -100.00 -100.00
  57   121.571 55215.14915848  6.27 235.551914  64.063129  5.475 -100.00 -100.00 -100.00
  57   123.141 55215.14915907  5.52 235.557428  64.064163  4.324 -100.00 -100.00 -100.00
  57   125.149 55215.14915966  6.18 235.562943  64.065197  4.563 -100.00 -100.00 -100.00
  57   127.247 55215.14916025  5.38 235.568459  64.066230  4.090 -100.00 -100.00 -100.00
  57   129.564 55215.14916084  6.81 235.573974  64.067263  5.105 -100.00 -100.00 -100.00
  58   179.643 55225.06480741  3.01 235.553577  64.063940  3.686 -100.00 -100.00 -100.00
  58   178.828 55225.06480800  2.81 235.559091  64.064974  4.059 -100.00 -100.00 -100.00
  58   175.404 55225.06480859  3.43 235.564607  64.066007  4.581 -100.00 -100.00 -100.00
  58   162.619 55225.06480918  5.61 235.570123  64.067041  6.085 -100.00 -100.00 -100.00
  58   172.056 55225.06480977  5.71 235.575639  64.068074  5.460 -100.00 -100.00 -100.00
  59   182.517 55234.98045375  2.82 235.551317  64.061795  3.193 -100.00 -100.00 -100.00
  59   181.473 55234.98045434  2.72 235.556832  64.062829  4.042 -100.00 -100.00 -100.00
  59   180.840 55234.98045493  3.41 235.562347  64.063863  5.011 -100.00 -100.00 -100.00
  59   179.857 55234.98045552  2.13 235.567862  64.064896  3.425 -100.00 -100.00 -100.00
  59   179.396 55234.98045612  1.96 235.573378  64.065929  4.020 -100.00 -100.00 -100.00
  60   119.726 55244.89609687  4.88 235.550794  64.058695  3.730 -100.00 -100.00 -100.00
  60   121.593 55244.89609746  4.61 235.556308  64.059729  4.099 -100.00 -100.00 -100.00
  60   123.898 55244.89609805  5.09 235.561822  64.060763  4.684 -100.00 -100.00 -100.00
  60   126.113 55244.89609864  5.18 235.567337  64.061796  5.158 -100.00 -100.00 -100.00
  60   128.510 55244.89609923  5.85 235.572852  64.062830  4.465 -100.00 -100.00 -100.00
  63   183.141 55274.64301440  1.47 235.553914  64.060110  3.143 -100.00 -100.00 -100.00
  63   180.525 55274.64301499  2.02 235.559428  64.061143  3.917 -100.00 -100.00 -100.00
  63   179.020 55274.64301558  2.37 235.564943  64.062177  4.267 -100.00 -100.00 -100.00
  63   180.157 55274.64301617  1.34 235.570458  64.063210  3.525 -100.00 -100.00 -100.00
  64   183.893 55284.55865156  1.92 235.553278  64.060615  3.083 -100.00 -100.00 -100.00
  64   183.695 55284.55865215  1.60 235.558792  64.061649  2.832 -100.00 -100.00 -100.00
  64   182.163 55284.55865274  1.42 235.564307  64.062682  3.026 -100.00 -100.00 -100.00
  64   180.132 55284.55865333  1.74 235.569822  64.063715  3.745 -100.00 -100.00 -100.00
  65   190.103 55294.47428654  1.05 235.549614  64.058061  3.045 -100.00 -100.00 -100.00
  65   190.722 55294.47428713  0.91 235.555127  64.059095  2.720 -100.00 -100.00 -100.00
  65   186.341 55294.47428772  0.98 235.560640  64.060129  3.101 -100.00 -100.00 -100.00
  65   185.907 55294.47428831  0.84 235.566154  64.061163  3.287 -100.00 -100.00 -100.00
  65   183.188 55294.47428891  0.68 235.571668  64.062196  3.236 -100.00 -100.00 -100.00
  67   183.559 55314.30557193 22.23 235.553972  64.055336  6.298 -100.00 -100.00 -100.00
  67   182.716 55314.30557252 21.80 235.559484  64.056370  6.846 -100.00 -100.00 -100.00
  67   181.420 55314.30557311 20.97 235.564997  64.057403  7.193 -100.00 -100.00 -100.00
  67   179.472 55314.30557370 21.27 235.570510  64.058437  7.978 -100.00 -100.00 -100.00
  68   180.748 55324.22121717 18.38 235.550816  64.056124  8.411 -100.00 -100.00 -100.00
  68   179.884 55324.22121776 18.17 235.556328  64.057157  9.434 -100.00 -100.00 -100.00
  68   179.049 55324.22121835 17.22 235.561841  64.058191  7.333 -100.00 -100.00 -100.00
  68   178.740 55324.22121894 15.82 235.567354  64.059224  6.040 -100.00 -100.00 -100.00
  68   177.001 55324.22121953 15.92 235.572867  64.060258  6.571 -100.00 -100.00 -100.00
  69   183.992 55334.13686142 19.06 235.549311  64.058233  6.949 -100.00 -100.00 -100.00
  69   183.077 55334.13686201 18.64 235.554824  64.059267  6.626 -100.00 -100.00 -100.00
  69   181.958 55334.13686260 17.73 235.560337  64.060301  5.567 -100.00 -100.00 -100.00
  69   180.570 55334.13686319 17.04 235.565851  64.061334  5.840 -100.00 -100.00 -100.00
  69   178.734 55334.13686378 16.94 235.571365  64.062367  5.871 -100.00 -100.00 -100.00
  70   183.744 55344.05250576 11.96 235.551095  64.060251  5.722 -100.00 -100.00 -100.00
  70   182.276 55344.05250635 12.24 235.556609  64.061285  6.610 -100.00 -100.00 -100.00
  70   181.161 55344.05250694 10.79 235.562123  64.062319  4.502 -100.00 -100.00 -100.00
  70   179.398 55344.05250753 10.48 235.567637  64.063352  5.997 -100.00 -100.00 -100.00
  70   177.751 55344.05250812 10.38 235.573152  64.064386  5.982 -100.00 -100.00 -100.00
  71   181.242 55353.96814918  7.12 235.551125  64.060210  3.862 -100.00 -100.00 -100.00
  71   181.924 55353.96814977  5.94 235.556639  64.061244  2.916 -100.00 -100.00 -100.00
  71   181.347 55353.96815036  5.77 235.562153  64.062277  3.266 -100.00 -100.00 -100.00
  71   178.902 55353.96815095  5.67 235.567667  64.063311  3.635 -100.00 -100.00 -100.00
  71   178.765 55353.96815154  5.43 235.573182  64.064344  3.645 -100.00 -100.00 -100.00
  72   121.901 55363.88379037 23.91 235.550559  64.059447 16.260 -100.00 -100.00 -100.00
  72   121.425 55363.88379096 27.91 235.556072  64.060481   -100 -100.00 -100.00 -100.00
  72   121.265 55363.88379155 16.25 235.561586  64.061514 12.368 -100.00 -100.00 -100.00
  72   122.394 55363.88379214 18.28 235.567101  64.062548 19.692 -100.00 -100.00 -100.00
  72   120.704 55363.88379274 23.19 235.572615  64.063581 20.592 -100.00 -100.00 -100.00
  73   122.219 55373.79943012 24.84 235.552637  64.059647 24.327 -100.00 -100.00 -100.00
  73   126.330 55373.79943071 12.64 235.558150  64.060681  8.281 -100.00 -100.00 -100.00
  73   140.182 55373.79943130 14.30 235.563664  64.061715  8.904 -100.00 -100.00 -100.00
  73   119.499 55373.79943189 22.98 235.569179  64.062748 19.802 -100.00 -100.00 -100.00
  73   119.360 55373.79943249 23.31 235.574693  64.063781 21.500 -100.00 -100.00 -100.00
  74   122.584 55383.71506838 22.64 235.551925  64.060313 20.525 -100.00 -100.00 -100.00
  74   123.270 55383.71506897 17.44 235.557439  64.061347 12.704 -100.00 -100.00 -100.00
  74   126.801 55383.71506956 14.18 235.562953  64.062381  8.605 -100.00 -100.00 -100.00
  74   121.843 55383.71507015 18.86 235.568467  64.063414 12.199 -100.00 -100.00 -100.00
  74   121.726 55383.71507074 18.74 235.573982  64.064448 11.396 -100.00 -100.00 -100.00
  75   184.408 55393.63070601 17.86 235.553126  64.061399  6.314 -100.00 -100.00 -100.00
  75   183.250 55393.63070660 17.11 235.558639  64.062433  5.663 -100.00 -100.00 -100.00
  75   182.090 55393.63070719 16.93 235.564153  64.063466  5.689 -100.00 -100.00 -100.00
  75   180.435 55393.63070778 16.30 235.569668  64.064500  4.879 -100.00 -100.00 -100.00
  75   179.341 55393.63070837 16.05 235.575183  64.065533  5.103 -100.00 -100.00 -100.00
  76   247.865 55403.54634265  2.85 235.550988  64.060724  5.891 -100.00 -100.00 -100.00
  76   244.254 55403.54634324  3.82 235.556501  64.061758  6.545 -100.00 -100.00 -100.00
  76   241.428 55403.54634383  4.21 235.562015  64.062792  7.722 -100.00 -100.00 -100.00
  76   237.213 55403.54634442  3.95 235.567528  64.063826  7.893 -100.00 -100.00 -100.00
  76   235.580 55403.54634501  4.85 235.573043  64.064859  9.040 -100.00 -100.00 -100.00
  77   120.528 55413.46199443 25.19 235.552240  64.059634 23.460 -100.00 -100.00 -100.00
  77   123.578 55413.46199502 17.27 235.557753  64.060668 14.743 -100.00 -100.00 -100.00
  77   123.985 55413.46199562 15.98 235.563266  64.061701 13.302 -100.00 -100.00 -100.00
  77   119.785 55413.46199621 22.50 235.568780  64.062735 24.167 -100.00 -100.00 -100.00
  77   119.504 55413.46199680 23.21 235.574294  64.063768 18.771 -100.00 -100.00 -100.00
  78   122.731 55423.37764304 23.97 235.551684  64.057240 13.885 -100.00 -100.00 -100.00
  78   122.007 55423.37764363 24.13 235.557197  64.058273 28.267 -100.00 -100.00 -100.00
  78   124.580 55423.37764422 15.19 235.562709  64.059307 12.657 -100.00 -100.00 -100.00
  78   124.955 55423.37764481 14.82 235.568223  64.060341  9.860 -100.00 -100.00 -100.00
  78   119.654 55423.37764540 22.46 235.573736  64.061374 20.745 -100.00 -100.00 -100.00
  79    74.049 55433.29328944 31.85 235.554117  64.056164 20.492 -100.00 -100.00 -100.00
  79    74.425 55433.29329004 33.57 235.559630  64.057198 17.598 -100.00 -100.00 -100.00
  79    74.647 55433.29329063 37.06 235.565143  64.058231 23.913 -100.00 -100.00 -100.00
  79    74.621 55433.29329122 38.94 235.570656  64.059264 30.240 -100.00 -100.00 -100.00
  80    74.260 55443.20893400 15.81 235.552906  64.056991 14.653 -100.00 -100.00 -100.00
  80    74.077 55443.20893459 16.95 235.558419  64.058025 18.001 -100.00 -100.00 -100.00
  80    74.073 55443.20893518 17.33 235.563932  64.059058 20.791 -100.00 -100.00 -100.00
  80    73.841 55443.20893577 19.19 235.569445  64.060091 25.508 -100.00 -100.00 -100.00
  81    74.656 55453.12457744 45.41 235.553277  64.059190 30.587 -100.00 -100.00 -100.00
  81    74.503 55453.12457803 44.75 235.558791  64.060224   -100 -100.00 -100.00 -100.00
  81    74.669 55453.12457862 44.12 235.564304  64.061257 29.859 -100.00 -100.00 -100.00
  81    74.552 55453.12457921 47.16 235.569819  64.062290   -100 -100.00 -100.00 -100.00
  82   123.168 55463.04021996 18.00 235.552825  64.060558 10.345 -100.00 -100.00 -100.00
  82   120.871 55463.04022055 21.32 235.558338  64.061591 18.732 -100.00 -100.00 -100.00
  82   120.590 55463.04022114 23.64 235.563852  64.062625 24.071 -100.00 -100.00 -100.00
  82   120.256 55463.04022173 25.91 235.569367  64.063658   -100 -100.00 -100.00 -100.00
  82   138.671 55463.04022232 17.81 235.574882  64.064691 13.517 -100.00 -100.00 -100.00
  83   122.546 55472.95586000 22.03 235.550561  64.058944 10.943 -100.00 -100.00 -100.00
  83   119.909 55472.95586059 26.20 235.556075  64.059978   -100 -100.00 -100.00 -100.00
  83   119.867 55472.95586118 19.89 235.561589  64.061011 18.907 -100.00 -100.00 -100.00
  83   121.235 55472.95586177 18.54 235.567103  64.062045 16.769 -100.00 -100.00 -100.00
  83   119.631 55472.95586236 20.60 235.572618  64.063078 19.926 -100.00 -100.00 -100.00
  84   121.737 55482.87149746 23.15 235.551904  64.056638 13.110 -100.00 -100.00 -100.00
  84   119.873 55482.87149805 27.07 235.557417  64.057672   -100 -100.00 -100.00 -100.00
  84   119.811 55482.87149865 18.08 235.562931  64.058706 20.604 -100.00 -100.00 -100.00
  84   121.255 55482.87149924 17.34 235.568445  64.059740 16.291 -100.00 -100.00 -100.00
  84   119.490 55482.87149983 23.62 235.573960  64.060773   -100 -100.00 -100.00 -100.00
  85   172.860 55492.78713272 10.74 235.552566  64.054774  5.657 -100.00 -100.00 -100.00
  85   172.774 55492.78713331 10.72 235.558079  64.055808  4.920 -100.00 -100.00 -100.00
  85   158.801 55492.78713390 13.21 235.563593  64.056841  7.104 -100.00 -100.00 -100.00
  85   159.162 55492.78713449 11.64 235.569106  64.057875  5.721 -100.00 -100.00 -100.00
  86   171.872 55502.70276617  9.84 235.549053  64.054620  4.058 -100.00 -100.00 -100.00
  86   166.232 55502.70276676 10.76 235.554565  64.055655  5.644 -100.00 -100.00 -100.00
  86   172.003 55502.70276735 11.12 235.560078  64.056689  7.071 -100.00 -100.00 -100.00
  86   158.660 55502.70276794 12.74 235.565592  64.057722  7.999 -100.00 -100.00 -100.00
  86   158.548 55502.70276853 12.50 235.571106  64.058756  8.458 -100.00 -100.00 -100.00
  87   173.433 55512.61841302  9.15 235.553222  64.058215  4.778 -100.00 -100.00 -100.00
  87   173.051 55512.61841361  9.52 235.558736  64.059249  6.108 -100.00 -100.00 -100.00
  87   172.551 55512.61841420  9.13 235.564250  64.060283  5.432 -100.00 -100.00 -100.00
  87   160.565 55512.61841479  9.67 235.569764  64.061317  5.717 -100.00 -100.00 -100.00
  88   173.863 55522.53406260 10.27 235.551855  64.060469  4.121 -100.00 -100.00 -100.00
  88   162.624 55522.53406319 10.88 235.557369  64.061503  5.541 -100.00 -100.00 -100.00
  88   162.324 55522.53406378 10.69 235.562884  64.062537  5.666 -100.00 -100.00 -100.00
  88   172.032 55522.53406437 11.64 235.568398  64.063570  6.308 -100.00 -100.00 -100.00
  88   161.447 55522.53406496 11.82 235.573913  64.064604  5.151 -100.00 -100.00 -100.00
  89   173.868 55532.44971091  9.25 235.553384  64.061505  5.671 -100.00 -100.00 -100.00
  89   161.457 55532.44971150 11.83 235.558898  64.062539  8.951 -100.00 -100.00 -100.00
  89   162.321 55532.44971209 10.78 235.564413  64.063573  7.309 -100.00 -100.00 -100.00
  89   161.017 55532.44971268 10.53 235.569928  64.064606  5.906 -100.00 -100.00 -100.00
  90   174.029 55542.36535707  8.23 235.551428  64.060451  5.911 -100.00 -100.00 -100.00
  90   161.728 55542.36535766  8.31 235.556942  64.061484  5.707 -100.00 -100.00 -100.00
  90   162.102 55542.36535825  9.35 235.562455  64.062518  6.490 -100.00 -100.00 -100.00
  90   161.348 55542.36535884  9.17 235.567970  64.063551  6.455 -100.00 -100.00 -100.00
  90   161.260 55542.36535943 10.13 235.573485  64.064585  6.782 -100.00 -100.00 -100.00
  91   174.133 55552.28100126  7.77 235.549639  64.059681  7.010 -100.00 -100.00 -100.00
  91   173.111 55552.28100185  7.35 235.555153  64.060715  5.545 -100.00 -100.00 -100.00
  91   162.137 55552.28100244  7.71 235.560667  64.061749  5.121 -100.00 -100.00 -100.00
  91   161.311 55552.28100303  9.00 235.566181  64.062782  7.201 -100.00 -100.00 -100.00
  91   161.373 55552.28100362  9.01 235.571696  64.063816  7.479 -100.00 -100.00 -100.00
  92   124.734 55562.19664461 17.00 235.551035  64.060803 13.669 -100.00 -100.00 -100.00
  92   122.235 55562.19664520 21.43 235.556549  64.061836 21.828 -100.00 -100.00 -100.00
  92   140.628 55562.19664579  8.48 235.562063  64.062870  4.018 -100.00 -100.00 -100.00
  92   140.912 55562.19664638  9.14 235.567578  64.063903  4.973 -100.00 -100.00 -100.00
  92   144.160 55562.19664697  8.85 235.573093  64.064937  4.108 -100.00 -100.00 -100.00
  93   122.845 55572.11228737 24.30 235.552950  64.062277 20.403 -100.00 -100.00 -100.00
  93   121.686 55572.11228796 19.31 235.558464  64.063311 32.119 -100.00 -100.00 -100.00
  93   140.550 55572.11228855  8.44 235.563979  64.064345  6.066 -100.00 -100.00 -100.00
  93   141.018 55572.11228914  9.49 235.569494  64.065378  5.845 -100.00 -100.00 -100.00
  93   143.995 55572.11228973  8.45 235.575010  64.066411  5.299 -100.00 -100.00 -100.00
  94   180.464 55582.02792827  3.82 235.549603  64.061481  3.313 -100.00 -100.00 -100.00
  94   180.131 55582.02792886  3.78 235.555117  64.062515  4.011 -100.00 -100.00 -100.00
  94   179.228 55582.02792945  4.20 235.560632  64.063549  4.082 -100.00 -100.00 -100.00
  94   173.604 55582.02793004  5.88 235.566147  64.064582  6.319 -100.00 -100.00 -100.00
  94   161.216 55582.02793063  8.23 235.571662  64.065616  8.931 -100.00 -100.00 -100.00
  95   212.442 55591.94356619  0.12 235.550475  64.059418  4.135 -100.00 -100.00 -100.00
  95   189.593 55591.94356678  0.21 235.555988  64.060452  4.034 -100.00 -100.00 -100.00
  96   183.355 55601.85920091  4.27 235.552891  64.056730  3.637 -100.00 -100.00 -100.00
  96   182.817 55601.85920150  3.92 235.558404  64.057764  3.237 -100.00 -100.00 -100.00
  96   181.317 55601.85920209  3.89 235.563918  64.058798  2.718 -100.00 -100.00 -100.00
  96   180.031 55601.85920268  3.94 235.569432  64.059832  2.892 -100.00 -100.00 -100.00
  97   184.502 55611.77483295  3.45 235.549752  64.054170  3.536 -100.00 -100.00 -100.00
  97   193.143 55611.77483354  1.83 235.555264  64.055204  2.343 -100.00 -100.00 -100.00
  97   193.220 55611.77483413  1.30 235.560778  64.056238  2.675 -100.00 -100.00 -100.00
  97   179.426 55611.77483472  3.60 235.566291  64.057272  3.904 -100.00 -100.00 -100.00
  97   178.465 55611.77483531  3.27 235.571805  64.058306  2.817 -100.00 -100.00 -100.00
  98   195.457 55621.69046633  2.10 235.549496  64.054515  3.094 -100.00 -100.00 -100.00
  98   188.529 55621.69046692  2.26 235.555009  64.055549  3.304 -100.00 -100.00 -100.00
  98   188.686 55621.69046751  2.08 235.560522  64.056584  2.985 -100.00 -100.00 -100.00
  98   186.490 55621.69046810  1.83 235.566035  64.057618  3.241 -100.00 -100.00 -100.00
  98   187.037 55621.69046869  1.74 235.571549  64.058651  2.880 -100.00 -100.00 -100.00
  99   188.644 55631.60611947  2.15 235.550346  64.057472  3.394 -100.00 -100.00 -100.00
  99   191.924 55631.60612006  2.19 235.555860  64.058506  3.320 -100.00 -100.00 -100.00
  99   186.046 55631.60612065  2.25 235.561373  64.059540  3.432 -100.00 -100.00 -100.00
  99   185.005 55631.60612124  2.07 235.566887  64.060574  3.228 -100.00 -100.00 -100.00
  99   184.898 55631.60612183  1.98 235.572402  64.061608  3.013 -100.00 -100.00 -100.00
 100   191.416 55641.52177044  1.56 235.552108  64.059255  3.351 -100.00 -100.00 -100.00
 100   185.723 55641.52177103  1.83 235.557621  64.060289  2.864 -100.00 -100.00 -100.00
 100   186.294 55641.52177162  1.71 235.563135  64.061323  3.473 -100.00 -100.00 -100.00
 100   185.381 55641.52177221  1.78 235.568649  64.062357  3.610 -100.00 -100.00 -100.00
 100   182.519 55641.52177280  1.88 235.574164  64.063390  3.514 -100.00 -100.00 -100.00
 101   189.230 55651.43741847  2.32 235.553936  64.058920  3.548 -100.00 -100.00 -100.00
 101   210.567 55651.43741906  2.18 235.559449  64.059954  3.600 -100.00 -100.00 -100.00
 101   186.546 55651.43741965  2.18 235.564963  64.060988  3.511 -100.00 -100.00 -100.00
 101   207.332 55651.43742024  2.39 235.570477  64.062021  3.971 -100.00 -100.00 -100.00
 103   210.995 55671.26870304  1.94 235.552748  64.055740  3.350 -100.00 -100.00 -100.00
 103   208.601 55671.26870363  1.99 235.558260  64.056774  3.348 -100.00 -100.00 -100.00
 103   207.932 55671.26870422  1.94 235.563773  64.057807  3.443 -100.00 -100.00 -100.00
 103   192.298 55671.26870481  1.89 235.569286  64.058840  3.942 -100.00 -100.00 -100.00
 105   180.735 55691.09998031 20.96 235.553985  64.058923  6.965 -100.00 -100.00 -100.00
 105   182.113 55691.09998090 20.74 235.559498  64.059957  8.574 -100.00 -100.00 -100.00
 105   179.196 55691.09998149 20.67 235.565011  64.060990  8.320 -100.00 -100.00 -100.00
 105   179.130 55691.09998208 19.57 235.570525  64.062024  6.672 -100.00 -100.00 -100.00
 106   247.470 55701.01561628  8.10 235.552833  64.060003  6.076 -100.00 -100.00 -100.00
 106   244.525 55701.01561687  7.42 235.558346  64.061037  5.488 -100.00 -100.00 -100.00
 106   243.163 55701.01561746  6.48 235.563860  64.062071  4.296 -100.00 -100.00 -100.00
 106   240.319 55701.01561805  6.92 235.569374  64.063104  5.190 -100.00 -100.00 -100.00
 106   237.640 55701.01561864  5.86 235.574889  64.064138  4.135 -100.00 -100.00 -100.00
 107   183.335 55710.93125713 17.35 235.553968  64.060394  6.807 -100.00 -100.00 -100.00
 107   181.847 55710.93125772 17.00 235.559481  64.061428  6.560 -100.00 -100.00 -100.00
 107   180.889 55710.93125831 15.99 235.564995  64.062462  5.442 -100.00 -100.00 -100.00
 107   179.474 55710.93125890 15.98 235.570510  64.063496  6.212 -100.00 -100.00 -100.00
 108   183.838 55720.84690674 16.23 235.550883  64.059697  6.608 -100.00 -100.00 -100.00
 108   182.905 55720.84690733 15.41 235.556397  64.060731  6.860 -100.00 -100.00 -100.00
 108   182.006 55720.84690792 14.70 235.561911  64.061765  6.962 -100.00 -100.00 -100.00
 108   180.570 55720.84690851 13.94 235.567425  64.062799  4.966 -100.00 -100.00 -100.00
 108   178.996 55720.84690910 13.60 235.572940  64.063832  5.669 -100.00 -100.00 -100.00
 109    75.510 55730.76255481 47.64 235.553416  64.060313 27.041 -100.00 -100.00 -100.00
 109    75.090 55730.76255540 47.86 235.558930  64.061346   -100 -100.00 -100.00 -100.00
 109    74.916 55730.76255599 48.24 235.564444  64.062380   -100 -100.00 -100.00 -100.00
 109    75.178 55730.76255658 46.21 235.569959  64.063414   -100 -100.00 -100.00 -100.00
 110    76.589 55740.67820124 28.78 235.552763  64.060616 14.878 -100.00 -100.00 -100.00
 110    76.610 55740.67820183 28.71 235.558277  64.061650 14.738 -100.00 -100.00 -100.00
 110    76.676 55740.67820242 29.75 235.563791  64.062683 15.002 -100.00 -100.00 -100.00
 110    76.431 55740.67820301 32.92 235.569306  64.063717 23.863 -100.00 -100.00 -100.00
 110    76.511 55740.67820360 31.45 235.574821  64.064750 22.486 -100.00 -100.00 -100.00
 111    75.891 55750.59384624 42.14 235.550515  64.060644 24.218 -100.00 -100.00 -100.00
 111    75.438 55750.59384683 43.27 235.556029  64.061678 31.058 -100.00 -100.00 -100.00
 111    75.397 55750.59384742 44.25 235.561543  64.062711   -100 -100.00 -100.00 -100.00
 111    75.191 55750.59384801 46.21 235.567057  64.063745   -100 -100.00 -100.00 -100.00
 111    75.282 55750.59384860 44.43 235.572572  64.064778   -100 -100.00 -100.00 -100.00
 112    75.069 55760.50948946 43.02 235.554635  64.060944 28.958 -100.00 -100.00 -100.00
 112    74.831 55760.50949005 45.59 235.560148  64.061977   -100 -100.00 -100.00 -100.00
 112    74.998 55760.50949064 47.04 235.565662  64.063011   -100 -100.00 -100.00 -100.00
 112    74.864 55760.50949123 45.62 235.571177  64.064044   -100 -100.00 -100.00 -100.00
 113   122.515 55770.42512876 22.85 235.549568  64.058562 22.867 -100.00 -100.00 -100.00
 113   122.223 55770.42512936 20.42 235.555080  64.059596 16.762 -100.00 -100.00 -100.00
 113   126.517 55770.42512995 14.21 235.560594  64.060630  9.428 -100.00 -100.00 -100.00
 113   121.615 55770.42513054 23.40 235.566107  64.061663 23.565 -100.00 -100.00 -100.00
 113   121.469 55770.42513113 23.82 235.571621  64.062696 22.124 -100.00 -100.00 -100.00
 114    75.071 55780.34076531 39.91 235.550901  64.056650   -100 -100.00 -100.00 -100.00
 114    74.867 55780.34076591 40.23 235.556413  64.057684   -100 -100.00 -100.00 -100.00
 114    75.100 55780.34076650 40.71 235.561925  64.058718   -100 -100.00 -100.00 -100.00
 114    75.280 55780.34076709 42.94 235.567438  64.059751   -100 -100.00 -100.00 -100.00
 114    74.870 55780.34076768 41.08 235.572952  64.060785   -100 -100.00 -100.00 -100.00
 115   136.970 55790.25639922 13.70 235.550665  64.055153  9.302 -100.00 -100.00 -100.00
 115   125.192 55790.25639981 15.51 235.556176  64.056187 11.172 -100.00 -100.00 -100.00
 115   124.165 55790.25640040 18.52 235.561689  64.057221 15.310 -100.00 -100.00 -100.00
 115   125.244 55790.25640099 19.75 235.567202  64.058255 14.815 -100.00 -100.00 -100.00
 115   120.026 55790.25640158 22.27 235.572715  64.059288 21.915 -100.00 -100.00 -100.00
 116    75.310 55800.17203237 45.76 235.552730  64.055437 26.995 -100.00 -100.00 -100.00
 116    75.115 55800.17203296 48.33 235.558242  64.056471   -100 -100.00 -100.00 -100.00
 116    75.127 55800.17203355 46.77 235.563755  64.057505   -100 -100.00 -100.00 -100.00
 116    75.007 55800.17203414 46.69 235.569268  64.058539   -100 -100.00 -100.00 -100.00
 117    74.858 55810.08768071 45.76 235.553601  64.057355 28.065 -100.00 -100.00 -100.00
 117    74.831 55810.08768130 43.64 235.559113  64.058389 29.560 -100.00 -100.00 -100.00
 117    74.700 55810.08768189 46.65 235.564627  64.059423   -100 -100.00 -100.00 -100.00
 117    74.645 55810.08768248 45.54 235.570140  64.060456   -100 -100.00 -100.00 -100.00
 118   122.492 55820.00332948 24.57 235.550715  64.058113 18.236 -100.00 -100.00 -100.00
 118   122.063 55820.00333007 24.33 235.556228  64.059147 23.687 -100.00 -100.00 -100.00
 118   139.532 55820.00333066 15.06 235.561742  64.060181  9.143 -100.00 -100.00 -100.00
 118   124.099 55820.00333125 17.33 235.567256  64.061214 12.868 -100.00 -100.00 -100.00
 118   119.546 55820.00333184 25.26 235.572770  64.062248 25.044 -100.00 -100.00 -100.00
 119   122.354 55829.91897388 24.43 235.551235  64.057774 16.780 -100.00 -100.00 -100.00
 119   121.938 55829.91897447 19.62 235.556748  64.058808 15.142 -100.00 -100.00 -100.00
 119   121.595 55829.91897506 17.18 235.562262  64.059842 11.476 -100.00 -100.00 -100.00
 119   120.100 55829.91897565 19.25 235.567776  64.060876 17.473 -100.00 -100.00 -100.00
 119   119.457 55829.91897624 24.25 235.573290  64.061909 25.390 -100.00 -100.00 -100.00
 120   182.758 55839.83461396 15.95 235.554598  64.056769  8.864 -100.00 -100.00 -100.00
 120   180.855 55839.83461455 16.57 235.560111  64.057803  9.955 -100.00 -100.00 -100.00
 120   178.655 55839.83461514 16.44 235.565625  64.058837  9.821 -100.00 -100.00 -100.00
 120   179.276 55839.83461573 15.01 235.571139  64.059870  8.771 -100.00 -100.00 -100.00
 121    74.453 55849.75025013 40.44 235.549878  64.054818 23.849 -100.00 -100.00 -100.00
 121    74.558 55849.75025072 42.49 235.555391  64.055852 24.992 -100.00 -100.00 -100.00
 121    74.407 55849.75025131 43.85 235.560904  64.056886 31.221 -100.00 -100.00 -100.00
 121    74.364 55849.75025190 45.39 235.566418  64.057920   -100 -100.00 -100.00 -100.00
 121    74.147 55849.75025249 43.86 235.571932  64.058953   -100 -100.00 -100.00 -100.00
 122   160.487 55859.66588535 12.84 235.554056  64.056327  6.014 -100.00 -100.00 -100.00
 122   160.191 55859.66588594 14.39 235.559569  64.057361  7.881 -100.00 -100.00 -100.00
 122   159.636 55859.66588653 14.05 235.565083  64.058395  8.802 -100.00 -100.00 -100.00
 122   159.704 55859.66588712 13.55 235.570597  64.059429  7.060 -100.00 -100.00 -100.00
 123   173.470 55869.58153543 10.63 235.554437  64.058995  6.067 -100.00 -100.00 -100.00
 123   173.082 55869.58153602 11.35 235.559951  64.060029  6.085 -100.00 -100.00 -100.00
 123   162.856 55869.58153661 10.50 235.565465  64.061062  4.956 -100.00 -100.00 -100.00
 123   172.211 55869.58153720 10.64 235.570980  64.062096  4.502 -100.00 -100.00 -100.00
 134   173.013 55978.65361359  4.74 235.550222  64.057341  2.846 -100.00 -100.00 -100.00
 134   174.743 55978.65361418  5.14 235.555735  64.058375  2.919 -100.00 -100.00 -100.00
 134   173.425 55978.65361477  5.65 235.561249  64.059409  3.334 -100.00 -100.00 -100.00
 134   172.997 55978.65361536  5.44 235.566763  64.060443  3.165 -100.00 -100.00 -100.00
 134   172.426 55978.65361595  5.77 235.572278  64.061476  3.603 -100.00 -100.00 -100.00
 136   189.034 55998.48489063  3.52 235.552587  64.057406  2.702 -100.00 -100.00 -100.00
 136   188.236 55998.48489122  3.49 235.558100  64.058440  2.144 -100.00 -100.00 -100.00
 136   185.357 55998.48489181  3.40 235.563613  64.059474  2.065 -100.00 -100.00 -100.00
 136   184.600 55998.48489240  3.63 235.569127  64.060508  2.498 -100.00 -100.00 -100.00
 138   134.305 56018.31618834  3.93 235.552048  64.056809  3.019 -100.00 -100.00 -100.00
 138   136.158 56018.31618893  3.79 235.557560  64.057843  2.433 -100.00 -100.00 -100.00
 138   138.147 56018.31618952  4.22 235.563073  64.058876  2.858 -100.00 -100.00 -100.00
 138   140.557 56018.31619011  4.87 235.568587  64.059910  2.735 -100.00 -100.00 -100.00
 138   143.090 56018.31619070  4.96 235.574100  64.060943  2.670 -100.00 -100.00 -100.00
 139   188.320 56028.23183252  3.82 235.553647  64.057895  2.876 -100.00 -100.00 -100.00
 139   186.282 56028.23183311  3.95 235.559160  64.058929  3.243 -100.00 -100.00 -100.00
 139   185.513 56028.23183370  3.79 235.564674  64.059962  3.344 -100.00 -100.00 -100.00
 139   183.300 56028.23183429  3.98 235.570187  64.060996  3.434 -100.00 -100.00 -100.00
 141    74.460 56048.06311546 27.55 235.554272  64.060413 30.618 -100.00 -100.00 -100.00
 141    74.259 56048.06311605 29.06 235.559786  64.061447   -100 -100.00 -100.00 -100.00
 141    74.440 56048.06311664 29.91 235.565300  64.062481   -100 -100.00 -100.00 -100.00
 141    74.550 56048.06311723 29.59 235.570815  64.063514 27.588 -100.00 -100.00 -100.00
 142   123.103 56057.97875306 26.64 235.553799  64.060681 16.601 -100.00 -100.00 -100.00
 142   122.111 56057.97875365 30.83 235.559313  64.061715   -100 -100.00 -100.00 -100.00
 142   122.114 56057.97875424 22.54 235.564827  64.062749 19.410 -100.00 -100.00 -100.00
 142   121.625 56057.97875484 20.86 235.570341  64.063782 16.310 -100.00 -100.00 -100.00
 144   184.187 56077.81003631 18.23 235.550572  64.059764  7.279 -100.00 -100.00 -100.00
 144   182.840 56077.81003690 17.60 235.556086  64.060798  7.116 -100.00 -100.00 -100.00
 144   181.997 56077.81003749 16.44 235.561599  64.061832  6.302 -100.00 -100.00 -100.00
 144   180.156 56077.81003808 16.35 235.567114  64.062866  6.866 -100.00 -100.00 -100.00
 144   179.611 56077.81003867 15.65 235.572628  64.063900  5.442 -100.00 -100.00 -100.00
 145   184.904 56087.72568529 14.82 235.552633  64.060888  4.538 -100.00 -100.00 -100.00
 145   183.845 56087.72568588 14.23 235.558147  64.061922  5.209 -100.00 -100.00 -100.00
 145   182.736 56087.72568647 13.82 235.563661  64.062955  5.285 -100.00 -100.00 -100.00
 145   180.759 56087.72568706 13.37 235.569176  64.063989  5.144 -100.00 -100.00 -100.00
 145   179.175 56087.72568765 13.29 235.574691  64.065022  5.661 -100.00 -100.00 -100.00
 146    77.979 56097.64133133 45.42 235.550932  64.061028 29.564 -100.00 -100.00 -100.00
 146    77.842 56097.64133192 45.51 235.556446  64.062062 26.158 -100.00 -100.00 -100.00
 146    77.668 56097.64133251 48.00 235.561960  64.063096   -100 -100.00 -100.00 -100.00
 146    77.698 56097.64133310 46.36 235.567475  64.064129   -100 -100.00 -100.00 -100.00
 146    77.456 56097.64133369 45.48 235.572990  64.065162 29.881 -100.00 -100.00 -100.00
 147    76.052 56107.55697563 45.13 235.554807  64.061066   -100 -100.00 -100.00 -100.00
 147    76.504 56107.55697622 43.29 235.560321  64.062099 24.299 -100.00 -100.00 -100.00
 147    76.516 56107.55697681 44.55 235.565835  64.063133 30.308 -100.00 -100.00 -100.00
 147    76.270 56107.55697740 44.42 235.571349  64.064166 28.343 -100.00 -100.00 -100.00
 148    75.751 56117.47260468 44.58 235.551469  64.058615 28.046 -100.00 -100.00 -100.00
 148    75.436 56117.47260527 44.96 235.556982  64.059649   -100 -100.00 -100.00 -100.00
 148    75.341 56117.47260586 44.55 235.562495  64.060683   -100 -100.00 -100.00 -100.00
 148    75.596 56117.47260645 45.89 235.568009  64.061716   -100 -100.00 -100.00 -100.00
 148    75.438 56117.47260704 47.11 235.573523  64.062750   -100 -100.00 -100.00 -100.00
 149   125.490 56127.38824216 17.26 235.553239  64.056964 13.323 -100.00 -100.00 -100.00
 149   119.950 56127.38824275 20.65 235.558751  64.057998 19.204 -100.00 -100.00 -100.00
 149   123.925 56127.38824334 21.01 235.564264  64.059031 16.166 -100.00 -100.00 -100.00
 149   120.321 56127.38824393 21.86 235.569777  64.060065 19.024 -100.00 -100.00 -100.00
 150   168.606 56137.30387582  6.20 235.553407  64.055843  5.171 -100.00 -100.00 -100.00
 150   172.820 56137.30387642  5.22 235.558919  64.056877  4.065 -100.00 -100.00 -100.00
 150   172.954 56137.30387701  5.68 235.564431  64.057911  3.456 -100.00 -100.00 -100.00
 150   176.463 56137.30387760  5.48 235.569944  64.058944  3.489 -100.00 -100.00 -100.00
 151    74.700 56147.21952128 44.85 235.553626  64.056983 26.769 -100.00 -100.00 -100.00
 151    74.652 56147.21952187 45.04 235.559138  64.058017   -100 -100.00 -100.00 -100.00
 151    74.691 56147.21952246 46.32 235.564651  64.059050   -100 -100.00 -100.00 -100.00
 151    73.871 56147.21952305 48.61 235.570164  64.060084   -100 -100.00 -100.00 -100.00
 152    74.791 56157.13517052 43.80 235.551229  64.058145 25.666 -100.00 -100.00 -100.00
 152    74.408 56157.13517111 44.79 235.556741  64.059179   -100 -100.00 -100.00 -100.00
 152    74.385 56157.13517170 46.12 235.562255  64.060212   -100 -100.00 -100.00 -100.00
 152    74.539 56157.13517229 48.75 235.567768  64.061246   -100 -100.00 -100.00 -100.00
 152    74.353 56157.13517288 46.52 235.573282  64.062279   -100 -100.00 -100.00 -100.00
 153   122.371 56167.05081895 21.65 235.550609  64.058750 10.085 -100.00 -100.00 -100.00
 153   123.698 56167.05081954 16.17 235.556122  64.059784 12.613 -100.00 -100.00 -100.00
 153   120.120 56167.05082013 18.51 235.561636  64.060818 16.021 -100.00 -100.00 -100.00
 153   119.514 56167.05082072 26.68 235.567150  64.061851   -100 -100.00 -100.00 -100.00
 153   119.820 56167.05082131 25.49 235.572664  64.062885 20.144 -100.00 -100.00 -100.00
 154   136.151 56176.96646510 12.89 235.553247  64.058547  7.099 -100.00 -100.00 -100.00
 154   126.336 56176.96646569 14.66 235.558760  64.059581  9.432 -100.00 -100.00 -100.00
 154   139.778 56176.96646628 16.55 235.564274  64.060615 11.839 -100.00 -100.00 -100.00
 154   120.043 56176.96646688 19.15 235.569788  64.061648 16.671 -100.00 -100.00 -100.00
 155   180.647 56186.88210614 16.74 235.553365  64.057384  9.677 -100.00 -100.00 -100.00
 155   180.124 56186.88210673 16.27 235.558878  64.058418  8.489 -100.00 -100.00 -100.00
 155   180.704 56186.88210732 15.20 235.564392  64.059452  7.577 -100.00 -100.00 -100.00
 155   178.412 56186.88210791 14.85 235.569906  64.060485  8.464 -100.00 -100.00 -100.00
 156   121.856 56196.79774364 24.48 235.554603  64.057041 21.385 -100.00 -100.00 -100.00
 156   121.243 56196.79774423 25.91 235.560117  64.058075   -100 -100.00 -100.00 -100.00
 156   121.341 56196.79774482 20.69 235.565630  64.059109 15.068 -100.00 -100.00 -100.00
 156   120.616 56196.79774541 21.74 235.571144  64.060143 20.146 -100.00 -100.00 -100.00
 157   121.870 56206.71337808 25.15 235.554555  64.057872 24.559 -100.00 -100.00 -100.00
 157   125.733 56206.71337867 16.44 235.560068  64.058906 11.938 -100.00 -100.00 -100.00
 157   123.980 56206.71337926 18.84 235.565582  64.059940 15.001 -100.00 -100.00 -100.00
 157   119.384 56206.71337985 26.84 235.571097  64.060974 29.907 -100.00 -100.00 -100.00
 158   121.094 56216.62901045 21.20 235.549329  64.058334 13.560 -100.00 -100.00 -100.00
 158   120.603 56216.62901104 23.44 235.554842  64.059369 18.944 -100.00 -100.00 -100.00
 158   120.130 56216.62901163 18.94 235.560356  64.060403 19.195 -100.00 -100.00 -100.00
 158   139.763 56216.62901222 16.26 235.565870  64.061436 12.058 -100.00 -100.00 -100.00
 158   120.039 56216.62901281 26.26 235.571384  64.062470 29.806 -100.00 -100.00 -100.00
 159   162.726 56226.54465197 10.76 235.549992  64.059672  7.293 -100.00 -100.00 -100.00
 159   162.304 56226.54465256 11.06 235.555505  64.060706  7.398 -100.00 -100.00 -100.00
 159   161.981 56226.54465315 11.49 235.561019  64.061740  7.173 -100.00 -100.00 -100.00
 159   161.892 56226.54465375 10.24 235.566533  64.062774  5.807 -100.00 -100.00 -100.00
 159   161.494 56226.54465434 10.56 235.572048  64.063807  5.656 -100.00 -100.00 -100.00
 160   173.805 56236.46030717 11.56 235.552350  64.060484  7.707 -100.00 -100.00 -100.00
 160   161.616 56236.46030776 11.08 235.557863  64.061518  7.762 -100.00 -100.00 -100.00
 160   160.997 56236.46030835 11.89 235.563377  64.062552  8.961 -100.00 -100.00 -100.00
 160   142.834 56236.46030894 13.30 235.568892  64.063586 11.609 -100.00 -100.00 -100.00
 160   161.117 56236.46030953 10.85 235.574406  64.064619  6.470 -100.00 -100.00 -100.00
 161   162.299 56246.37595801 11.47 235.550600  64.059815  6.918 -100.00 -100.00 -100.00
 161   160.550 56246.37595860 12.21 235.556113  64.060849  8.432 -100.00 -100.00 -100.00
 161   161.164 56246.37595919 11.18 235.561627  64.061882  6.982 -100.00 -100.00 -100.00
 161   160.171 56246.37595978 11.80 235.567141  64.062916  6.823 -100.00 -100.00 -100.00
 161   158.244 56246.37596037 12.31 235.572656  64.063950  8.409 -100.00 -100.00 -100.00
 162   160.457 56256.29160413 10.88 235.551799  64.059994  5.403 -100.00 -100.00 -100.00
 162   161.305 56256.29160472 11.19 235.557313  64.061028  6.472 -100.00 -100.00 -100.00
 162   156.750 56256.29160531 12.83 235.562826  64.062062  8.522 -100.00 -100.00 -100.00
 162   159.204 56256.29160590 11.69 235.568340  64.063095  5.839 -100.00 -100.00 -100.00
 162   154.759 56256.29160649 13.80 235.573855  64.064128 10.116 -100.00 -100.00 -100.00
 163   115.240 56266.20724641 14.40 235.550823  64.060638 11.541 -100.00 -100.00 -100.00
 163   118.116 56266.20724700 12.72 235.556337  64.061672  8.578 -100.00 -100.00 -100.00
 163   123.547 56266.20724760 12.43 235.561851  64.062705  6.747 -100.00 -100.00 -100.00
 163   121.842 56266.20724819 12.69 235.567365  64.063739  6.857 -100.00 -100.00 -100.00
 163   123.552 56266.20724878 12.97 235.572880  64.064772  7.723 -100.00 -100.00 -100.00
 164   116.360 56276.12288709 11.46 235.550313  64.061162  5.971 -100.00 -100.00 -100.00
 164   116.695 56276.12288768 13.65 235.555826  64.062196 10.507 -100.00 -100.00 -100.00
 164   123.624 56276.12288827 10.41 235.561341  64.063230  5.098 -100.00 -100.00 -100.00
 164   125.895 56276.12288886 10.74 235.566855  64.064264  6.080 -100.00 -100.00 -100.00
 164   127.475 56276.12288945 11.01 235.572370  64.065297  5.900 -100.00 -100.00 -100.00
 165   114.264 56286.03853369 13.13 235.550363  64.060648 11.451 -100.00 -100.00 -100.00
 165   116.726 56286.03853428 12.29 235.555877  64.061682  9.819 -100.00 -100.00 -100.00
 165   118.026 56286.03853487 14.45 235.561392  64.062716 14.007 -100.00 -100.00 -100.00
 165   125.123 56286.03853546  9.93 235.566906  64.063750  6.276 -100.00 -100.00 -100.00
 165   127.492 56286.03853605  9.14 235.572422  64.064783  5.353 -100.00 -100.00 -100.00
 166   165.438 56295.95418394  5.77 235.552377  64.059040  3.639 -100.00 -100.00 -100.00
 166   162.540 56295.95418453  6.57 235.557891  64.060074  3.981 -100.00 -100.00 -100.00
 166   162.157 56295.95418512  6.97 235.563405  64.061107  4.088 -100.00 -100.00 -100.00
 166   161.885 56295.95418571  6.55 235.568920  64.062141  3.611 -100.00 -100.00 -100.00
 166   161.442 56295.95418630  6.88 235.574435  64.063174  4.178 -100.00 -100.00 -100.00
 167   115.440 56305.86982994 13.81 235.552853  64.057050 13.423 -100.00 -100.00 -100.00
 167   116.907 56305.86983053 13.58 235.558367  64.058084 12.931 -100.00 -100.00 -100.00
 167    75.948 56305.86983112 16.83 235.563881  64.059117 19.190 -100.00 -100.00 -100.00
 167   124.120 56305.86983171  8.36 235.569396  64.060151  5.093 -100.00 -100.00 -100.00
 168   116.760 56315.78547243  8.25 235.550503  64.056329  4.788 -100.00 -100.00 -100.00
 168   115.198 56315.78547302 13.84 235.556017  64.057363 13.442 -100.00 -100.00 -100.00
 168   117.839 56315.78547361 12.86 235.561531  64.058397 11.184 -100.00 -100.00 -100.00
 168   124.177 56315.78547420  7.17 235.567045  64.059431  3.824 -100.00 -100.00 -100.00
 168   125.095 56315.78547479  8.65 235.572560  64.060464  5.123 -100.00 -100.00 -100.00
 169   119.784 56325.70111384  7.19 235.553913  64.058698  4.296 -100.00 -100.00 -100.00
 169   120.218 56325.70111443  9.31 235.559427  64.059732  5.803 -100.00 -100.00 -100.00
 169   124.268 56325.70111502  8.71 235.564941  64.060765  5.779 -100.00 -100.00 -100.00
 169   124.898 56325.70111561  9.41 235.570456  64.061798  5.474 -100.00 -100.00 -100.00
 170   120.304 56335.61675394  6.51 235.553909  64.060274  4.316 -100.00 -100.00 -100.00
 170   122.481 56335.61675453  7.77 235.559423  64.061308  5.168 -100.00 -100.00 -100.00
 170   124.402 56335.61675512  8.22 235.564938  64.062342  5.560 -100.00 -100.00 -100.00
 170   126.690 56335.61675571  8.33 235.570453  64.063375  5.331 -100.00 -100.00 -100.00
 171   118.849 56345.53239246  5.95 235.551596  64.059524  4.257 -100.00 -100.00 -100.00
 171   120.793 56345.53239305  6.80 235.557109  64.060558  4.681 -100.00 -100.00 -100.00
 171   123.420 56345.53239364  6.74 235.562623  64.061592  4.951 -100.00 -100.00 -100.00
 171   125.613 56345.53239423  7.99 235.568138  64.062626  5.954 -100.00 -100.00 -100.00
 171   124.296 56345.53239482  9.30 235.573653  64.063659  8.205 -100.00 -100.00 -100.00
 172   119.332 56355.44802901  5.28 235.554306  64.058007  3.759 -100.00 -100.00 -100.00
 172   121.590 56355.44802960  5.05 235.559819  64.059041  3.929 -100.00 -100.00 -100.00
 172   124.005 56355.44803019  5.74 235.565333  64.060075  3.925 -100.00 -100.00 -100.00
 172   126.335 56355.44803078  6.01 235.570846  64.061108  4.142 -100.00 -100.00 -100.00
 173   115.324 56365.36367455  5.54 235.552100  64.056320  4.126 -100.00 -100.00 -100.00
 173   117.700 56365.36367514  5.36 235.557613  64.057354  4.296 -100.00 -100.00 -100.00
 173   120.161 56365.36367573  5.68 235.563125  64.058388  3.962 -100.00 -100.00 -100.00
 173   122.844 56365.36367632  6.90 235.568639  64.059421  5.552 -100.00 -100.00 -100.00
 173   125.745 56365.36367691  6.38 235.574153  64.060455  5.006 -100.00 -100.00 -100.00
 174   115.007 56375.27932339  5.14 235.552431  64.057034  3.532 -100.00 -100.00 -100.00
 174   117.238 56375.27932398  5.75 235.557944  64.058068  4.659 -100.00 -100.00 -100.00
 174   119.722 56375.27932458  5.12 235.563457  64.059101  4.544 -100.00 -100.00 -100.00
 174   122.533 56375.27932517  5.17 235.568971  64.060135  4.472 -100.00 -100.00 -100.00
 176   128.530 56395.11061314  3.41 235.549568  64.061248  3.179 -100.00 -100.00 -100.00
 176   130.187 56395.11061373  3.78 235.555081  64.062282  3.613 -100.00 -100.00 -100.00
 176   131.910 56395.11061432  3.83 235.560595  64.063315  3.404 -100.00 -100.00 -100.00
 176   133.798 56395.11061491  4.28 235.566110  64.064349  3.915 -100.00 -100.00 -100.00
 176   135.737 56395.11061550  3.95 235.571625  64.065382  2.938 -100.00 -100.00 -100.00
 177   215.040 56405.02625529  0.22 235.552310  64.062460  2.964 -100.00 -100.00 -100.00
 177   211.719 56405.02625588  0.30 235.557824  64.063494  3.285 -100.00 -100.00 -100.00
 177   209.919 56405.02625647  0.48 235.563339  64.064527  4.428 -100.00 -100.00 -100.00
 177   190.772 56405.02625706  0.61 235.568854  64.065561  4.227 -100.00 -100.00 -100.00
 177   183.349 56405.02625765  0.86 235.574369  64.066594  4.180 -100.00 -100.00 -100.00
 178   128.084 56414.94189373  1.15 235.551081  64.061341  3.730 -100.00 -100.00 -100.00
 178   130.023 56414.94189432  0.68 235.556595  64.062375  2.826 -100.00 -100.00 -100.00
 178   131.963 56414.94189491  1.07 235.562109  64.063409  3.302 -100.00 -100.00 -100.00
 178   133.922 56414.94189550  0.98 235.567624  64.064443  2.979 -100.00 -100.00 -100.00
 178   136.012 56414.94189609  1.19 235.573139  64.065476  2.732 -100.00 -100.00 -100.00
 179   126.751 56424.85752768 17.35 235.554297  64.059860  8.948 -100.00 -100.00 -100.00
 179   127.057 56424.85752827 19.19 235.559811  64.060894 11.024 -100.00 -100.00 -100.00
 179   126.949 56424.85752886 23.12 235.565325  64.061928 21.805 -100.00 -100.00 -100.00
 179   127.767 56424.85752945 22.16 235.570839  64.062962 15.717 -100.00 -100.00 -100.00
 180   182.826 56434.77317443 22.98 235.551244  64.059094  7.047 -100.00 -100.00 -100.00
 180   182.645 56434.77317502 22.57 235.556758  64.060128  8.019 -100.00 -100.00 -100.00
 180   181.879 56434.77317561 21.32 235.562272  64.061162  6.684 -100.00 -100.00 -100.00
 180   180.379 56434.77317620 20.70 235.567786  64.062196  6.040 -100.00 -100.00 -100.00
 180   179.444 56434.77317679 20.14 235.573301  64.063229  5.975 -100.00 -100.00 -100.00
 181   183.645 56444.68882650 18.78 235.550798  64.060289  7.627 -100.00 -100.00 -100.00
 181   182.872 56444.68882709 17.92 235.556311  64.061323  6.957 -100.00 -100.00 -100.00
 181   181.596 56444.68882768 17.01 235.561826  64.062356  5.868 -100.00 -100.00 -100.00
 181   180.557 56444.68882827 16.45 235.567340  64.063390  5.425 -100.00 -100.00 -100.00
 181   179.122 56444.68882886 15.47 235.572855  64.064423  5.184 -100.00 -100.00 -100.00
 182    76.685 56454.60447648 46.99 235.553987  64.062391   -100 -100.00 -100.00 -100.00
 182    76.525 56454.60447707 48.69 235.559501  64.063425   -100 -100.00 -100.00 -100.00
 182    76.491 56454.60447766 47.03 235.565016  64.064458   -100 -100.00 -100.00 -100.00
 182    76.343 56454.60447825 46.29 235.570531  64.065491   -100 -100.00 -100.00 -100.00
 183    76.313 56464.52012315 47.98 235.554926  64.062259 30.036 -100.00 -100.00 -100.00
 183    76.184 56464.52012375 48.41 235.560440  64.063293 31.794 -100.00 -100.00 -100.00
 183    76.040 56464.52012434 48.53 235.565954  64.064326   -100 -100.00 -100.00 -100.00
 183    76.103 56464.52012493 45.81 235.571469  64.065359 31.652 -100.00 -100.00 -100.00
 184   149.031 56474.43576543 12.71 235.549458  64.059049 13.069 -100.00 -100.00 -100.00
 184   173.203 56474.43576603 11.17 235.554971  64.060083 10.028 -100.00 -100.00 -100.00
 184   148.752 56474.43576662 12.03 235.560485  64.061117 12.792 -100.00 -100.00 -100.00
 184   148.598 56474.43576721 11.56 235.565998  64.062150 11.339 -100.00 -100.00 -100.00
 184   148.208 56474.43576780 12.28 235.571513  64.063183 12.853 -100.00 -100.00 -100.00
 185   125.951 56484.35140523 11.03 235.553072  64.056961  7.313 -100.00 -100.00 -100.00
 185   125.479 56484.35140583 15.67 235.558584  64.057995 15.015 -100.00 -100.00 -100.00
 185   124.600 56484.35140642 16.96 235.564097  64.059028 14.947 -100.00 -100.00 -100.00
 185   125.043 56484.35140701 17.47 235.569610  64.060061 16.513 -100.00 -100.00 -100.00
 187    75.418 56504.18267604 39.37 235.550679  64.056744 25.151 -100.00 -100.00 -100.00
 187    75.315 56504.18267663 42.14 235.556191  64.057778 28.444 -100.00 -100.00 -100.00
 187    75.354 56504.18267722 42.72 235.561704  64.058812   -100 -100.00 -100.00 -100.00
 187    75.345 56504.18267781 44.91 235.567217  64.059846   -100 -100.00 -100.00 -100.00
 187    75.097 56504.18267841 41.08 235.572730  64.060879 29.252 -100.00 -100.00 -100.00
 188    75.226 56514.09830937 44.81 235.552956  64.058691 27.715 -100.00 -100.00 -100.00
 188    74.916 56514.09830996 44.28 235.558469  64.059725   -100 -100.00 -100.00 -100.00
 188    75.071 56514.09831055 44.27 235.563982  64.060759 32.507 -100.00 -100.00 -100.00
 188    74.868 56514.09831114 45.91 235.569495  64.061793   -100 -100.00 -100.00 -100.00
 189   123.491 56524.01396078 15.14 235.554645  64.059938 13.929 -100.00 -100.00 -100.00
 189   126.440 56524.01396137 14.24 235.560158  64.060972 12.155 -100.00 -100.00 -100.00
 189   126.936 56524.01396196 16.26 235.565672  64.062006 14.437 -100.00 -100.00 -100.00
 189   127.227 56524.01396255 16.05 235.571186  64.063040 15.692 -100.00 -100.00 -100.00
 190    74.713 56533.92961198 40.08 235.551107  64.058292 28.254 -100.00 -100.00 -100.00
 190    74.659 56533.92961257 38.47 235.556621  64.059327 22.945 -100.00 -100.00 -100.00
 190    74.675 56533.92961316 40.32 235.562134  64.060360 29.313 -100.00 -100.00 -100.00
 190    74.517 56533.92961375 43.55 235.567648  64.061394   -100 -100.00 -100.00 -100.00
 190    74.201 56533.92961434 41.52 235.573163  64.062428   -100 -100.00 -100.00 -100.00
 192   136.015 56553.76090463 12.48 235.552856  64.057447  7.165 -100.00 -100.00 -100.00
 192   138.977 56553.76090522 13.94 235.558370  64.058481  9.325 -100.00 -100.00 -100.00
 192   124.275 56553.76090581 16.80 235.563884  64.059514 12.532 -100.00 -100.00 -100.00
 192   119.814 56553.76090640 20.54 235.569398  64.060548 20.866 -100.00 -100.00 -100.00
 193   122.497 56563.67654755 23.74 235.552736  64.059643 18.474 -100.00 -100.00 -100.00
 193   120.285 56563.67654814 17.31 235.558250  64.060677 15.079 -100.00 -100.00 -100.00
 193   119.999 56563.67654873 17.85 235.563764  64.061711 20.295 -100.00 -100.00 -100.00
 193   119.632 56563.67654932 22.29 235.569279  64.062744 28.798 -100.00 -100.00 -100.00
 193   119.596 56563.67654991 20.51 235.574794  64.063777 25.038 -100.00 -100.00 -100.00
 194   121.546 56573.59218900 22.70 235.550956  64.061800 17.331 -100.00 -100.00 -100.00
 194   121.118 56573.59218959 22.16 235.556470  64.062834 23.818 -100.00 -100.00 -100.00
 194   121.024 56573.59219018 19.84 235.561985  64.063868 19.058 -100.00 -100.00 -100.00
 194   123.095 56573.59219077 16.65 235.567500  64.064901 15.154 -100.00 -100.00 -100.00
 194   120.401 56573.59219136 23.13 235.573015  64.065935 27.773 -100.00 -100.00 -100.00
 195   121.963 56583.50782831 22.82 235.553047  64.062977 15.601 -100.00 -100.00 -100.00
 195   121.412 56583.50782890 24.85 235.558561  64.064011 30.400 -100.00 -100.00 -100.00
 195   140.032 56583.50782949 15.67 235.564076  64.065045 12.832 -100.00 -100.00 -100.00
 195   127.846 56583.50783008 16.02 235.569591  64.066079 12.278 -100.00 -100.00 -100.00
 195   128.313 56583.50783067 16.14 235.575107  64.067112 11.090 -100.00 -100.00 -100.00
 196    73.860 56593.42346224 33.40 235.549691  64.060578 30.065 -100.00 -100.00 -100.00
 196    74.266 56593.42346283 35.78 235.555204  64.061612 30.840 -100.00 -100.00 -100.00
 196    74.264 56593.42346342 38.24 235.560718  64.062646 24.224 -100.00 -100.00 -100.00
 196    73.979 56593.42346401 39.53 235.566232  64.063680   -100 -100.00 -100.00 -100.00
 196    73.628 56593.42346460 40.90 235.571747  64.064714   -100 -100.00 -100.00 -100.00
 197   165.601 56603.33911468 12.41 235.549692  64.059416  6.063 -100.00 -100.00 -100.00
 197   173.538 56603.33911527 14.33 235.555205  64.060450  7.906 -100.00 -100.00 -100.00
 197   162.062 56603.33911586 14.79 235.560719  64.061484  7.962 -100.00 -100.00 -100.00
 197   161.961 56603.33911645 14.36 235.566233  64.062518  7.645 -100.00 -100.00 -100.00
 197   160.324 56603.33911704 17.29 235.571747  64.063551 12.852 -100.00 -100.00 -100.00
 198   165.009 56613.25476352 11.12 235.549510  64.058946  5.191 -100.00 -100.00 -100.00
 198   161.948 56613.25476411 12.26 235.555024  64.059980  6.071 -100.00 -100.00 -100.00
 198   173.080 56613.25476470 11.36 235.560537  64.061014  4.988 -100.00 -100.00 -100.00
 198   160.164 56613.25476529 12.90 235.566051  64.062047  7.034 -100.00 -100.00 -100.00
 198   160.771 56613.25476588 12.53 235.571565  64.063080  6.150 -100.00 -100.00 -100.00
 199   165.109 56623.17040845  9.69 235.550179  64.059927  4.060 -100.00 -100.00 -100.00
 199   165.229 56623.17040904 10.35 235.555693  64.060961  5.173 -100.00 -100.00 -100.00
 199   162.910 56623.17040963 10.76 235.561207  64.061995  5.463 -100.00 -100.00 -100.00
 199   161.610 56623.17041022 11.06 235.566721  64.063029  5.609 -100.00 -100.00 -100.00
 199   164.598 56623.17041081 10.40 235.572236  64.064062  4.583 -100.00 -100.00 -100.00
 200   165.278 56633.08605055  8.68 235.550972  64.060867  4.599 -100.00 -100.00 -100.00
 200   164.489 56633.08605114  9.01 235.556486  64.061901  4.858 -100.00 -100.00 -100.00
 200   173.506 56633.08605173  9.25 235.562001  64.062935  3.975 -100.00 -100.00 -100.00
 200   164.701 56633.08605232  9.99 235.567515  64.063968  4.889 -100.00 -100.00 -100.00
 200   164.222 56633.08605291  9.98 235.573030  64.065001  4.568 -100.00 -100.00 -100.00
 201   164.732 56643.00168800  7.68 235.552091  64.060445  4.359 -100.00 -100.00 -100.00
 201   164.730 56643.00168859  7.85 235.557605  64.061479  4.202 -100.00 -100.00 -100.00
 201   163.300 56643.00168918  8.03 235.563119  64.062513  3.887 -100.00 -100.00 -100.00
 201   163.672 56643.00168977  7.64 235.568634  64.063547  3.261 -100.00 -100.00 -100.00
 201   161.365 56643.00169036  8.67 235.574149  64.064580  4.306 -100.00 -100.00 -100.00
 202   165.019 56652.91733887  6.87 235.553538  64.059117  4.567 -100.00 -100.00 -100.00
 202   162.038 56652.91733946  7.43 235.559052  64.060151  4.632 -100.00 -100.00 -100.00
 202   167.319 56652.91734005  7.47 235.564566  64.061185  5.242 -100.00 -100.00 -100.00
 202   162.651 56652.91734064  6.89 235.570081  64.062218  3.811 -100.00 -100.00 -100.00
 203   173.346 56662.83298791  5.47 235.551689  64.057015  4.111 -100.00 -100.00 -100.00
 203   162.503 56662.83298850  6.68 235.557202  64.058049  5.433 -100.00 -100.00 -100.00
 203   162.306 56662.83298909  6.65 235.562717  64.059082  4.911 -100.00 -100.00 -100.00
 203   172.138 56662.83298968  5.87 235.568231  64.060116  3.908 -100.00 -100.00 -100.00
 203   159.300 56662.83299027  5.84 235.573746  64.061149  3.776 -100.00 -100.00 -100.00
 204   173.422 56672.74863463  4.09 235.553955  64.056979  4.115 -100.00 -100.00 -100.00
 204   173.005 56672.74863522  3.40 235.559469  64.058012  3.542 -100.00 -100.00 -100.00
 204   172.674 56672.74863581  4.62 235.564983  64.059046  4.704 -100.00 -100.00 -100.00
 204   171.915 56672.74863640  4.94 235.570498  64.060079  4.480 -100.00 -100.00 -100.00
 205   181.708 56682.66427953  5.47 235.551891  64.058398  3.634 -100.00 -100.00 -100.00
 205   179.593 56682.66428012  5.88 235.557405  64.059432  4.065 -100.00 -100.00 -100.00
 205   179.287 56682.66428071  5.44 235.562919  64.060466  3.274 -100.00 -100.00 -100.00
 205   178.068 56682.66428130  5.88 235.568434  64.061499  4.144 -100.00 -100.00 -100.00
 205   176.801 56682.66428190  5.80 235.573949  64.062532  3.825 -100.00 -100.00 -100.00
 206   183.671 56692.57992242  4.56 235.550718  64.059919  3.081 -100.00 -100.00 -100.00
 206   183.284 56692.57992301  4.19 235.556232  64.060953  2.957 -100.00 -100.00 -100.00
 206   182.689 56692.57992360  3.81 235.561747  64.061986  2.861 -100.00 -100.00 -100.00
 206   181.097 56692.57992419  4.02 235.567261  64.063020  3.310 -100.00 -100.00 -100.00
 206   179.226 56692.57992478  4.11 235.572777  64.064053  3.430 -100.00 -100.00 -100.00
 207   185.251 56702.49556107  4.88 235.549563  64.059962  3.679 -100.00 -100.00 -100.00
 207   184.286 56702.49556166  3.97 235.555076  64.060996  3.001 -100.00 -100.00 -100.00
 207   181.947 56702.49556225  4.45 235.560590  64.062030  3.262 -100.00 -100.00 -100.00
 207   182.505 56702.49556284  3.91 235.566105  64.063064  3.439 -100.00 -100.00 -100.00
 207   180.860 56702.49556343  3.49 235.571620  64.064097  2.787 -100.00 -100.00 -100.00
 208   184.022 56712.41119505  4.05 235.553698  64.058808  3.178 -100.00 -100.00 -100.00
 208   183.850 56712.41119564  4.14 235.559211  64.059842  3.673 -100.00 -100.00 -100.00
 208   181.445 56712.41119623  3.83 235.564725  64.060875  3.557 -100.00 -100.00 -100.00
 208   179.582 56712.41119682  4.06 235.570239  64.061909  3.846 -100.00 -100.00 -100.00
 210   185.885 56732.24249313  3.18 235.557133  64.059168  2.795 -100.00 -100.00 -100.00
 210   183.327 56732.24249372  3.62 235.562647  64.060201  3.580 -100.00 -100.00 -100.00
 210   181.316 56732.24249431  3.60 235.568161  64.061235  3.630 -100.00 -100.00 -100.00
 210   179.891 56732.24249490  3.32 235.573675  64.062268  3.198 -100.00 -100.00 -100.00
 211   187.104 56742.15814046  3.57 235.552164  64.060614  3.313 -100.00 -100.00 -100.00
 211   193.399 56742.15814105  2.90 235.557678  64.061648  2.991 -100.00 -100.00 -100.00
 211   184.088 56742.15814165  2.94 235.563192  64.062681  3.121 -100.00 -100.00 -100.00
 211   181.444 56742.15814224  2.84 235.568707  64.063715  2.997 -100.00 -100.00 -100.00
 211   184.705 56742.15814283  2.59 235.574222  64.064748  3.574 -100.00 -100.00 -100.00
 212   189.422 56752.07378425  2.68 235.554524  64.063244  3.087 -100.00 -100.00 -100.00
 212   188.284 56752.07378484  2.33 235.560038  64.064278  2.580 -100.00 -100.00 -100.00
 212   185.518 56752.07378543  2.41 235.565553  64.065311  2.681 -100.00 -100.00 -100.00
 212   184.531 56752.07378602  2.68 235.571068  64.066344  3.438 -100.00 -100.00 -100.00
 213   189.701 56761.98942225  2.39 235.552715  64.063255  3.013 -100.00 -100.00 -100.00
 213   186.211 56761.98942284  2.43 235.558230  64.064289  3.008 -100.00 -100.00 -100.00
 213   184.991 56761.98942343  2.26 235.563745  64.065323  3.000 -100.00 -100.00 -100.00
 213   184.512 56761.98942403  2.35 235.569260  64.066357  3.262 -100.00 -100.00 -100.00
 213   181.306 56761.98942462  2.22 235.574775  64.067390  2.939 -100.00 -100.00 -100.00
 214    74.646 56771.90505356 12.53 235.554065  64.061672 15.467 -100.00 -100.00 -100.00
 214    74.791 56771.90505415 13.83 235.559579  64.062706 17.715 -100.00 -100.00 -100.00
 214    74.686 56771.90505475 14.81 235.565093  64.063740 18.419 -100.00 -100.00 -100.00
 214    74.264 56771.90505534 13.40 235.570608  64.064774 16.766 -100.00 -100.00 -100.00
 215   186.006 56781.82070987 21.62 235.551463  64.060431  7.424 -100.00 -100.00 -100.00
 215   183.452 56781.82071046 20.25 235.556977  64.061465  5.982 -100.00 -100.00 -100.00
 215   183.771 56781.82071105 19.42 235.562491  64.062499  4.840 -100.00 -100.00 -100.00
 215   183.356 56781.82071164 18.96 235.568006  64.063533  4.799 -100.00 -100.00 -100.00
 215   180.392 56781.82071223 18.81 235.573521  64.064566  5.588 -100.00 -100.00 -100.00
 216   183.332 56791.73636463 17.40 235.554649  64.060851  5.716 -100.00 -100.00 -100.00
 216   182.640 56791.73636522 16.79 235.560164  64.061885  6.151 -100.00 -100.00 -100.00
 216   181.227 56791.73636581 16.66 235.565678  64.062919  6.067 -100.00 -100.00 -100.00
 216   179.489 56791.73636640 15.94 235.571193  64.063952  6.193 -100.00 -100.00 -100.00
 217   184.338 56801.65201569 22.27 235.550232  64.060878  7.447 -100.00 -100.00 -100.00
 217   183.435 56801.65201628 21.10 235.555746  64.061911  6.966 -100.00 -100.00 -100.00
 217   182.953 56801.65201687 20.38 235.561260  64.062945  5.780 -100.00 -100.00 -100.00
 217   180.319 56801.65201746 20.03 235.566775  64.063978  5.587 -100.00 -100.00 -100.00
 217   179.548 56801.65201805 19.54 235.572291  64.065011  5.588 -100.00 -100.00 -100.00
 218   184.922 56811.56766002 15.50 235.551516  64.061790  5.425 -100.00 -100.00 -100.00
 218   182.929 56811.56766061 15.41 235.557030  64.062824  5.968 -100.00 -100.00 -100.00
 218   181.798 56811.56766120 14.80 235.562544  64.063857  5.180 -100.00 -100.00 -100.00
 218   180.076 56811.56766179 14.30 235.568059  64.064890  5.007 -100.00 -100.00 -100.00
 218   178.912 56811.56766238 13.91 235.573575  64.065923  5.964 -100.00 -100.00 -100.00
 219    75.938 56821.48329977 46.42 235.551103  64.061228 24.294 -100.00 -100.00 -100.00
 219    75.652 56821.48330036 48.27 235.556617  64.062262 31.153 -100.00 -100.00 -100.00
 219    75.679 56821.48330095 48.80 235.562131  64.063295   -100 -100.00 -100.00 -100.00
 219    75.009 56821.48330154 50.15 235.567646  64.064329   -100 -100.00 -100.00 -100.00
 219    75.335 56821.48330213 46.57 235.573161  64.065362   -100 -100.00 -100.00 -100.00
 221    75.552 56841.31456767 45.01 235.552995  64.057047 30.834 -100.00 -100.00 -100.00
 221    75.512 56841.31456827 44.42 235.558507  64.058081 30.170 -100.00 -100.00 -100.00
 221    75.440 56841.31456886 44.19 235.564020  64.059114 30.675 -100.00 -100.00 -100.00
 221    75.176 56841.31456945 46.05 235.569533  64.060148   -100 -100.00 -100.00 -100.00
 222    75.689 56851.23020459 35.01 235.551943  64.056002 19.363 -100.00 -100.00 -100.00
 222    75.738 56851.23020518 35.14 235.557455  64.057036 18.193 -100.00 -100.00 -100.00
 222    75.321 56851.23020577 34.71 235.562967  64.058069 18.944 -100.00 -100.00 -100.00
 222    75.431 56851.23020636 35.72 235.568480  64.059103 19.929 -100.00 -100.00 -100.00
 222    75.314 56851.23020695 33.79 235.573994  64.060136 13.936 -100.00 -100.00 -100.00
 223    75.095 56861.14585948 45.81 235.554689  64.058382   -100 -100.00 -100.00 -100.00
 223    75.091 56861.14586007 45.09 235.560202  64.059415   -100 -100.00 -100.00 -100.00
 223    74.953 56861.14586066 43.37 235.565715  64.060449 32.411 -100.00 -100.00 -100.00
 223    74.902 56861.14586125 45.13 235.571229  64.061482   -100 -100.00 -100.00 -100.00
 224   121.932 56871.06151316 23.99 235.551979  64.060059 15.248 -100.00 -100.00 -100.00
 224   121.440 56871.06151375 27.92 235.557492  64.061093   -100 -100.00 -100.00 -100.00
 224   126.984 56871.06151434 16.68 235.563006  64.062126 11.468 -100.00 -100.00 -100.00
 224   120.568 56871.06151493 20.22 235.568520  64.063160 19.018 -100.00 -100.00 -100.00
 224   119.609 56871.06151552 23.88 235.574035  64.064193 32.016 -100.00 -100.00 -100.00
 225   121.962 56880.97716418 20.74 235.552023  64.060971 13.660 -100.00 -100.00 -100.00
 225   121.754 56880.97716477 23.61 235.557536  64.062005 24.276 -100.00 -100.00 -100.00
 225   121.559 56880.97716536 16.74 235.563051  64.063038 14.135 -100.00 -100.00 -100.00
 225   127.369 56880.97716595 15.58 235.568565  64.064072 12.836 -100.00 -100.00 -100.00
 225   123.753 56880.97716654 17.48 235.574080  64.065105 14.895 -100.00 -100.00 -100.00
 226   121.554 56890.89281143 22.94 235.552423  64.060621 18.544 -100.00 -100.00 -100.00
 226   122.960 56890.89281203 17.54 235.557937  64.061654 13.632 -100.00 -100.00 -100.00
 226   120.976 56890.89281262 22.33 235.563451  64.062688 24.626 -100.00 -100.00 -100.00
 226   119.623 56890.89281321 21.13 235.568966  64.063721 18.449 -100.00 -100.00 -100.00
 226   119.896 56890.89281380 19.11 235.574481  64.064754 13.132 -100.00 -100.00 -100.00
 227   124.056 56900.80845562 13.55 235.551759  64.059732  9.580 -100.00 -100.00 -100.00
 227   138.987 56900.80845621 13.24 235.557272  64.060766  9.286 -100.00 -100.00 -100.00
 227   140.106 56900.80845680 14.32 235.562787  64.061800  9.907 -100.00 -100.00 -100.00
 227   123.509 56900.80845739 17.99 235.568302  64.062833 18.894 -100.00 -100.00 -100.00
 227   120.072 56900.80845798 20.16 235.573817  64.063866 20.608 -100.00 -100.00 -100.00
 228   122.955 56910.72409787 16.66 235.551172  64.060309 10.014 -100.00 -100.00 -100.00
 228   120.946 56910.72409846 19.90 235.556686  64.061342 13.492 -100.00 -100.00 -100.00
 228   120.253 56910.72409905 20.17 235.562201  64.062376 20.569 -100.00 -100.00 -100.00
 228   119.791 56910.72409964 25.61 235.567716  64.063409   -100 -100.00 -100.00 -100.00
 228   123.701 56910.72410023 17.75 235.573231  64.064442 16.397 -100.00 -100.00 -100.00
 229   121.886 56920.63973853 19.58 235.550683  64.061550 11.631 -100.00 -100.00 -100.00
 229   121.071 56920.63973912 20.88 235.556197  64.062584 19.647 -100.00 -100.00 -100.00
 229   119.321 56920.63973971 24.17 235.561712  64.063618 30.920 -100.00 -100.00 -100.00
 229   127.499 56920.63974030 14.39 235.567227  64.064651  8.265 -100.00 -100.00 -100.00
 229   127.882 56920.63974089 15.66 235.572742  64.065684 10.764 -100.00 -100.00 -100.00
 230   137.208 56930.55537713 12.25 235.551358  64.062803  7.346 -100.00 -100.00 -100.00
 230   138.783 56930.55537772 13.57 235.556872  64.063837  8.919 -100.00 -100.00 -100.00
 230   140.481 56930.55537831 14.06 235.562387  64.064870  8.606 -100.00 -100.00 -100.00
 230   127.616 56930.55537890 16.48 235.567902  64.065904 14.053 -100.00 -100.00 -100.00
 230   127.997 56930.55537950 17.37 235.573417  64.066937 13.707 -100.00 -100.00 -100.00
 231   120.591 56940.47101061 27.37 235.551606  64.062352   -100 -100.00 -100.00 -100.00
 231   120.199 56940.47101120 27.98 235.557120  64.063386   -100 -100.00 -100.00 -100.00
 231   139.519 56940.47101179 15.34 235.562634  64.064419 11.688 -100.00 -100.00 -100.00
 231   123.299 56940.47101238 17.81 235.568148  64.065453 15.152 -100.00 -100.00 -100.00
 231   117.916 56940.47101297 26.88 235.573663  64.066486   -100 -100.00 -100.00 -100.00
 232    73.637 56950.38664942 45.52 235.553184  64.061352 26.195 -100.00 -100.00 -100.00
 232    73.406 56950.38665001 47.96 235.558697  64.062386   -100 -100.00 -100.00 -100.00
 232    73.344 56950.38665060 47.14 235.564211  64.063420   -100 -100.00 -100.00 -100.00
 232    73.668 56950.38665119 46.53 235.569725  64.064454   -100 -100.00 -100.00 -100.00
 233   173.876 56960.30230127 10.94 235.553713  64.060749  5.095 -100.00 -100.00 -100.00
 233   173.580 56960.30230186 11.56 235.559226  64.061783  5.865 -100.00 -100.00 -100.00
 233   173.075 56960.30230245 12.06 235.564740  64.062816  5.816 -100.00 -100.00 -100.00
 233   161.827 56960.30230304 13.40 235.570254  64.063850  8.307 -100.00 -100.00 -100.00
 234   174.107 56970.21794779 12.40 235.550714  64.059951  7.391 -100.00 -100.00 -100.00
 234   173.536 56970.21794838 10.88 235.556227  64.060985  5.650 -100.00 -100.00 -100.00
 234   172.174 56970.21794897 12.34 235.561741  64.062019  6.674 -100.00 -100.00 -100.00
 234   163.135 56970.21794956 11.55 235.567255  64.063052  6.063 -100.00 -100.00 -100.00
 234   160.843 56970.21795016 12.74 235.572769  64.064085  6.244 -100.00 -100.00 -100.00
 235    74.246 56980.13359069 27.48 235.550042  64.059821 19.024 -100.00 -100.00 -100.00
 235    74.326 56980.13359128 31.62 235.555555  64.060855 31.639 -100.00 -100.00 -100.00
 235    74.574 56980.13359187 33.34 235.561069  64.061889 26.613 -100.00 -100.00 -100.00
 235    74.775 56980.13359246 35.44 235.566584  64.062922 23.714 -100.00 -100.00 -100.00
 235    74.482 56980.13359305 37.71 235.572098  64.063955 25.067 -100.00 -100.00 -100.00
 236   173.599 56990.04922969  8.67 235.554341  64.060336  5.652 -100.00 -100.00 -100.00
 236   163.243 56990.04923028  9.20 235.559855  64.061370  6.235 -100.00 -100.00 -100.00
 236   162.933 56990.04923087  8.60 235.565369  64.062404  4.604 -100.00 -100.00 -100.00
 236   158.480 56990.04923146  9.23 235.570884  64.063437  6.279 -100.00 -100.00 -100.00
 237   165.827 56999.96486132  8.39 235.549612  64.058047  6.185 -100.00 -100.00 -100.00
 237   164.992 56999.96486191  8.63 235.555126  64.059081  5.918 -100.00 -100.00 -100.00
 237   173.214 56999.96486250  8.05 235.560639  64.060115  4.973 -100.00 -100.00 -100.00
 237   161.529 56999.96486309  8.07 235.566153  64.061149  5.464 -100.00 -100.00 -100.00
 237   172.123 56999.96486368  8.84 235.571668  64.062183  5.643 -100.00 -100.00 -100.00
 238    74.436 57009.88051566 16.13 235.551892  64.058123  9.097 -100.00 -100.00 -100.00
 238    74.288 57009.88051626 16.14 235.557406  64.059157  8.508 -100.00 -100.00 -100.00
 238    74.506 57009.88051685 16.59 235.562920  64.060191  9.443 -100.00 -100.00 -100.00
 238    74.292 57009.88051744 17.11 235.568434  64.061225  9.969 -100.00 -100.00 -100.00
 238    74.332 57009.88051803 16.86 235.573949  64.062258  8.512 -100.00 -100.00 -100.00
 239   162.822 57019.79616813  8.17 235.553732  64.058020  6.936 -100.00 -100.00 -100.00
 239   159.822 57019.79616872  9.29 235.559246  64.059054  8.538 -100.00 -100.00 -100.00
 239   161.169 57019.79616931  7.07 235.564760  64.060088  5.004 -100.00 -100.00 -100.00
 239   159.179 57019.79616990  7.66 235.570275  64.061122  6.341 -100.00 -100.00 -100.00
 240   116.010 57029.71181742 13.07 235.553860  64.058438 10.264 -100.00 -100.00 -100.00
 240   116.918 57029.71181801 13.92 235.559374  64.059472 13.392 -100.00 -100.00 -100.00
 240   123.300 57029.71181860  8.01 235.564889  64.060505  5.113 -100.00 -100.00 -100.00
 240   123.941 57029.71181919  9.48 235.570403  64.061539  6.803 -100.00 -100.00 -100.00
 241   134.092 57039.62746463  8.13 235.550565  64.058829  5.309 -100.00 -100.00 -100.00
 241   136.013 57039.62746522  7.56 235.556079  64.059863  4.290 -100.00 -100.00 -100.00
 241   138.297 57039.62746581  8.53 235.561593  64.060897  4.691 -100.00 -100.00 -100.00
 241   140.814 57039.62746640  9.22 235.567108  64.061930  5.073 -100.00 -100.00 -100.00
 241   143.354 57039.62746699  9.05 235.572623  64.062963  4.859 -100.00 -100.00 -100.00
 242   124.818 57049.54311018  7.93 235.552872  64.060228  5.902 -100.00 -100.00 -100.00
 242   120.028 57049.54311077  8.88 235.558386  64.061262  6.859 -100.00 -100.00 -100.00
 242   128.972 57049.54311136  8.31 235.563900  64.062295  6.862 -100.00 -100.00 -100.00
 242   130.767 57049.54311195  7.59 235.569415  64.063329  5.646 -100.00 -100.00 -100.00
 242   132.680 57049.54311254  7.85 235.574930  64.064362  5.988 -100.00 -100.00 -100.00
 243   164.623 57059.45875153  5.87 235.554155  64.060394  5.070 -100.00 -100.00 -100.00
 243   163.359 57059.45875212  5.90 235.559668  64.061428  5.180 -100.00 -100.00 -100.00
 243   163.892 57059.45875271  5.52 235.565183  64.062461  3.400 -100.00 -100.00 -100.00
 243   163.331 57059.45875330  5.48 235.570697  64.063495  3.849 -100.00 -100.00 -100.00
 244   178.427 57069.37438676  3.11 235.551790  64.059132  3.661 -100.00 -100.00 -100.00
 244   178.153 57069.37438735  3.62 235.557303  64.060166  5.075 -100.00 -100.00 -100.00
 244   176.694 57069.37438794  3.80 235.562817  64.061200  5.108 -100.00 -100.00 -100.00
 244   169.737 57069.37438853  4.22 235.568330  64.062234  5.097 -100.00 -100.00 -100.00
 244   162.609 57069.37438912  5.89 235.573845  64.063267  5.663 -100.00 -100.00 -100.00
 245   126.415 57079.29001825  5.05 235.554449  64.059006  4.198 -100.00 -100.00 -100.00
 245   127.857 57079.29001884  6.39 235.559962  64.060040  5.260 -100.00 -100.00 -100.00
 245   129.845 57079.29001943  5.68 235.565476  64.061074  4.052 -100.00 -100.00 -100.00
 245   131.688 57079.29002003  6.43 235.570990  64.062108  5.274 -100.00 -100.00 -100.00
 247   183.815 57099.12131349  1.12 235.550725  64.061199  3.798 -100.00 -100.00 -100.00
 247   185.192 57099.12131408  0.98 235.556238  64.062233  3.242 -100.00 -100.00 -100.00
 247   183.453 57099.12131467  0.63 235.561753  64.063267  3.054 -100.00 -100.00 -100.00
 247   182.082 57099.12131526  0.55 235.567267  64.064300  3.171 -100.00 -100.00 -100.00
 247   179.861 57099.12131585  0.73 235.572782  64.065333  4.361 -100.00 -100.00 -100.00
 250   131.834 57128.86826267  0.49 235.551579  64.061206  2.612 -100.00 -100.00 -100.00
 250   133.823 57128.86826326  0.65 235.557093  64.062240  2.910 -100.00 -100.00 -100.00
 250   135.875 57128.86826385  0.35 235.562608  64.063274  2.196 -100.00 -100.00 -100.00
 250   138.136 57128.86826444  0.75 235.568123  64.064307  2.595 -100.00 -100.00 -100.00
 250   140.334 57128.86826503  0.79 235.573638  64.065340  2.424 -100.00 -100.00 -100.00
