# NaN NaN NaN ;Mean Elev.(m), Avg Gradient(m/km), RMS Gradient(m/km) - SRTM1     
#   20.158 -11.522  16.960 ;Mean Elev.(m), Avg Gradient(m/km), RMS Gradient(m/km) - ASTER GDEM
#   42.491 -11.698  16.806 ;Mean Elev.(m), Avg Gradient(m/km), RMS Gradient(m/km) - GMTED2010 
   1 232.763237  65.323491   153.696   152.505 16 54667.83773883  3.584
   2 232.759786  65.324155   153.501   152.836 15 54677.75338293  3.131
   3 232.756712  65.325503    -4.145    -2.258 15 54687.66902580 10.826
   4 232.755077  65.326138   156.331   156.793 15 54697.58466689  3.171
   5 232.757254  65.325275     1.016     1.152 15 54707.50030866  6.783
   6 232.756161  65.323095   158.098   158.818 14 54717.41596030  3.259
   7 232.769662  65.322534     8.846    10.678 17 54727.33161084 15.990
   8 232.774070  65.322790   151.858   151.501 18 54737.24725899  4.053
   9 232.767310  65.323586   152.625   151.867 16 54747.16290579  5.592
  10 232.757585  65.324104   152.797   152.195 15 54757.07855191 11.327
  11 232.759050  65.324231   151.677   151.582 14 54766.99419712  9.461
  12 232.769664  65.323477   149.986   150.170 17 54776.90983989  8.117
  13 232.777541  65.322417   148.935   149.130 19 54786.82547997  8.565
  14 232.780497  65.322470   148.416   148.503 19 54796.74111849  8.448
  17 232.759393  65.324259   152.097   151.904 14 54826.48804010  6.249
  18 232.761665  65.324376   151.122   150.722 15 54836.40367952  6.325
  19 232.760897  65.324669   151.982   151.502 15 54846.31932900  4.263
  20 232.754664  65.324832   160.721   160.449 15 54856.23497734  3.628
  21 232.754031  65.326085   160.272   159.719 14 54866.15062625  2.977
  22 232.751226  65.326037   164.096   165.823 15 54876.06627441  2.052
  23 232.756153  65.325512   164.585   165.054 15 54885.98192034  2.330
  24 232.758494  65.323668   165.490   165.544 15 54895.89756253  2.158
  25 232.768045  65.323066   162.567   162.917 17 54905.81320275  1.916
  26 232.769372  65.322915   159.969   159.781 17 54915.72884107  1.584
  27 232.768472  65.323572   163.677   165.039 17 54925.64447895  1.509
  28 232.764942  65.323777   167.020   167.754 15 54935.56011587  1.377
  29 232.766041  65.323412   167.356   167.495 16 54945.47575125  0.952
  30 232.777192  65.322863   148.224   148.686 18 54955.39138502  9.655
  31 232.780930  65.322210   148.821   149.089 18 54965.30703262  9.524
  32 232.780488  65.322505   153.105   153.275 19 54975.22268058  5.055
  33 232.758882  65.321760   159.244   161.556 13 54985.13832633  2.586
  34 232.760354  65.323543    81.174    79.743 15 54995.05397430 13.963
  35 232.759043  65.324273   153.812   152.782 15 55004.96962051  4.958
  36 232.759280  65.324490   153.415   152.549 15 55014.88526466  6.393
  37 232.760381  65.324696   151.263   151.465 15 55024.80090747  4.765
  38 232.756220  65.325009   152.998   152.683 14 55034.71654926  5.767
  39 232.755346  65.325378   153.149   152.825 15 55044.63219059  3.980
  40 232.755059  65.324658   153.978   153.428 15 55054.54783021  3.559
  41 232.762393  65.323509   152.254   152.352 16 55064.46346824  4.413
  42 232.768645  65.322809   152.664   152.730 17 55074.37911552  2.859
  43 232.774850  65.323073   150.124   150.180 18 55084.29476406  3.465
  44 232.769035  65.323118   151.226   151.369 17 55094.21040994  3.564
  45 232.764688  65.323359   155.004   155.320 16 55104.12605586  3.058
  46 232.764121  65.323584   151.160   151.235 16 55114.04170190  7.550
  47 232.768737  65.323446   151.018   150.395 17 55123.95734595  6.499
  48 232.771677  65.322856   146.609   148.938 16 55133.87298698 12.364
  49 232.778489  65.322996   145.909   147.086 18 55143.78862625 13.184
  50 232.775643  65.323182   148.846   148.992 18 55153.70426401  9.768
  51 232.769728  65.323461   150.029   150.041 17 55163.61990183  7.779
  52 232.764746  65.323833   151.246   150.716 15 55173.53553946  6.691
  53 232.760138  65.323521   153.273   153.063 15 55183.45117685  5.496
  54 232.759206  65.324033   154.519   153.739 15 55193.36682799  4.880
  55 232.757626  65.324849   154.384   153.114 14 55203.28247784  4.378
  56 232.754495  65.325595   156.379   154.807 14 55213.19812691  3.355
  57 232.751995  65.325565   158.243   155.527 15 55223.11377556  2.411
  58 232.756345  65.324874   156.326   155.349 14 55233.02942334  2.551
  59 232.764126  65.323645   155.204   154.728 15 55242.94506820  1.990
  60 232.770804  65.322915   156.499   156.864 16 55252.86070971  2.130
  61 232.775325  65.323419   156.453   156.157 18 55262.77634890  1.700
  62 232.767710  65.323707   158.422   157.662 17 55272.69198600  1.251
  63 232.764778  65.323811   160.759   161.626 16 55282.60762326  1.250
  64 232.769444  65.323388   162.054   163.835 13 55292.52325995  0.393
  65 232.779106  65.322791    37.916    38.268 18 55302.43889617 29.182
  66 232.780577  65.322254   146.524   146.683 19 55312.35454395 11.449
  67 232.776442  65.322458   157.010   155.796 18 55322.27018898  4.243
  68 232.767597  65.323002   151.930   152.323 17 55332.18583241  7.416
  69 232.761848  65.323737   152.486   152.478 16 55342.10147612  5.215
  70 232.760547  65.323866   152.553   152.572 15 55352.01711997  3.198
  71 232.760402  65.323663   152.625   152.604 15 55361.93276172  3.174
  72 232.761559  65.323980   152.045   152.076 15 55371.84840157  2.732
  74 232.754851  65.324965   153.154   153.038 15 55391.67967685  3.835
  75 232.756007  65.324752   153.564   153.025 15 55401.59531312  2.796
  76 232.763259  65.323944    38.193    38.218 15 55411.51096367 52.085
  77 232.746608  65.319839   159.085   159.922  9 55421.42661161  2.382
  78 232.771689  65.321425   153.145   152.786 16 55431.34226081  1.822
  79 232.760892  65.321273   157.644   158.915 13 55441.25790446  2.055
  80 232.767241  65.323751   151.070   151.156 17 55451.17354832  3.564
  81 232.759311  65.323717   153.068   152.833 15 55461.08919009  4.294
  82 232.761077  65.322734   153.256   153.381 15 55471.00483141  3.500
  83 232.776049  65.322459   149.907   149.989 18 55480.92047101  4.184
  84 232.784167  65.322136   148.808   148.582 20 55490.83610752  7.540
  85 232.782328  65.322594   149.714   148.549 20 55500.75174111  6.264
  86 232.769608  65.323281   150.481   150.489 16 55510.66738264  5.794
  87 232.760274  65.324050   151.496   151.563 14 55520.58303154  5.082
  88 232.756706  65.324167   154.748   153.640 15 55530.49867987  4.039
  89 232.759446  65.324020   156.046   155.081 14 55540.41432709  2.471
  90 232.763056  65.324264   155.081   155.117 15 55550.32997226  2.438
  91 232.757318  65.324557   154.485   154.229 15 55560.24561500  2.719
  92 232.756887  65.325783   158.021   157.908 15 55570.16125746  1.650
  93 232.754261  65.325459   158.771   158.081 15 55580.07689863  2.270
  94 232.762009  65.324150   158.158   158.181 15 55589.99253793  2.102
  95 232.775473  65.322479   156.780   156.592 18 55599.90817460  2.153
  96 232.785347  65.321730   155.998   155.356 19 55609.82380866  2.379
  97 232.783087  65.322161   159.103   159.216 19 55619.73944022  3.483
  98 232.769934  65.323427   163.077   163.882 17 55629.65508920  3.647
  99 232.759674  65.323664   166.492   166.126 15 55639.57073921  3.527
 100 232.768510  65.323576   164.855   166.020 17 55649.48638858  3.059
 101 232.775653  65.322055   162.063   162.795 18 55659.40203444  2.806
 102 232.785074  65.322059   161.530   161.563 20 55669.31767692  3.195
 103 232.774960  65.322223   166.592   167.735 18 55679.23331548  2.788
 104 232.767006  65.323715   169.510   169.955 16 55689.14895239  1.286
 105 232.756899  65.324107   153.151   152.849 15 55699.06458761  7.326
 106 232.761637  65.324390   154.441   154.054 15 55708.98022563  6.250
 107 232.761804  65.323722   153.325   152.745 16 55718.89587629  5.032
 108 232.761624  65.323652   154.113   153.794 16 55728.81152448  4.179
 109 232.760738  65.324366   151.900   151.968 15 55738.72717119  2.595
 110 232.740908  65.323178   161.623   161.621  6 55748.64281481  0.823
 111 232.756854  65.324821   152.864   152.609 15 55758.55845954  3.370
 112 232.759811  65.323443   154.146   153.713 15 55768.47410015  2.870
 113 232.743740  65.319091   161.926   160.402  8 55778.38973570  2.658
 115 232.755575  65.319239   156.796   156.903 11 55798.22100495  2.577
 116 232.759430  65.321622   159.492   159.344 13 55808.13664995  1.406
 117 232.740669  65.321095   160.515   158.911  7 55818.05229723  1.664
 118 232.768404  65.323440   151.026   150.975 16 55827.96794499  3.099
 119 232.781986  65.323029   148.830   148.421 19 55837.88358695  3.207
 120 232.784934  65.321932   147.625   148.551 19 55847.79922479  4.091
 121 232.780721  65.322365   147.941   148.735 18 55857.71485980 10.269
 122 232.767090  65.323456   150.964   150.743 16 55867.63050428  8.568
 123 232.756013  65.324538   153.898   152.423 15 55877.54615526  6.495
 133 232.809916  65.326398   158.066   146.605  7 55976.70259049  0.458
 134 232.770276  65.323316   162.906   163.819 16 55986.61822293  0.800
 135 232.766989  65.323420   165.048   165.597 16 55996.53385989  0.883
 136 232.770649  65.323317   164.475   165.458 16 56006.44951177  1.110
 137 232.781580  65.323241   158.934   158.152 19 56016.36516023  1.091
 139 232.768183  65.322883   169.107   169.868 17 56036.19644643  0.549
 141 232.757722  65.324671   160.241   160.273 14 56056.02772456  5.501
 142 232.757550  65.324457   151.949   151.762 15 56065.94335849 11.147
 143 232.759691  65.324246   153.255   152.829 15 56075.85900523  7.585
 144 232.757599  65.324075   153.733   153.594 15 56085.77465427  5.122
 145 232.747891  65.323085   160.824   160.429 11 56095.69030016  2.741
 146 232.750701  65.323272   156.258   155.569 13 56105.60594512  2.451
 147 232.756327  65.322942   158.868   159.418 13 56115.52157583  2.414
 148 232.768962  65.323102   151.182   151.312 17 56125.43721503  2.165
 149 232.766179  65.321397   154.116   153.295 15 56135.35284876  3.000
 150 232.775797  65.322258   150.305   150.402 18 56145.26849148  2.611
 151 232.743680  65.319504   161.671   161.681  8 56155.18413833  2.201
 152 232.768257  65.323319   151.485   151.269 17 56165.09978969  3.069
 153 232.767828  65.323689   151.083   150.937 16 56175.01543640  3.648
 154 232.767838  65.323211   151.132   151.365 16 56184.93107798  6.387
 155 232.776433  65.323208   150.415   150.403 18 56194.84671657  6.955
 156 232.774292  65.322816   152.581   152.294 18 56204.76235124  4.209
 157 232.771726  65.323453   147.721   149.520 17 56214.67798440  8.080
 158 232.761017  65.323760   152.395   151.887 15 56224.59362000  8.901
 159 232.758493  65.324675   151.797   151.269 15 56234.50927555 10.754
 160 232.757402  65.324675   151.415   151.484 15 56244.42492725 10.568
 161 232.756213  65.324187   152.228   151.962 15 56254.34057399 10.321
 162 232.756360  65.324233   151.792   151.667 15 56264.25621670  8.890
 165 232.765584  65.323809   150.917   150.759 16 56294.00315402  6.283
 166 232.771270  65.322884   149.741   150.116 16 56303.91880142  6.145
 167 232.777257  65.323020   149.307   149.180 18 56313.83444493  4.343
 168 232.772731  65.323326   151.634   150.736 17 56323.75008538  3.548
 169 232.766351  65.323756   153.932   151.747 16 56333.66572500  3.685
 170 232.766425  65.323790   152.649   151.316 16 56343.58136458  3.828
 171 232.768050  65.322969   152.750   151.777 17 56353.49700195  3.462
 172 232.773057  65.322577   157.323   157.404 18 56363.41264518  2.993
 173 232.775775  65.323210   157.293   158.217 18 56373.32829447  2.709
 175 232.758219  65.324547   164.235   165.247 14 56393.15958336  1.869
 176 232.756671  65.325082   163.358   164.703 14 56403.07522571  2.112
 177 232.756551  65.324833   169.720   170.321 15 56412.99086529  0.632
 178 232.758114  65.323962   173.795   173.507 15 56422.90650001  0.968
 179 232.757742  65.323764   156.138   153.820 15 56432.82214266  7.675
 180 232.757162  65.324449   154.962   154.142 15 56442.73779510  6.362
 181 232.758366  65.325305   154.105   152.701 15 56452.65344514  4.802
 182 232.756750  65.324431   160.764   160.832 14 56462.56909227  3.897
 183 232.746131  65.321487   163.600   162.962  9 56472.48473516  1.505
 184 232.775631  65.322888   150.018   150.133 18 56482.40037850  4.577
 185 232.757165  65.320422   166.911   167.621 11 56492.31601366  2.804
 187 232.766155  65.323427   151.343   151.428 16 56512.14728216  3.995
 188 232.766971  65.323836   151.910   150.960 17 56522.06292924  3.316
 189 232.767785  65.323224   153.372   151.982 17 56531.97858199  4.216
 191 232.773652  65.323134   150.316   150.369 18 56551.80987641  4.541
 192 232.759697  65.323430   155.247   155.343 15 56561.72551787  3.386
 193 232.751471  65.324581   156.570   155.290 14 56571.64115874  4.009
 194 232.754838  65.325834   152.588   152.427 14 56581.55679896  4.721
 195 232.759062  65.325074   147.905   149.986 15 56591.47243491 10.930
 196 232.759110  65.323781   151.861   151.926 15 56601.38808376 11.348
 197 232.764979  65.324101   150.537   150.344 16 56611.30373415  9.846
 198 232.760042  65.324570   151.393   151.226 15 56621.21937901  7.818
 199 232.756668  65.325091   152.248   151.713 15 56631.13502102  6.769
 200 232.756680  65.324330   153.488   152.711 15 56641.05065940  4.261
 201 232.767028  65.323290   151.476   151.432 16 56650.96630797  4.826
 202 232.781798  65.322990   148.709   148.375 19 56660.88195968  4.023
 203 232.781577  65.322855   149.147   148.800 19 56670.79760671  3.419
 205 232.758043  65.324177   163.576   164.171 15 56690.62889276  5.503
 206 232.758408  65.324232   166.739   165.693 15 56700.54453252  4.801
 207 232.769554  65.323501   160.309   161.087 16 56710.46016847  4.147
 208 232.772222  65.322527   162.379   163.075 16 56720.37581114  3.947
 209 232.768382  65.322804    80.982    78.915 17 56730.29146281 10.808
 211 232.752186  65.325774   168.052   167.750 15 56750.12275375  3.328
 212 232.750451  65.325993   169.250   169.062 15 56760.03839280  2.655
 214 232.760083  65.324054   152.916   152.904 15 56779.86967762  5.774
 215 232.759231  65.323684   153.772   152.705 15 56789.78533285  8.656
 216 232.756412  65.324313   152.956   153.049 15 56799.70098465  6.554
 217 232.753554  65.325121   153.042   152.963 15 56809.61663001  5.863
 219 232.755301  65.322847   159.126   156.060 13 56829.44790685  2.785
 220 232.776668  65.322555    95.811    95.903 18 56839.36354209 27.947
 221 232.738603  65.317409   169.985   165.312  5 56849.27917112  1.940
 222 232.770448  65.322944   150.860   151.372 16 56859.19482888  3.089
 223 232.759488  65.324214   157.103   157.761 14 56869.11048157  4.866
 224 232.758193  65.324961   152.769   152.191 15 56879.02613284  4.152
 225 232.760550  65.324274   153.915   153.899 15 56888.94178094  5.265
 226 232.766693  65.323525   152.262   151.752 16 56898.85742664  5.398
 227 232.767085  65.323843   151.443   151.210 17 56908.77306948  4.278
 228 232.758696  65.324833   153.206   153.119 15 56918.68870966  3.773
 229 232.753373  65.326242   153.221   153.358 14 56928.60434808  3.822
 230 232.754666  65.326635   150.102   150.104 15 56938.51998274  8.337
 231 232.754697  65.324984   153.303   152.512 15 56948.43561659 10.040
 232 232.760147  65.324016   151.575   151.733 14 56958.35127013  9.405
 233 232.764891  65.323845   151.066   151.153 16 56968.26691841  6.024
 234 232.760926  65.323937   152.750   151.676 15 56978.18256199  5.314
 235 232.760482  65.324624   151.723   151.415 15 56988.09820146  5.906
 236 232.759228  65.323871   151.865   151.862 15 56998.01383466  6.428
 237 232.768078  65.323511   150.084   150.138 17 57007.92948408  6.215
 238 232.776280  65.323010   148.693   148.835 18 57017.84513813  6.608
 239 232.774842  65.322668   149.645   149.789 18 57027.76078794  5.418
 240 232.768171  65.323429   150.391   150.264 17 57037.67643558  5.505
 241 232.761427  65.324295   151.598   151.283 15 57047.59208067  4.499
 242 232.756847  65.324317   154.637   154.414 15 57057.50772216  3.635
 243 232.763446  65.324003   155.254   156.788 15 57067.42335914  2.378
 244 232.768313  65.323561   157.988   157.525 17 57077.33899165  2.595
 245 232.769042  65.323525   159.261   159.299 16 57087.25462339  2.239
 246 232.756935  65.324316   162.714   161.306 15 57097.17028111  2.216
 247 232.753268  65.325829   167.436   166.934 15 57107.08593675  1.430
 248 232.754921  65.326442   168.670   168.500 15 57117.00158796  2.566
 249 232.755715  65.325412   170.184   170.513 14 57126.91723276  1.709
 250 232.748093  65.323032   158.344   158.929  5 57136.83287130  0.518
